2.607303090475777907e+00,2.607409665546916777e+00,2.607541124562303914e+00,2.607697294784658393e+00,2.607877346050251788e+00,2.608080384982878197e+00,2.608305837120500126e+00,2.608553614866477854e+00,2.608824159731799597e+00,2.609118436639407346e+00,2.609437924549284027e+00,2.609784623713434559e+00,2.610161088226837567e+00,2.610570488684059054e+00,2.611016709982420636e+00,2.611504491797788763e+00,2.612039623476623884e+00,2.612629211354491776e+00,2.613282045841515799e+00,2.614009109903428385e+00,2.614824293140657119e+00,2.615745412452454399e+00,2.616795702147890701e+00,2.618006044065137594e+00,2.619418403006923413e+00,2.621091300587614192e+00,2.623108891062623460e+00,2.625596742259578065e+00,2.628750908869066372e+00,2.632895488817379892e+00,2.638607564755744317e+00,2.647023875072500587e+00,2.660736260469091619e+00,2.687215187903180702e+00,2.760488652953315913e+00,2.808481057789045554e+00,2.821406620118573905e+00,2.828492569552953029e+00,2.832978334967018341e+00,2.836081663077845150e+00,2.838362788705473871e+00,2.840115344410557352e+00,2.841508016966799666e+00,2.842644558270315702e+00,2.843592240779089231e+00,2.844396557051702246e+00,2.845089344090307559e+00,2.845693526557293129e+00,2.846226014656060954e+00,2.846699543675934141e+00
2.607282222318555664e+00,2.607390915275237919e+00,2.607526999547731705e+00,2.607689715896108762e+00,2.607877565272603615e+00,2.608089158695004794e+00,2.608323653339287951e+00,2.608580873021883129e+00,2.608861288298324865e+00,2.609165965789272068e+00,2.609496533554394038e+00,2.609855177540632010e+00,2.610244672791507181e+00,2.610668451216684893e+00,2.611130709703006758e+00,2.611636566159495132e+00,2.612192276425180815e+00,2.612805532433759570e+00,2.613485872964941947e+00,2.614245255061645512e+00,2.615098860818666715e+00,2.616066258015838031e+00,2.617173107444565883e+00,2.618453740751924830e+00,2.619955172635776819e+00,2.621743571526735206e+00,2.623915143769135483e+00,2.626615390883063395e+00,2.630075356140163301e+00,2.634685356000610934e+00,2.641160833302362398e+00,2.650969918136105274e+00,2.667676379871466885e+00,2.702752872751437163e+00,2.792718310270134285e+00,2.814594476798589540e+00,2.824761586158405446e+00,2.830650591652676962e+00,2.834503148017231577e+00,2.837228038941977726e+00,2.839263521500518639e+00,2.840846865832223234e+00,2.842117652346213053e+00,2.843163298832414476e+00,2.844041298315308719e+00,2.844790976126083226e+00,2.845440110471187278e+00,2.846008857768002720e+00,2.846512182181840434e+00,2.846961415097930992e+00
2.607260491925571522e+00,2.607371662826778458e+00,2.607513269744378803e+00,2.607683602238381138e+00,2.607880221188112024e+00,2.608101145945894483e+00,2.608345278146070978e+00,2.608612403887164977e+00,2.608903076171430246e+00,2.609218508213527521e+00,2.609560513035408480e+00,2.609931491790602465e+00,2.610334466786836227e+00,2.610773157289248747e+00,2.611252100663003173e+00,2.611776826800597640e+00,2.612354100346696129e+00,2.612992254025703343e+00,2.613701649149838602e+00,2.614495319024619402e+00,2.615389882438254876e+00,2.616406866647865037e+00,2.617574668991380804e+00,2.618931546183343784e+00,2.620530317538914744e+00,2.622446047630814459e+00,2.624789167876984131e+00,2.627729127141340992e+00,2.631539945608670994e+00,2.636695651231460324e+00,2.644093542069868352e+00,2.655662402683419465e+00,2.676442280422605347e+00,2.725096356465541270e+00,2.803321964280538481e+00,2.819410494874718065e+00,2.827573606586823107e+00,2.832524269451988541e+00,2.835857401681127765e+00,2.838262381600593631e+00,2.840085737798708543e+00,2.841520636348390472e+00,2.842683202125904085e+00,2.843647387124961234e+00,2.844462473988271789e+00,2.845162532032933456e+00,2.845771836345459160e+00,2.846308128019873873e+00,2.846784657175446043e+00,2.847211508374033251e+00
2.607237882228958359e+00,2.607352071100311974e+00,2.607500444922987715e+00,2.607679729015574210e+00,2.607886197892282709e+00,2.608117227749959799e+00,2.608371536815798919e+00,2.608648962601590071e+00,2.608950212731138585e+00,2.609276699442849345e+00,2.609630458861964541e+00,2.610014137135970191e+00,2.610431030007283937e+00,2.610885170323983040e+00,2.611381465342040187e+00,2.611925892658129911e+00,2.612525771417992804e+00,2.613190135664529734e+00,2.613930251555765416e+00,2.614760343224532324e+00,2.615698629330702296e+00,2.616768834871295191e+00,2.618002451433266931e+00,2.619442215191648327e+00,2.621147641760794844e+00,2.623204190197090835e+00,2.625739170513758047e+00,2.628950990132751464e+00,2.633166903829474492e+00,2.638967954486203027e+00,2.647494237049786481e+00,2.661330264691930569e+00,2.687852662080616462e+00,2.759932415686497720e+00,2.811044239263032374e+00,2.823296277189399905e+00,2.829960790628721856e+00,2.834163721430420502e+00,2.837066301783595090e+00,2.839198909723400277e+00,2.840838149839516547e+00,2.842142338093178289e+00,2.843208557966215189e+00,2.844099596060662982e+00,2.844857809653456915e+00,2.845512771099355298e+00,2.846085721777753541e+00,2.846592289095422501e+00,2.847044209366905054e+00,2.847450457059148565e+00
2.607214376702864822e+00,2.607332436102382189e+00,2.607489338572076765e+00,2.607679202638775173e+00,2.607896644984019741e+00,2.608138470553115429e+00,2.608403377231974130e+00,2.608691384742328534e+00,2.609003441462044659e+00,2.609341213403868487e+00,2.609706996421280678e+00,2.610103709300122699e+00,2.610534945811490370e+00,2.611005078026539028e+00,2.611519413099232079e+00,2.612084414027699530e+00,2.612708003847026283e+00,2.613399984436775458e+00,2.614172618388038938e+00,2.615041449443814336e+00,2.616026481305407270e+00,2.617153909677870871e+00,2.618458734445184177e+00,2.619988820438305499e+00,2.621811437821313540e+00,2.624024246828839058e+00,2.626774697792389812e+00,2.630296465225868019e+00,2.634983351414434516e+00,2.641554907428705690e+00,2.651481183150690590e+00,2.668306430897111614e+00,2.703301009369949881e+00,2.796008231015944201e+00,2.816909220618268872e+00,2.826492165140240598e+00,2.832009175572570037e+00,2.835607856298317575e+00,2.838150262065526785e+00,2.840049491447282470e+00,2.841528195907089049e+00,2.842716908481855764e+00,2.843697149673235725e+00,2.844522398283406694e+00,2.845229144362580342e+00,2.845843098372027757e+00,2.846382865916770921e+00,2.846862219234059577e+00,2.847291554038157368e+00,2.847678853902369855e+00
2.607189959777928223e+00,2.607313330460874212e+00,2.607481285399305460e+00,2.607683594485112000e+00,2.607913024862628770e+00,2.608166129099273700e+00,2.608441856713899831e+00,2.608740569956352839e+00,2.609063545032432874e+00,2.609412750158048411e+00,2.609790770999708798e+00,2.610200821719122821e+00,2.610646815679899202e+00,2.611133488536801828e+00,2.611666577724818694e+00,2.612253071442015795e+00,2.612901550135231510e+00,2.613622656845754122e+00,2.614429752807195140e+00,2.615339846558019321e+00,2.616374937586749994e+00,2.617564006023881173e+00,2.618946041007749859e+00,2.620574799312076486e+00,2.622526567573744138e+00,2.624913398219246297e+00,2.627906919593542501e+00,2.631784086155700031e+00,2.637022728697784757e+00,2.644524153878704542e+00,2.656215973403210473e+00,2.677094423390264488e+00,2.725367374955917743e+00,2.806264578397482445e+00,2.821506756965953322e+00,2.829162088933879993e+00,2.833782924797367819e+00,2.836887343269269834e+00,2.839125992569586199e+00,2.840824111486722980e+00,2.842162265330208548e+00,2.843248658548371388e+00,2.844152011896768251e+00,2.844918005928170679e+00,2.845578139198695400e+00,2.846154793765117486e+00,2.846664277875289972e+00,2.847118730705084033e+00,2.847527357456476338e+00,2.847897254857533866e+00
2.607164618019760738e+00,2.607295968214629500e+00,2.607478514754694832e+00,2.607695082292361022e+00,2.607937124992406375e+00,2.608201618182020454e+00,2.608488108698445718e+00,2.608797453682643930e+00,2.609131323479701337e+00,2.609492019619525482e+00,2.609882435771073705e+00,2.610306096745707904e+00,2.610767252868905430e+00,2.611271026022675024e+00,2.611823614671047178e+00,2.612432574413780628e+00,2.613107201379493372e+00,2.613859060918069410e+00,2.614702727354998757e+00,2.615656838210133728e+00,2.616745629356690195e+00,2.618001227089895799e+00,2.619467170540462853e+00,2.621204009674523938e+00,2.623298559989034384e+00,2.625879939444562883e+00,2.629148990671529962e+00,2.633436224661406477e+00,2.639326751246494407e+00,2.647964094827703008e+00,2.661925371979883881e+00,2.688493678574238821e+00,2.759422890886263247e+00,2.813674320572615795e+00,2.825200572330003990e+00,2.831421705291168323e+00,2.835330867734819016e+00,2.838026685656677373e+00,2.840007304368834529e+00,2.841531231116041223e+00,2.842745877385281617e+00,2.843741369357031257e+00,2.844575839537331952e+00,2.845288404179927788e+00,2.845906298520971767e+00,2.846449026037406238e+00,2.846930886250911730e+00,2.847362576505952703e+00,2.847752241733410017e+00,2.848106182711091172e+00
2.607138345022649073e+00,2.607283241235495375e+00,2.607484691798078735e+00,2.607716509399551796e+00,2.607970989398381789e+00,2.608246437804170981e+00,2.608543285467477268e+00,2.608862966782751425e+00,2.609207566194478467e+00,2.609579721996884594e+00,2.609982637993860877e+00,2.610420155842432255e+00,2.610896875485221091e+00,2.611418325951977426e+00,2.611991198137560755e+00,2.612623660181035312e+00,2.613325787733591365e+00,2.614110158672514839e+00,2.614992689040800400e+00,2.615993831618282695e+00,2.617140334223923226e+00,2.618467887860735921e+00,2.620025237924308747e+00,2.621880796492134014e+00,2.624133730180293167e+00,2.626933505653860745e+00,2.630516513110079391e+00,2.635280139613092043e+00,2.641948140217384999e+00,2.651992514046121130e+00,2.668937854977106561e+00,2.703854366450360036e+00,2.799451895739274665e+00,2.819266876508592645e+00,2.828227161278334734e+00,2.833354955213421622e+00,2.836690826239909313e+00,2.839045698448237509e+00,2.840805713270043498e+00,2.842178068605364594e+00,2.843283824730820086e+00,2.844198371061988251e+00,2.844971034010146393e+00,2.845635379714548385e+00,2.846214988198597862e+00,2.846726864924957301e+00,2.847183547480072630e+00,2.847594456304535893e+00,2.847966789185671921e+00,2.848306130378649659e+00
2.607111183777222507e+00,2.607282641455145544e+00,2.607505273911142840e+00,2.607751175396341381e+00,2.608016722158307932e+00,2.608302045194920371e+00,2.608608479006701675e+00,2.608937985961076844e+00,2.609293019910869482e+00,2.609676526457790136e+00,2.610092004405153432e+00,2.610543609416288380e+00,2.611036299418458828e+00,2.611576030344655575e+00,2.612170018228680224e+00,2.612827092621920588e+00,2.613558179171779017e+00,2.614376969093586300e+00,2.615300865258441299e+00,2.616352347757832764e+00,2.617560993006782244e+00,2.618966542706450351e+00,2.620623719698372600e+00,2.622610071945499666e+00,2.625039325282534808e+00,2.628085355417383973e+00,2.632028134994955249e+00,2.637349390954659256e+00,2.644954511207443293e+00,2.656769896453485380e+00,2.677747844986106962e+00,2.725650319830741797e+00,2.809308719631695261e+00,2.823628392812898458e+00,2.830746958384081413e+00,2.835024244856683584e+00,2.837892554783088883e+00,2.839960580567463477e+00,2.841530898710804998e+00,2.842770819861955456e+00,2.843780289287771712e+00,2.844622608126494701e+00,2.845339742056713472e+00,2.845960544891580124e+00,2.846505451307218326e+00,2.846989291700024793e+00,2.847423053187426500e+00,2.847815021726937790e+00,2.848171546264631981e+00,2.848497563915851405e+00
2.607110529336968074e+00,2.607309718072834848e+00,2.607546493511112118e+00,2.607802179852110935e+00,2.608076161433837470e+00,2.608369688943672493e+00,2.608684630923079339e+00,2.609023281418274109e+00,2.609388356397464914e+00,2.609783050168024143e+00,2.610211127102064488e+00,2.610677047096458203e+00,2.611186131648581377e+00,2.611744783352420995e+00,2.612360778428265196e+00,2.613043661526541328e+00,2.613805286715467524e+00,2.614660571772220443e+00,2.615628570731922675e+00,2.616734033203778065e+00,2.618009729297462229e+00,2.619500017800809211e+00,2.621266509038940651e+00,2.623397412330283007e+00,2.626023704562467920e+00,2.629348729723716804e+00,2.633706334589925646e+00,2.639685775664733391e+00,2.648434038875402852e+00,2.662520715194420795e+00,2.689135667287105402e+00,2.758955105728526203e+00,2.816370680602038767e+00,2.827117172000401357e+00,2.832872652171063432e+00,2.836476941931944218e+00,2.838959786336812563e+00,2.840784705841630231e+00,2.842191056790638992e+00,2.843314833613643788e+00,2.844238936521576555e+00,2.845016693421459131e+00,2.845683888443655718e+00,2.846265358401371071e+00,2.846778821676422044e+00,2.847237208381673934e+00,2.847650136667668530e+00,2.848024881078290882e+00,2.848367027112909788e+00,2.848680925284701182e+00
2.607186982074259696e+00,2.607375538516077729e+00,2.607612303728251035e+00,2.607871475691198260e+00,2.608150518761154224e+00,2.608450247649570564e+00,2.608772450488584305e+00,2.609119470800863816e+00,2.609494144443245123e+00,2.609899840183642628e+00,2.610340551327233083e+00,2.610821029308465491e+00,2.611346964468571841e+00,2.611925227526092907e+00,2.612564193647740396e+00,2.613274182423513281e+00,2.614068064296552141e+00,2.614962111394792288e+00,2.615977215717908422e+00,2.617140673971715792e+00,2.618488872373333720e+00,2.620071449409905995e+00,2.621957981547711647e+00,2.624249176024581409e+00,2.627096563538589891e+00,2.630739311329375330e+00,2.635578460797171285e+00,2.642342025442990128e+00,2.652503921496998540e+00,2.669568866521102368e+00,2.704409153080594930e+00,2.802019913856885314e+00,2.820929942677603997e+00,2.829408270373864998e+00,2.834243539293005654e+00,2.837385214821017687e+00,2.839603235079652510e+00,2.841262810562494856e+00,2.842559382996665551e+00,2.843606909151449091e+00,2.844476227298019744e+00,2.845213600663674125e+00,2.845850442171679262e+00,2.846408757064400330e+00,2.846904355985192758e+00,2.847348838982783015e+00,2.847750868717733308e+00,2.848117015317174872e+00,2.848452333520749669e+00,2.848760766889622875e+00
2.607306132027426671e+00,2.607475100760729969e+00,2.607702125991056441e+00,2.607959239549153985e+00,2.608240150107443256e+00,2.608544128104484994e+00,2.608872361922740968e+00,2.609226988609996578e+00,2.609610830543999782e+00,2.610027360504653782e+00,2.610480766459523316e+00,2.610976080926433074e+00,2.611519371120163413e+00,2.612118001107195386e+00,2.612780989091494366e+00,2.613519497156640004e+00,2.614347511437163707e+00,2.615282803277879875e+00,2.616348315725725904e+00,2.617574211757739633e+00,2.619000984142324295e+00,2.620684329332370943e+00,2.622703074420040359e+00,2.625172648081864235e+00,2.628269215217691634e+00,2.632275818834727499e+00,2.637678133332929331e+00,2.645385640471666022e+00,2.657323405325616950e+00,2.678399589718292173e+00,2.725940086378788596e+00,2.809761848996197298e+00,2.823824469136666071e+00,2.830826693265317218e+00,2.835038834707463540e+00,2.837866512665334184e+00,2.839907763318476164e+00,2.841460100666841626e+00,2.842688129860041713e+00,2.843690215426143642e+00,2.844528661914043077e+00,2.845244759348687147e+00,2.845866868367686209e+00,2.846415036083422390e+00,2.846903767012982645e+00,2.847343759028976962e+00,2.847743031863095631e+00,2.848107684804130457e+00,2.848442419925035107e+00,2.848750912131765567e+00
2.607440384144470880e+00,2.607596650858982290e+00,2.607811880809077554e+00,2.608064028055092631e+00,2.608344576193777797e+00,2.608651259957240232e+00,2.608984494854977410e+00,2.609346077155180854e+00,2.609738731276251222e+00,2.610165985902626939e+00,2.610632201151648069e+00,2.611142687591704092e+00,2.611703903233584256e+00,2.612323736620884240e+00,2.613011900152170774e+00,2.613780475393402636e+00,2.614644676925983902e+00,2.615623940161631911e+00,2.616743503052236797e+00,2.618036763052359550e+00,2.619548890960662124e+00,2.621342559091344615e+00,2.623507382278893463e+00,2.626176218744580293e+00,2.629554946209018862e+00,2.633980784008772336e+00,2.640047156680028984e+00,2.648904459753478768e+00,2.663114517561344652e+00,2.689774254377808482e+00,2.758522465917950584e+00,2.815154057428011836e+00,2.826105603745173944e+00,2.832014051810972877e+00,2.835728743709566846e+00,2.838293919288263911e+00,2.840182662721920881e+00,2.841640348314455000e+00,2.842806840391664647e+00,2.843767604295949436e+00,2.844577712697357708e+00,2.845274156948104149e+00,2.845882614215960782e+00,2.846421383558407570e+00,2.846903786566843397e+00,2.847339692494873731e+00,2.847736522362108946e+00,2.848099931098484028e+00,2.848434283772198317e+00,2.848742995758152485e+00
2.607577615466677656e+00,2.607730030035052327e+00,2.607936612770975326e+00,2.608183524786410246e+00,2.608462723299922903e+00,2.608771182881024941e+00,2.609108718184895093e+00,2.609476799848243544e+00,2.609878038070730710e+00,2.610316003068211099e+00,2.610795223020963451e+00,2.611321295002524412e+00,2.611901090306164352e+00,2.612543060959763075e+00,2.613257673500271050e+00,2.614058017223954256e+00,2.614960663667373009e+00,2.615986900490130385e+00,2.617164540471987433e+00,2.618530641695233641e+00,2.620135721351856350e+00,2.622050514889894934e+00,2.624377273907308794e+00,2.627269605544905851e+00,2.630969472079841331e+00,2.635881581942084662e+00,2.642738182211260334e+00,2.653014960936541655e+00,2.670196413843680006e+00,2.704959414866093592e+00,2.799784810577375271e+00,2.819125485613309667e+00,2.827949604133984884e+00,2.833022435400032180e+00,2.836332758606492810e+00,2.838675838562444653e+00,2.840431886385827553e+00,2.841805504941121274e+00,2.842916489976823780e+00,2.843839547316982408e+00,2.844623581590461914e+00,2.845301849222878321e+00,2.845897657719967278e+00,2.846427739265649404e+00,2.846904339719381394e+00,2.847336563909445228e+00,2.847731272563715610e+00,2.848093698942389285e+00,2.848427884181290004e+00,2.848736991439974275e+00
2.607717854999924700e+00,2.607870567745356194e+00,2.608072359900379222e+00,2.608315323053972179e+00,2.608593245680173478e+00,2.608903186439147426e+00,2.609244704481002319e+00,2.609619072310358057e+00,2.610028832719822223e+00,2.610477618476830575e+00,2.610970142709467812e+00,2.611512311160245847e+00,2.612111441275461132e+00,2.612776597045644689e+00,2.613519069474887324e+00,2.614353056980826651e+00,2.615296634873844006e+00,2.616373158425274514e+00,2.617613337475417357e+00,2.619058385551797485e+00,2.620764950898648138e+00,2.622813125877579754e+00,2.625320035379101746e+00,2.628464131935379200e+00,2.632531525815291928e+00,2.638011815534523574e+00,2.645818483620508310e+00,2.657874989090615259e+00,2.679045053011104738e+00,2.726229239664071269e+00,2.807701597068118726e+00,2.822172405343068569e+00,2.829471069051148202e+00,2.833889336554766825e+00,2.836865809267608007e+00,2.839018979466058301e+00,2.840658681381770911e+00,2.841957203931896991e+00,2.843017902790540230e+00,2.843906441503832205e+00,2.844666433009290341e+00,2.845327873027181820e+00,2.845911967773734119e+00,2.846434039377139680e+00,2.846905351357430281e+00,2.847334300019530140e+00,2.847727218918013392e+00,2.848088938737934672e+00,2.848423187211849505e+00,2.848732880772651743e+00
2.607861157896390392e+00,2.608016414869236854e+00,2.608216530481279882e+00,2.608457383304149335e+00,2.608734795272478202e+00,2.609046453481823402e+00,2.609392005948368176e+00,2.609772703498651758e+00,2.610191110237769951e+00,2.610650971448711832e+00,2.611157221616958513e+00,2.611716111263984175e+00,2.612335448070183919e+00,2.613024967054215608e+00,2.613796865823660998e+00,2.614666568380565437e+00,2.615653821768178400e+00,2.616784295864213128e+00,2.618091969513415940e+00,2.619622788137108138e+00,2.621440455891471455e+00,2.623635968980265520e+00,2.626344046799403475e+00,2.629773079974232708e+00,2.634263627125501106e+00,2.640413205236845418e+00,2.649375429735080889e+00,2.663703941311008627e+00,2.690403041817293506e+00,2.758116487880055256e+00,2.813270433446601881e+00,2.824584042414644891e+00,2.830747728313427025e+00,2.834642426276662963e+00,2.837339521489468108e+00,2.839328760104376848e+00,2.840865736725846968e+00,2.842096819747629510e+00,2.843111776628804765e+00,2.843968619829635891e+00,2.844706398003848946e+00,2.845352247575508642e+00,2.845925504124542815e+00,2.846440215900617687e+00,2.846906745506395886e+00,2.847332829215707406e+00,2.847724301613113074e+00,2.848085606435192041e+00,2.848420165995316555e+00,2.848730653609757191e+00
2.608007584383625677e+00,2.608166786272661852e+00,2.608367557663764380e+00,2.608608159184180320e+00,2.608886181261184767e+00,2.609200172979893928e+00,2.609550125066586013e+00,2.609937438675093979e+00,2.610364805057593607e+00,2.610836150386258048e+00,2.611356682277639063e+00,2.611933044728997455e+00,2.612573590883640939e+00,2.613288797100549399e+00,2.614091862788457732e+00,2.614999571063943318e+00,2.616033532962228847e+00,2.617222016762695169e+00,2.618602700790388482e+00,2.620226936196410783e+00,2.622166577721172676e+00,2.624525384479316159e+00,2.627459002204143967e+00,2.631212141083191458e+00,2.636193100970269487e+00,2.643138213191905450e+00,2.653524617368849370e+00,2.670816054055110911e+00,2.705496879055646620e+00,2.797698931907921960e+00,2.817401301834118410e+00,2.826540350348782482e+00,2.831834163910798452e+00,2.835302570652566967e+00,2.837763081224451422e+00,2.839609601784367054e+00,2.841055295815611448e+00,2.842225514362859418e+00,2.843198702901375885e+00,2.844026359804820103e+00,2.844743577635781673e+00,2.845374975382142679e+00,2.845938217194002640e+00,2.846446196060218536e+00,2.846908444641748748e+00,2.847332080982811320e+00,2.847722464272770981e+00,2.848083663515020181e+00,2.848418800989092059e+00,2.848730308537276823e+00
2.608157197114360226e+00,2.608321325120354750e+00,2.608524511867295281e+00,2.608766546868541258e+00,2.609046430983595233e+00,2.609363610927701860e+00,2.609718569860328685e+00,2.610112997929384004e+00,2.610549816942263845e+00,2.611033210147549966e+00,2.611568720235522445e+00,2.612163443691978060e+00,2.612826344827158476e+00,2.613568723222438273e+00,2.614404889495742790e+00,2.615353138595952309e+00,2.616437165688916267e+00,2.617688164111858118e+00,2.619148011256118291e+00,2.620874254488744004e+00,2.622948200531690421e+00,2.625488617776224665e+00,2.628676185395515397e+00,2.632799998227458804e+00,2.638353444897474365e+00,2.646253757923211936e+00,2.658422305866977808e+00,2.679677921035579669e+00,2.726507962230867221e+00,2.805758049617100625e+00,2.820587742852906477e+00,2.828159161073344752e+00,2.832769829228056757e+00,2.835885800950895597e+00,2.838143841737199136e+00,2.839865146676260110e+00,2.841229243008619232e+00,2.842344274147404537e+00,2.843279182882193279e+00,2.844079890532249077e+00,2.844778045712087255e+00,2.845396042910810497e+00,2.845950047754872259e+00,2.846451901601007251e+00,2.846910368969782557e+00,2.847331985362783424e+00,2.847721653711245082e+00,2.848083077072304015e+00,2.848419080366493272e+00,2.848731853506067946e+00
2.608310060578306722e+00,2.608479868850439143e+00,2.608686841709487947e+00,2.608931783921423886e+00,2.609214789907512877e+00,2.609536144345062869e+00,2.609896890964160221e+00,2.610299106796332147e+00,2.610746034024273410e+00,2.611242188855905866e+00,2.611793516356541112e+00,2.612407632360180365e+00,2.613094187590790263e+00,2.613865398468964152e+00,2.614736811591543919e+00,2.615728407983989978e+00,2.616866219085379974e+00,2.618184739978221653e+00,2.619730628587151333e+00,2.621568559326786563e+00,2.623790845343641376e+00,2.626533994467797672e+00,2.630008819002084497e+00,2.634559086487793689e+00,2.640786193032422791e+00,2.649846587801476971e+00,2.664285064848744167e+00,2.691013661558098402e+00,2.757726786185932255e+00,2.811480923361735051e+00,2.823120623099491855e+00,2.829520862721458307e+00,2.833583952004441908e+00,2.836404637868426004e+00,2.838487758890808177e+00,2.840098421425925057e+00,2.841389171145420889e+00,2.842453939491170090e+00,2.843353641052550618e+00,2.844129398551703769e+00,2.844809850986276256e+00,2.845415420962640329e+00,2.845960926456838624e+00,2.846457247998190443e+00,2.846912435658281559e+00,2.847332472417550608e+00,2.847721819743646687e+00,2.848083820008894484e+00,2.848421000560750205e+00,2.848735306645627574e+00
2.608466240983483786e+00,2.608642353040817596e+00,2.608854222007039425e+00,2.609103355031039406e+00,2.609390694130859778e+00,2.609717269822355856e+00,2.610084702499313458e+00,2.610495518086445976e+00,2.610953351600297623e+00,2.611463122978046947e+00,2.612031248733155842e+00,2.612665936640249598e+00,2.613377607760158039e+00,2.614179500903696773e+00,2.615088540061913047e+00,2.616126590784785932e+00,2.617322309761820787e+00,2.618713929100995319e+00,2.620353566130802392e+00,2.622314122825789351e+00,2.624700784782787455e+00,2.627671138163045761e+00,2.631472510440245216e+00,2.636516599209411282e+00,2.643543500775785926e+00,2.654031247103866065e+00,2.671422039828841299e+00,2.706011173681364124e+00,2.795746991481372845e+00,2.815755456714707172e+00,2.825182488243568546e+00,2.830682181505566053e+00,2.834298648219141459e+00,2.836869004408762773e+00,2.838799708988017922e+00,2.840311961937062257e+00,2.841536434880162165e+00,2.842555228886314733e+00,2.843422436184238844e+00,2.844175032724890695e+00,2.844839018917868501e+00,2.845433064823043701e+00,2.845970773190310776e+00,2.846462143548551538e+00,2.846914557995554595e+00,2.847333471679256434e+00,2.847722915052103509e+00,2.848085871349894660e+00,2.848424566987089346e+00,2.848740697288677293e+00
2.608625806293246807e+00,2.608808767582871724e+00,2.609026466798239685e+00,2.609280919822593248e+00,2.609573735681406603e+00,2.609906597620726298e+00,2.610281690858291093e+00,2.610702025772405843e+00,2.611171686347490528e+00,2.611696060059441660e+00,2.612282103615521045e+00,2.612938693614955898e+00,2.613677113498789506e+00,2.614511742360833946e+00,2.615461041200153325e+00,2.616548985898846880e+00,2.617807189944994839e+00,2.619278126652851757e+00,2.621020168021896968e+00,2.623115750338186114e+00,2.625685183783142307e+00,2.628911243655942087e+00,2.633085827626456599e+00,2.638705837470081583e+00,2.646691797738329743e+00,2.658962221803490955e+00,2.680290423271440847e+00,2.726764450096699655e+00,2.803922326449091784e+00,2.819070234568259004e+00,2.826893698531648180e+00,2.831684295993814882e+00,2.834930965189191188e+00,2.837286869417579016e+00,2.839083724788738383e+00,2.840507909874293802e+00,2.841672193351170161e+00,2.842648758765749850e+00,2.843485870674648641e+00,2.844216908368359942e+00,2.844865553067039698e+00,2.845448914182441946e+00,2.845979496273058462e+00,2.846466488317578314e+00,2.846916644453191481e+00,2.847334911574408878e+00,2.847724895110417709e+00,2.848089216702313742e+00,2.848429794974403517e+00,2.848748067243903836e+00
2.608788826333158006e+00,2.608979134925107246e+00,2.609203478973527446e+00,2.609464261669907081e+00,2.609763630102759802e+00,2.610103839258622660e+00,2.610487615616121637e+00,2.610918472591163830e+00,2.611400986334705632e+00,2.611941068971072699e+00,2.612546285077669506e+00,2.613226260588847882e+00,2.613993241388990807e+00,2.614862877841480415e+00,2.615855347719262092e+00,2.616996994195615933e+00,2.618322768560274572e+00,2.619879970916964229e+00,2.621734162990535744e+00,2.623978874240864734e+00,2.626752273304337137e+00,2.630267422514223519e+00,2.634871050663268210e+00,2.641168047742969094e+00,2.650317062112188982e+00,2.664853069030259203e+00,2.691596254433367363e+00,2.757341472093265633e+00,2.809780498992764386e+00,2.821716326890451487e+00,2.828336838423553434e+00,2.832557828905290620e+00,2.835494260498567343e+00,2.837664710433824400e+00,2.839343173534203402e+00,2.840688088329937688e+00,2.841797444798674466e+00,2.842735060101057698e+00,2.843544198549870838e+00,2.844255110812205167e+00,2.844889436192622689e+00,2.845462892841845282e+00,2.845986991440162761e+00,2.846470172910618324e+00,2.846918597623761205e+00,2.847336718807348621e+00,2.847727718172877065e+00,2.848093848882027768e+00,2.848436710947347628e+00,2.848757472363955046e+00
2.608955372939457451e+00,2.609153498526405546e+00,2.609385220387959947e+00,2.609653252485014008e+00,2.609960189567692268e+00,2.610308793359706669e+00,2.610702305979484272e+00,2.611144753172621513e+00,2.611641237571185048e+00,2.612198247847385524e+00,2.612824023356277170e+00,2.613529023570797083e+00,2.614326565316148709e+00,2.615233715498459510e+00,2.616272571058793073e+00,2.617472135173168901e+00,2.618871135714846865e+00,2.620522381823083613e+00,2.622499728780688599e+00,2.624909668158524667e+00,2.627911566381352149e+00,2.631755144434302363e+00,2.636855165547392854e+00,2.643954966967357212e+00,2.654532623210791531e+00,2.672007711646996686e+00,2.706490576631486622e+00,2.793913285358216481e+00,2.814185401649469842e+00,2.823877947928242094e+00,2.829570468295882435e+00,2.833326034108093694e+00,2.835999156020750700e+00,2.838007852700317635e+00,2.839580893239722403e+00,2.840854061991600510e+00,2.841913055086602302e+00,2.842814592552224795e+00,2.843597632485808990e+00,2.844289698545154010e+00,2.844910631118553024e+00,2.845474908212326959e+00,2.845993140613154004e+00,2.846473077030009513e+00,2.846920312999246860e+00,2.847338817686859258e+00,2.847731345336715680e+00,2.848099768743883153e+00,2.848445353911650990e+00,2.848768984467861642e+00
2.609125520139079946e+00,2.609331916411465890e+00,2.609571693648035762e+00,2.609847828721911345e+00,2.610163301844356631e+00,2.610521332227945024e+00,2.610925655163214287e+00,2.611380814288962515e+00,2.611892467945723606e+00,2.612467730081265760e+00,2.613115581965742784e+00,2.613847405185968142e+00,2.614677705370125782e+00,2.615625127224779245e+00,2.616713914996562362e+00,2.617976065932833496e+00,2.619454591170699231e+00,2.621208606530122331e+00,2.623321569624298633e+00,2.625915186932447298e+00,2.629174128967441071e+00,2.633392806735642910e+00,2.639071195877402687e+00,2.647132414422098012e+00,2.659491028663295786e+00,2.680873993623701601e+00,2.726985895815505323e+00,2.802184732354007668e+00,2.817619029581174050e+00,2.825677382700669593e+00,2.830637279405197937e+00,2.834006897150788795e+00,2.836454212638118477e+00,2.838320721656437673e+00,2.839799298556619167e+00,2.841007185699114590e+00,2.842019781624620656e+00,2.842887756813146094e+00,2.843646350155569547e+00,2.844320706100720741e+00,2.844929081436482043e+00,2.845484850617762795e+00,2.845997810419484075e+00,2.846475067772192169e+00,2.846921677549040908e+00,2.847341129377786384e+00,2.847735740692874717e+00,2.848106986261452978e+00,2.848455777310811676e+00,2.848782693692218704e+00
2.609299344357832950e+00,2.609514457448719682e+00,2.609762930738805498e+00,2.610047975016751565e+00,2.610372914350852724e+00,2.610741390197011125e+00,2.611157614197581189e+00,2.611626653464451664e+00,2.612154749359935302e+00,2.612749688816736526e+00,2.613421263797126581e+00,2.614181872104898829e+00,2.615047336815929047e+00,2.616038059928388559e+00,2.617180690745083638e+00,2.618510602842658574e+00,2.620075677555198101e+00,2.621942273557580361e+00,2.624205009905454578e+00,2.627003539298298218e+00,2.630552922416525607e+00,2.635202477509774432e+00,2.641560014635630615e+00,2.650785469544588491e+00,2.665402681312919242e+00,2.692140454711820841e+00,2.756948066747121562e+00,2.808163167502025104e+00,2.820371526777992077e+00,2.827199008391537038e+00,2.831569141005880752e+00,2.834614558492321024e+00,2.836866416919998191e+00,2.838607033946384917e+00,2.840000464187795615e+00,2.841148644268349344e+00,2.842118293858423961e+00,2.842954905695029399e+00,2.843690500190046322e+00,2.844348146844695169e+00,2.844944712121782793e+00,2.845492592413740418e+00,2.846000850428713314e+00,2.846475997608960196e+00,2.846922568047318691e+00,2.847343571057132650e+00,2.847740871586818656e+00,2.848115521918560322e+00,2.848468051342267326e+00,2.848798711364360248e+00
2.609476924656146224e+00,2.609701199166347685e+00,2.609958985782746321e+00,2.610253712991153829e+00,2.610589022284845129e+00,2.610968954032805822e+00,2.611398186022332979e+00,2.611882316830353989e+00,2.612428198733330653e+00,2.613044340380240360e+00,2.613741416460873879e+00,2.614532942143484195e+00,2.615436199251470306e+00,2.616473547641375852e+00,2.617674333789193675e+00,2.619077746375809479e+00,2.620737219256665806e+00,2.622727457374340876e+00,2.625156108061831972e+00,2.628184102490795482e+00,2.632063240649429758e+00,2.637210877398518338e+00,2.644372850705712708e+00,2.655026117326768187e+00,2.672566224267824531e+00,2.706923338296023385e+00,2.792181780302608995e+00,2.812687544311911925e+00,2.822628020451348974e+00,2.828502942832204159e+00,2.832390339110867572e+00,2.835160301472745559e+00,2.837241538471885871e+00,2.838869944056970684e+00,2.840186191584395559e+00,2.841279485744347522e+00,2.842209191262127010e+00,2.843016354424116710e+00,2.843730208036058027e+00,2.844372015842420165e+00,2.844957430158500777e+00,2.845497986943560598e+00,2.846002091067402873e+00,2.846475701984832352e+00,2.846922849088270091e+00,2.847346054951522820e+00,2.847746709021141243e+00,2.848125408495571165e+00,2.848482265847056105e+00,2.848817173514386791e+00
2.609658342993139257e+00,2.609892226483549127e+00,2.610159930372865311e+00,2.610465093563118177e+00,2.610811659894239245e+00,2.611204055301101778e+00,2.611647420299085809e+00,2.612147896814315473e+00,2.612712978411602993e+00,2.613351947049820545e+00,2.614076437148973309e+00,2.614901191229306754e+00,2.615845106123175778e+00,2.616932724674903454e+00,2.618196422805670220e+00,2.619679709744506813e+00,2.621442368203430462e+00,2.623568755879952974e+00,2.626181795988040246e+00,2.629467791098064833e+00,2.633723273930517639e+00,2.639450694316822332e+00,2.647574821930307909e+00,2.660004851259316183e+00,2.681420327672356940e+00,2.727160046971636831e+00,2.800534705701606342e+00,2.816232159298706517e+00,2.824512211067288447e+00,2.829633195108672616e+00,2.833119720365157690e+00,2.835653252993265205e+00,2.837584396610605797e+00,2.839112158484462523e+00,2.840358063087444318e+00,2.841400649733074157e+00,2.842293019599727799e+00,2.843072390593136323e+00,2.843765582012179660e+00,2.844392293017740325e+00,2.844967125298890398e+00,2.845500867366937747e+00,2.846001341171251031e+00,2.846473996447558275e+00,2.846922370713176331e+00,2.847348487230303427e+00,2.847753228246056256e+00,2.848136693361872140e+00,2.848498533920938769e+00,2.848838245172352401e+00
2.609843684520416485e+00,2.610087631014032183e+00,2.610365850560084855e+00,2.610682191668532326e+00,2.611040894129478929e+00,2.611446764467709514e+00,2.611905409117762034e+00,2.612423530033266328e+00,2.613009296373977275e+00,2.613672819502750322e+00,2.614426777285447923e+00,2.615287260453576845e+00,2.616274954813254894e+00,2.617416840092981811e+00,2.618748701099661513e+00,2.620318952112560495e+00,2.622194658042282800e+00,2.624471383901370469e+00,2.627290050844360181e+00,2.630867396816000348e+00,2.635554844103837890e+00,2.641962370566015128e+00,2.651250020825638209e+00,2.665928848918982741e+00,2.692636801742928299e+00,2.756534888104250847e+00,2.806621784121628327e+00,2.819085382674426654e+00,2.826109917832590579e+00,2.830622739528179999e+00,2.833772149904130178e+00,2.836100890009756625e+00,2.837899062339669154e+00,2.839336025825806686e+00,2.840517486574639427e+00,2.841512992086087763e+00,2.842370286103554911e+00,2.843123284192545785e+00,2.843796719897460523e+00,2.844408946867904131e+00,2.844973671129806814e+00,2.845501045421905406e+00,2.845998385131828901e+00,2.846470673210447000e+00,2.846920965555173932e+00,2.847350766726586269e+00,2.847760409604704446e+00,2.848149441424862260e+00,2.848516996439385274e+00,2.848862125633200293e+00
2.610033037907428799e+00,2.610287510745415762e+00,2.610576844937436469e+00,2.610905102666069233e+00,2.611276820094855733e+00,2.611697186466100717e+00,2.612172283630783465e+00,2.612709395606731100e+00,2.613317406524144459e+00,2.614007319221979486e+00,2.614792947216190377e+00,2.615691863440702480e+00,2.616726737548980886e+00,2.617927273841386793e+00,2.619333101100231875e+00,2.620998217368286642e+00,2.622998068637266922e+00,2.625441286734113699e+00,2.628490108403490400e+00,2.632398021862238924e+00,2.637584375251636803e+00,2.644796572745105490e+00,2.655509011496435257e+00,2.673091515829705500e+00,2.707299411175719595e+00,2.790536614878483146e+00,2.811256937964367708e+00,2.821432654830290154e+00,2.827482567569234551e+00,2.831496787592781672e+00,2.834359526331789780e+00,2.836509411928708868e+00,2.838189013392223625e+00,2.839543608786915474e+00,2.840665732876272997e+00,2.841617306930799280e+00,2.842441474131424339e+00,2.843169298153625846e+00,2.843823716444413563e+00,2.844421939075906014e+00,2.844976926688409069e+00,2.845498310220881955e+00,2.845992979598394257e+00,2.846465497022998559e+00,2.846918445384848617e+00,2.847352783458298564e+00,2.847768239731117923e+00,2.848163738939468281e+00,2.848537827747130269e+00,2.848889054916340147e+00
2.610226495700529004e+00,2.610491969978678828e+00,2.610793023475308505e+00,2.611133939940621929e+00,2.611519557865145114e+00,2.611955457485557908e+00,2.612448211577888202e+00,2.613005714008753255e+00,2.613637609264968464e+00,2.614355861088660138e+00,2.615175521168452200e+00,2.616115794275002404e+00,2.617201553418609716e+00,2.618465554935981654e+00,2.619951772583451799e+00,2.621720579686068753e+00,2.623857103331471485e+00,2.626485278961915526e+00,2.629792730133920564e+00,2.634077637555238383e+00,2.639844192524773536e+00,2.648017669205912750e+00,2.660500185270378459e+00,2.681922657194482973e+00,2.727277087829203417e+00,2.798961095922643416e+00,2.814906114605267629e+00,2.823398670178697945e+00,2.828675304931717704e+00,2.832274962722347578e+00,2.834891503126311108e+00,2.836884018563627929e+00,2.838457254680121000e+00,2.839736742418084159e+00,2.840803967633229732e+00,2.841714346817360681e+00,2.842507057797745595e+00,2.843210699856797419e+00,2.843846672287497768e+00,2.844431230471923033e+00,2.844976738974033914e+00,2.845492427246592904e+00,2.845984849706399533e+00,2.846458200199788902e+00,2.846914596911874540e+00,2.847354416925188314e+00,2.847776713244947633e+00,2.848179698456883457e+00,2.848561242839121377e+00,2.848919321699534102e+00
2.610424154718070877e+00,2.610701119457664809e+00,2.611014506888878817e+00,2.611368833379608567e+00,2.611769250349971649e+00,2.612221742769893940e+00,2.612733395635410627e+00,2.613312746516800900e+00,2.613970252497408886e+00,2.614718916345867061e+00,2.615575142691967336e+00,2.616559936231247718e+00,2.617700621814547546e+00,2.619033382191979786e+00,2.620607115443585045e+00,2.622489497415065873e+00,2.624776882093542874e+00,2.627611215408261369e+00,2.631210540487050498e+00,2.635927812275667748e+00,2.642374286119098858e+00,2.651708729121990071e+00,2.666427508722431838e+00,2.693078291215216247e+00,2.756092659059497851e+00,2.805148148669085906e+00,2.817855316383796271e+00,2.825070388400789945e+00,2.829722069890120650e+00,2.832972784028364277e+00,2.835376010785645384e+00,2.837229120343814248e+00,2.838706412820577896e+00,2.839917081680159328e+00,2.840933278813593699e+00,2.841804841564973039e+00,2.842567517013749878e+00,2.843247774089202817e+00,2.843865704824453999e+00,2.844436788949673556e+00,2.844972946857643681e+00,2.845483137816351427e+00,2.845973684829820716e+00,2.846448476626560531e+00,2.846909176664298879e+00,2.847355534169933033e+00,2.847785835157528922e+00,2.848197465295537079e+00,2.848587506458493124e+00,2.848953273067337033e+00
2.610626116484120463e+00,2.610915076645732302e+00,2.611241426396879728e+00,2.611609928501732902e+00,2.612026061975599056e+00,2.612496235257318222e+00,2.613028072518165157e+00,2.613630795282737118e+00,2.614315733144637832e+00,2.615097016088227200e+00,2.615992530780982595e+00,2.617025271566102873e+00,2.618225297665983220e+00,2.619632648067327985e+00,2.621301818020299379e+00,2.623308877229051372e+00,2.625763254563997506e+00,2.628828203273381181e+00,2.632758456875672337e+00,2.637974671810697114e+00,2.645224746818314543e+00,2.655978880492343652e+00,2.673579295674891387e+00,2.707612184171339642e+00,2.788962948569544853e+00,2.809887236985158854e+00,2.820289841170116940e+00,2.826510323013031734e+00,2.830648887506944433e+00,2.833602702009401231e+00,2.835819640788713070e+00,2.837548499047931827e+00,2.838938810883832264e+00,2.840086140555748262e+00,2.841054700732013050e+00,2.841889516212186884e+00,2.842623353302811129e+00,2.843280837966364771e+00,2.843880961781238614e+00,2.844438600156337760e+00,2.844965387118875810e+00,2.845470159446286118e+00,2.845959133905142657e+00,2.846435974527582680e+00,2.846901904728194932e+00,2.847355987620360462e+00,2.847795624312635443e+00,2.848217226063721519e+00,2.848616944663350914e+00,2.848991326479542341e+00
2.610832487703568461e+00,2.611133966123225125e+00,2.611473923779998874e+00,2.611857386088152655e+00,2.612290178018411346e+00,2.612779154929527170e+00,2.613332512768245852e+00,2.613960204035135071e+00,2.614674499278522468e+00,2.615490755412853474e+00,2.616428486870904901e+00,2.617512892644164424e+00,2.618777088874411962e+00,2.620265466305583768e+00,2.622038902224925749e+00,2.624183150981838963e+00,2.626822938204032010e+00,2.630146867534274957e+00,2.634454243443262733e+00,2.640250183342340851e+00,2.648459191259959766e+00,2.660974435830461449e+00,2.682376912542193015e+00,2.727331362005112947e+00,2.797452770231080077e+00,2.813635694936095444e+00,2.822335039533351075e+00,2.827764584069271780e+00,2.831476063130076160e+00,2.834174836004791143e+00,2.836227931805165525e+00,2.837845431752634262e+00,2.839156527727026091e+00,2.840245324242405278e+00,2.841169235090552192e+00,2.841969108285039347e+00,2.842675106657816197e+00,2.843310258347175434e+00,2.843892638329103217e+00,2.844436682064392929e+00,2.844953903679501295e+00,2.845453187806833206e+00,2.845940800469730636e+00,2.846420287741524113e+00,2.846892457088814332e+00,2.847355612790927193e+00,2.847806118355566962e+00,2.848239219968638825e+00,2.848649959571163848e+00,2.849033984426189825e+00
2.611043380781615131e+00,2.611357920089848683e+00,2.611712151678913685e+00,2.612111382213734956e+00,2.612561804471767335e+00,2.613070748770494944e+00,2.613647021176955576e+00,2.614301359417643855e+00,2.615047052913737513e+00,2.615900798357672752e+00,2.616883902905943415e+00,2.618024014697379442e+00,2.619357676430254411e+00,2.620934204203933415e+00,2.622821777007810162e+00,2.625117368378730109e+00,2.627963688345728244e+00,2.631579685893139953e+00,2.636319232230550647e+00,2.642793897710236539e+00,2.652159679801918024e+00,2.666896245363017393e+00,2.693461629232599464e+00,2.755615903914016229e+00,2.803733437171794574e+00,2.816676785916070180e+00,2.824078759544367045e+00,2.828867941264786356e+00,2.832219684995532116e+00,2.834697508455420678e+00,2.836605585451887457e+00,2.838122786915885154e+00,2.839361445004979334e+00,2.840395955430257580e+00,2.841277869253537425e+00,2.842044384370835619e+00,2.842723373551148569e+00,2.843336472241417834e+00,2.843900998791693002e+00,2.844431104920676745e+00,2.844938361604984145e+00,2.845431901377498018e+00,2.845918237729583744e+00,2.846400945219142997e+00,2.846880456277276039e+00,2.847354226045093029e+00,2.847817380994890346e+00,2.848263753933322207e+00,2.848687048175201131e+00,2.849081852274467863e+00
2.611258914390922392e+00,2.611587078962902542e+00,2.611956274092887220e+00,2.612372108608907784e+00,2.612841168362936006e+00,2.613371291262370555e+00,2.613971937799993039e+00,2.614654692970563410e+00,2.615433953531656197e+00,2.616327883752582295e+00,2.617359770685290243e+00,2.618559990552444816e+00,2.619968937771611994e+00,2.621641520509593981e+00,2.623654302093481494e+00,2.626117309452530968e+00,2.629194509111435707e+00,2.633141415491569326e+00,2.638379273811731984e+00,2.645655352602181321e+00,2.656433944692611071e+00,2.674027761639528933e+00,2.707859699064917969e+00,2.787447941401596463e+00,2.808571013572725317e+00,2.819195341903568686e+00,2.825584408876344433e+00,2.829847119736133454e+00,2.832892675808860172e+00,2.835177637778491633e+00,2.836956630356285203e+00,2.838383098927638404e+00,2.839555284020920389e+00,2.840539295230866568e+00,2.841381591662836215e+00,2.842116155700891156e+00,2.842768825956256684e+00,2.843360010587068665e+00,2.843906404128445864e+00,2.844422018570004873e+00,2.844918668193225475e+00,2.845405970584370170e+00,2.845890944280831558e+00,2.846377398434763339e+00,2.846865460011555715e+00,2.847351622864611187e+00,2.847829512757043435e+00,2.848291222937214151e+00,2.848728826325730878e+00,2.849135659793179620e+00
2.611479214089907241e+00,2.611821592066876807e+00,2.612206467054084325e+00,2.612639773305652557e+00,2.613128518462862093e+00,2.613681085368074530e+00,2.614307639540423445e+00,2.615020683769675003e+00,2.615835822399777744e+00,2.616772832116008640e+00,2.617857192715749903e+00,2.619122327709599851e+00,2.620612974052519029e+00,2.622390410174833431e+00,2.624540864409942387e+00,2.627189622002136016e+00,2.630525917151607551e+00,2.634849642088717303e+00,2.640666007231067702e+00,2.648897448628233064e+00,2.661426301649950865e+00,2.682782412106322845e+00,2.727322390266648355e+00,2.795999418359450761e+00,2.812414262449884017e+00,2.821317113580048552e+00,2.826898911457451646e+00,2.830723008035871402e+00,2.833505543059108511e+00,2.835621030955473909e+00,2.837284547633875054e+00,2.838628625666389738e+00,2.839739633901798399e+00,2.840676558963682652e+00,2.841481403984710497e+00,2.842185292081847336e+00,2.842812230844713461e+00,2.843381525484470096e+00,2.843909346437112351e+00,2.844409689768465643e+00,2.844894804578033565e+00,2.845375074313640784e+00,2.845858361665728697e+00,2.846349006414170990e+00,2.846846947566113784e+00,2.847347577552320708e+00,2.847842667145088047e+00,2.848322137521877018e+00,2.848776059131678196e+00,2.849196286696145997e+00
2.611704412996057378e+00,2.612061618413262121e+00,2.612462919462638755e+00,2.612914601537682735e+00,2.613424126351108434e+00,2.614000463968527033e+00,2.614654542287999650e+00,2.615399861746286803e+00,2.616253347761355208e+00,2.617236553743814920e+00,2.618377394828973692e+00,2.619712708220880870e+00,2.621292142124385549e+00,2.623184257493027527e+00,2.625486470293188379e+00,2.628341990725210131e+00,2.631970274298550017e+00,2.636725494710977724e+00,2.643218581627345465e+00,2.652601290666206868e+00,2.667334637156441257e+00,2.693787782128060027e+00,2.755103682435429135e+00,2.802368896452152924e+00,2.815543524562326816e+00,2.823130638655274804e+00,2.828057743732421248e+00,2.831512174694911010e+00,2.834066923500157209e+00,2.836032603731074797e+00,2.837592367090453038e+00,2.838861392353273505e+00,2.839915972095125252e+00,2.840808926714783578e+00,2.841578329259080160e+00,2.842252733060362413e+00,2.842854469027867648e+00,2.843401820399825919e+00,2.843910491542265273e+00,2.844394552785828534e+00,2.844866872905146060e+00,2.845338928546662594e+00,2.845819875957142475e+00,2.846315018160172183e+00,2.846824303796753330e+00,2.847341846244444863e+00,2.847857075283578787e+00,2.848357161057679221e+00,2.848829699050143827e+00,2.849264792161888327e+00
2.611934652518448363e+00,2.612307327571792293e+00,2.612725834074668185e+00,2.613196836877015983e+00,2.613728287813568141e+00,2.614329791737743491e+00,2.615013103616937951e+00,2.615792811724360956e+00,2.616687290983348735e+00,2.617720058158851781e+00,2.618921740862655945e+00,2.620333011899834919e+00,2.622009092209470538e+00,2.624026899516576972e+00,2.626496857413619157e+00,2.629583346916099629e+00,2.633542211080203366e+00,2.638794586941975329e+00,2.646086028609158092e+00,2.656873293872163533e+00,2.674437821142763294e+00,2.708044940862808669e+00,2.785981555854655678e+00,2.807300402653975180e+00,2.818142960599538949e+00,2.824700064018715651e+00,2.829088228390797877e+00,2.832227932842446894e+00,2.834583984146401114e+00,2.836416547733983329e+00,2.837882740883148625e+00,2.839083224140000805e+00,2.840085677856673652e+00,2.840937548370824128e+00,2.841673415020702365e+00,2.842319494668837709e+00,2.842896551365960978e+00,2.843421881828289255e+00,2.843910730068656356e+00,2.844377277172354557e+00,2.844835166484600553e+00,2.845297335008005302e+00,2.845774827453714462e+00,2.846274552471203645e+00,2.846796801276088473e+00,2.847334177005160782e+00,2.847873084066424809e+00,2.848397160058077304e+00,2.848890932538264309e+00,2.849342447475603723e+00
2.612170083154103928e+00,2.612558900636317460e+00,2.612995428640779050e+00,2.613486742598375656e+00,2.614041324562533575e+00,2.614669467452227281e+00,2.615383826057462002e+00,2.616200178224490802e+00,2.617138493768539576e+00,2.618224465118267119e+00,2.619491749759051746e+00,2.620985343502674425e+00,2.622766812470335385e+00,2.624922702150973564e+00,2.627578631525540054e+00,2.630924130541862027e+00,2.635259171393344868e+00,2.641088273299716072e+00,2.649330591448488370e+00,2.661855894330062977e+00,2.683141859102466498e+00,2.727254835102211228e+00,2.794592322014198604e+00,2.811234389899613273e+00,2.820338543731323089e+00,2.826073005358763268e+00,2.830011750095875467e+00,2.832881102048002031e+00,2.835062721447725309e+00,2.836776458148117186e+00,2.838157999620964933e+00,2.839295769303381789e+00,2.840250039218744860e+00,2.841063542726179669e+00,2.841767730130176250e+00,2.842386669529736398e+00,2.842939629251489464e+00,2.843442909238290017e+00,2.843911235793390446e+00,2.844358856574408456e+00,2.844800273532293922e+00,2.845250263153561221e+00,2.845722536209180920e+00,2.846226575623935329e+00,2.846763582289998595e+00,2.847324334630263909e+00,2.847891215996805947e+00,2.848443271209625038e+00,2.848961234829241462e+00,2.849430769421087195e+00
2.612410865353307354e+00,2.612816531290135025e+00,2.613271937196867345e+00,2.613784603270208784e+00,2.614363586278723783e+00,2.615019926742810252e+00,2.615767260969545038e+00,2.616622671100147901e+00,2.617607886559757624e+00,2.618751017412649595e+00,2.620089115503323463e+00,2.621672064658922885e+00,2.623568681969793648e+00,2.625876651967105513e+00,2.628739434695468891e+00,2.632376620601943440e+00,2.637142120755762154e+00,2.643645350928651716e+00,2.653032493551781279e+00,2.667744194158443882e+00,2.694061649623398225e+00,2.754559414676680529e+00,2.801046610159986905e+00,2.814448237174647982e+00,2.822219358591151028e+00,2.827285548781385494e+00,2.830845283130436929e+00,2.833480562867625618e+00,2.835508187080934661e+00,2.837115431748805428e+00,2.838420194696537280e+00,2.839500514581274171e+00,2.840410253895665704e+00,2.841187990303191579e+00,2.841862353973819033e+00,2.842455417607718360e+00,2.842984994958581257e+00,2.843466337628010709e+00,2.843913526842423600e+00,2.844340720879999118e+00,2.844763228992353454e+00,2.845197988338239448e+00,2.845662358474803533e+00,2.846169878373652651e+00,2.846723645523704604e+00,2.847312155780476584e+00,2.847912263943185973e+00,2.848496987869495012e+00,2.849042429182858882e+00,2.849531549465469382e+00
2.612657170459552702e+00,2.613080426977084869e+00,2.613555611512508925e+00,2.614090726577195323e+00,2.614695452983468282e+00,2.615381645307981895e+00,2.616164013060739535e+00,2.617061072089479801e+00,2.618096498291192731e+00,2.619301095737605944e+00,2.620715730411987465e+00,2.622395831506187491e+00,2.624418533892273864e+00,2.626894467630878083e+00,2.629988153779021953e+00,2.633955355443300839e+00,2.639216478426373413e+00,2.646514402223913542e+00,2.657296928321859042e+00,2.674812767062463514e+00,2.708175121777343541e+00,2.784556918307383278e+00,2.806067899121670539e+00,2.817125325639822098e+00,2.823850179898826251e+00,2.828365537300440380e+00,2.831602467689297242e+00,2.834033666730383594e+00,2.835924660158521071e+00,2.837436142526363447e+00,2.838671129844582364e+00,2.839698794023931328e+00,2.840567424696638366e+00,2.841311919758967797e+00,2.841958356877819281e+00,2.842526944696429414e+00,2.843034066183224517e+00,2.843493843716058844e+00,2.843919519560111464e+00,2.844324868621302294e+00,2.844725732051301303e+00,2.845141325635179630e+00,2.845593804893683298e+00,2.846103055737077447e+00,2.846675849702211103e+00,2.847297667008308775e+00,2.847937441326338970e+00,2.848560264071960724e+00,2.849136740143558111e+00,2.849646869802711979e+00
2.612909181730470820e+00,2.613350810186217732e+00,2.613846722705411629e+00,2.614405445384518245e+00,2.615037337757106339e+00,2.615755142618317208e+00,2.616574745604186791e+00,2.617516242386444869e+00,2.618605467674552933e+00,2.619876235976347889e+00,2.621373712392637945e+00,2.623159639209753813e+00,2.625320731388069984e+00,2.627982735992393959e+00,2.631335180822183872e+00,2.635677672938809391e+00,2.641513360499206708e+00,2.649757078817831513e+00,2.662264579203128978e+00,2.683460679308959040e+00,2.727137448600257752e+00,2.793224854992387929e+00,2.810088719519652223e+00,2.819391742001728485e+00,2.825279229811388237e+00,2.829334791082754652e+00,2.832294382927449394e+00,2.834546543178690481e+00,2.836315779909146073e+00,2.837740900337030858e+00,2.838912384397663136e+00,2.839891792708321816e+00,2.840722550267211766e+00,2.841436288210861250e+00,2.842056771157486672e+00,2.842602466107173598e+00,2.843088348404823940e+00,2.843527323156550768e+00,2.843931555934077871e+00,2.844314003644646593e+00,2.844690444255460804e+00,2.845082026786669882e+00,2.845516787511289003e+00,2.846024497347789506e+00,2.846618965402029300e+00,2.847281334770662475e+00,2.847968616133101705e+00,2.848635619888592707e+00,2.849246817307451884e+00,2.849779091994947944e+00
2.613167095446845334e+00,2.613627919859281334e+00,2.614145563033339226e+00,2.614729120059170686e+00,2.615389689827217090e+00,2.616140986152401204e+00,2.617000186428472652e+00,2.617989131358837707e+00,2.619136056247588940e+00,2.620478149304033888e+00,2.622065436936433347e+00,2.623966874838395746e+00,2.626280259045485899e+00,2.629149079415530554e+00,2.632792741103901601e+00,2.637564412375929646e+00,2.644071262112051457e+00,2.653452799899195913e+00,2.668127941080209453e+00,2.694291011586557705e+00,2.753989884905688523e+00,2.799760107189030123e+00,2.813383544144610227e+00,2.821337026781385759e+00,2.826543140384475628e+00,2.830210644258982722e+00,2.832930111930335837e+00,2.835024333221081605e+00,2.836684648989745039e+00,2.838031696776805113e+00,2.839145330365155040e+00,2.840080546725649580e+00,2.840876512340020810e+00,2.841561956496031716e+00,2.842158553278337774e+00,2.842683154330063022e+00,2.843149369429583295e+00,2.843568823659795353e+00,2.843952373925606736e+00,2.844311634308100523e+00,2.844661360490872148e+00,2.845023448424722545e+00,2.845432152618653010e+00,2.845932406763515665e+00,2.846551859247103078e+00,2.847264595037545032e+00,2.848008655281716539e+00,2.848726196950793543e+00,2.849375683721846908e+00,2.849930798372017460e+00
2.613431122117728655e+00,2.613912012931912443e+00,2.614452447877879671e+00,2.615062141068527968e+00,2.615752998057925716e+00,2.616539796216031721e+00,2.617441134768286659e+00,2.618480786568773144e+00,2.619689663460930351e+00,2.621108745614409319e+00,2.622793574782749548e+00,2.624821380443361107e+00,2.627302833846291374e+00,2.630402363020108769e+00,2.634375310227304645e+00,2.639640837490885961e+00,2.646938371061841266e+00,2.657705630488726989e+00,2.675157553291389156e+00,2.708260244133251504e+00,2.783170148043926595e+00,2.804867064798940657e+00,2.816134934724221939e+00,2.823026512502560870e+00,2.827670229403859370e+00,2.831007031809311236e+00,2.833517161227553594e+00,2.835471368849666440e+00,2.837033914898960951e+00,2.838310241583551274e+00,2.839371145223300363e+00,2.840265940951668622e+00,2.841030061085354497e+00,2.841689661227175812e+00,2.842264539134138346e+00,2.842770071911592922e+00,2.843218583669637312e+00,2.843620420276421257e+00,2.843984980172294730e+00,2.844322051960388897e+00,2.844644170700191488e+00,2.844971626790026242e+00,2.845342896213116202e+00,2.845824900709648997e+00,2.846474064630875489e+00,2.847250967336775851e+00,2.848061855777925810e+00,2.848835639548009890e+00,2.849526529272971231e+00,2.850104663614866585e+00
2.613701487790681011e+00,2.614203366021158992e+00,2.614767717937519276e+00,2.615404931881526451e+00,2.616127794879576474e+00,2.616952251408995345e+00,2.617898469084795732e+00,2.618992365284458668e+00,2.620267844138404634e+00,2.621770160881667255e+00,2.623561136422024376e+00,2.625727528675895428e+00,2.628395040593224152e+00,2.631752953381724769e+00,2.636100149788600966e+00,2.641937866454664885e+00,2.650175807819744822e+00,2.662654618751013835e+00,2.683745957671694438e+00,2.726981397365138893e+00,2.791892589949518388e+00,2.808970762846467739e+00,2.818469032905881466e+00,2.824508977281533273e+00,2.828682722633411029e+00,2.831735273202515391e+00,2.834061776942998989e+00,2.835891312936711373e+00,2.837365835062572117e+00,2.838577992209931899e+00,2.839590822112118662e+00,2.840448706186264438e+00,2.841183800523868985e+00,2.841819986376721729e+00,2.842375396263622456e+00,2.842864094362014704e+00,2.843297250095369932e+00,2.843684028033056421e+00,2.844032386784313360e+00,2.844350060263352908e+00,2.844646356940062404e+00,2.844936755190366817e+00,2.845257110394135314e+00,2.845700379326576268e+00,2.846387647823183986e+00,2.847248275516856886e+00,2.848134235960340988e+00,2.848967554126522916e+00,2.849702225086867102e+00,2.850303239437375957e+00
2.613978435477385620e+00,2.614502277273926811e+00,2.615091741650833246e+00,2.615757952203296099e+00,2.616514660706864781e+00,2.617379094817788854e+00,2.618373155987784529e+00,2.619525147712027380e+00,2.620872328718877320e+00,2.622464789211368608e+00,2.624371524893147622e+00,2.626690313918175423e+00,2.629564498322287225e+00,2.633213044226480726e+00,2.637988002916659358e+00,2.644493734928255790e+00,2.653862255767442058e+00,2.668489807720679341e+00,2.694485127972683358e+00,2.753403789973608351e+00,2.798504655831588472e+00,2.812342866174801337e+00,2.820475782427120048e+00,2.825821565579178962e+00,2.829598297890617342e+00,2.832404647347513738e+00,2.834569186418611775e+00,2.836287269730733751e+00,2.837682329786477275e+00,2.838836178685930633e+00,2.839805178939469599e+00,2.840629417243559995e+00,2.841338176189134757e+00,2.841953337802582524e+00,2.842491578532184704e+00,2.842965831934554100e+00,2.843386296902740362e+00,2.843761165972836569e+00,2.844097204001262646e+00,2.844400326963832715e+00,2.844676510120012214e+00,2.844934237862199122e+00,2.845195078364411323e+00,2.845559323928065432e+00,2.846304383177484798e+00,2.847272149103020844e+00,2.848232947775685808e+00,2.849124174009144639e+00,2.849904374962025866e+00,2.850528653828309000e+00
2.614262226706276504e+00,2.614809068393194824e+00,2.615424917874317412e+00,2.616121701580180758e+00,2.616914228903421513e+00,2.617821141028866538e+00,2.618866260418974079e+00,2.620080552224600901e+00,2.621505046777833581e+00,2.623195320512367701e+00,2.625228598705861227e+00,2.627715462746622155e+00,2.630820066282219649e+00,2.634797070274783604e+00,2.640064008291128861e+00,2.647356281252695620e+00,2.658100731383663984e+00,2.675477921827928540e+00,2.708311428114522190e+00,2.781819759688108462e+00,2.803692955993100977e+00,2.815165112065077579e+00,2.822221033633903975e+00,2.826993050825589826e+00,2.830431180968789207e+00,2.833022821239302491e+00,2.835043785402116434e+00,2.836661873384343391e+00,2.837985026247208609e+00,2.839085825446021616e+00,2.840014867659011788e+00,2.840808493437762206e+00,2.841493467202135470e+00,2.842089924376709931e+00,2.842613289831186218e+00,2.843075562338583939e+00,2.843486195252376003e+00,2.843852712463963428e+00,2.844181146919849024e+00,2.844476361195158454e+00,2.844742306432613166e+00,2.844982351563755341e+00,2.845200536626189436e+00,2.845424575895592501e+00,2.846276307339016043e+00,2.847346945635710114e+00,2.848363488092782614e+00,2.849303915528267339e+00,2.850131574800442102e+00,2.850782251918274390e+00
2.614553143215439412e+00,2.615124086861418284e+00,2.615767678843602617e+00,2.616496723418966219e+00,2.617327191362138539e+00,2.618279284075909263e+00,2.619378957288664989e+00,2.620660152924799480e+00,2.622168154439171950e+00,2.623964784947721451e+00,2.626136747204278254e+00,2.628809568670035457e+00,2.632172100904138556e+00,2.636522238398708140e+00,2.642358917182533684e+00,2.650586143486524993e+00,2.663028744837677930e+00,2.684005312846439839e+00,2.726798497521877529e+00,2.790593041584796374e+00,2.807875422585495162e+00,2.817563665185944810e+00,2.823754093903037887e+00,2.828046057368108990e+00,2.831192938445680873e+00,2.833596174306948878e+00,2.835489285000755366e+00,2.837017359960540830e+00,2.838275295900995143e+00,2.839327771396482181e+00,2.840220384700081979e+00,2.840986202618458911e+00,2.841649784576418813e+00,2.842229748999305805e+00,2.842740463140692952e+00,2.843193187285033119e+00,2.843596869563535190e+00,2.843958712940679590e+00,2.844284595505038205e+00,2.844579411116097134e+00,2.844847429129765182e+00,2.845092999889840879e+00,2.845323754621206902e+00,2.845594666866664291e+00,2.846425037484563880e+00,2.847491402341432831e+00,2.848524441253592610e+00,2.849498092817715378e+00,2.850375997767855107e+00,2.851064189240919422e+00
2.614851488800922219e+00,2.615447708383499048e+00,2.616120493451614237e+00,2.616883609472092864e+00,2.617754304783709962e+00,2.618754506457000808e+00,2.619912544797223131e+00,2.621265699949425709e+00,2.622864066428298724e+00,2.624776605611531810e+00,2.627100981322594730e+00,2.629980257594352722e+00,2.633632779128435075e+00,2.638409216849739725e+00,2.644910737661045896e+00,2.654261323221353219e+00,2.668834012666937650e+00,2.694653402562798394e+00,2.752810276252092070e+00,2.797277220596526170e+00,2.811321007298022145e+00,2.819628839666394438e+00,2.825112605241323571e+00,2.828998609741096182e+00,2.831893061186220528e+00,2.834130047272619635e+00,2.835908828564350781e+00,2.837355626923054430e+00,2.838554287068488780e+00,2.839562689126467365e+00,2.840422083186902924e+00,2.841162669472220959e+00,2.841807076913242192e+00,2.842372611722945308e+00,2.842872759580735487e+00,2.843318223082853979e+00,2.843717668483754402e+00,2.844078301774327855e+00,2.844406381896834812e+00,2.844707830625464950e+00,2.844989340589424209e+00,2.845261449326101033e+00,2.845550810333828728e+00,2.845960361020931195e+00,2.846714272415594493e+00,2.847693839409519700e+00,2.848703653007533365e+00,2.849688487301977879e+00,2.850615720960122168e+00,2.851372594066639454e+00
2.615157591337796461e+00,2.615780339575165758e+00,2.616483870882841067e+00,2.617283004849790373e+00,2.618196397751341387e+00,2.619247889384314743e+00,2.620468459720808774e+00,2.621899143014794653e+00,2.623595493694840020e+00,2.625634661250640267e+00,2.628127043521212070e+00,2.631236392513651712e+00,2.635216509000497087e+00,2.640483040359833389e+00,2.647766991890769361e+00,2.658483850454713693e+00,2.675779617306759395e+00,2.708339452283308191e+00,2.780505862609134571e+00,2.802542213644988234e+00,2.814210621641943355e+00,2.821426977977317119e+00,2.826325791698958589e+00,2.829865235717425431e+00,2.832539400597460677e+00,2.834628935601292365e+00,2.836305085843683571e+00,2.837678283053029382e+00,2.838822953950218331e+00,2.839791103821058371e+00,2.840620187214141001e+00,2.841337888272524204e+00,2.841965143756398415e+00,2.842518125616674940e+00,2.843009589054404262e+00,2.843449829451587973e+00,2.843847407800886629e+00,2.844209771109489360e+00,2.844543912390190332e+00,2.844857330029841869e+00,2.845159934507822452e+00,2.845468834522076218e+00,2.845821810409986163e+00,2.846305645407281482e+00,2.847021669717567427e+00,2.847919157535689916e+00,2.848881393307061582e+00,2.849849832833318164e+00,2.850801058348595429e+00,2.851692934033331905e+00
