-2.241126017548394245e+01,-2.242307494325035933e+01,-2.243718246778168535e+01,-2.245359772570346379e+01,-2.247228029891322976e+01,-2.249318308223072194e+01,-2.251628485840491933e+01,-2.254160567162092477e+01,-2.256921165416446584e+01,-2.259921554450139070e+01,-2.263177661135703644e+01,-2.266710176794598652e+01,-2.270544866636513248e+01,-2.274713119439998721e+01,-2.279252776663690483e+01,-2.284209295277043594e+01,-2.289637326182447907e+01,-2.295602830683408158e+01,-2.302185916023937295e+01,-2.309484657307662303e+01,-2.317620303718745234e+01,-2.326744470127146869e+01,-2.337049239836262515e+01,-2.348781637980394166e+01,-2.362264839882391243e+01,-2.377930065840676477e+01,-2.396366007974560119e+01,-2.418398152733427509e+01,-2.445221444000623379e+01,-2.478633395406773943e+01,-2.521469172954709492e+01,-2.578477216892242296e+01,-2.658261402849825927e+01,-2.778191286723369657e+01,-2.979380713884566845e+01,-3.015945035569293964e+01,-3.012172157043054099e+01,-3.009952009301025910e+01,-3.008473875025620359e+01,-3.007407834223552356e+01,-3.006594421823999852e+01,-3.005947189951497123e+01,-3.005415255141178932e+01,-3.004966755272976187e+01,-3.004580754820085531e+01,-3.004242958530996077e+01,-3.003943294119194363e+01,-3.003674476798533632e+01,-3.003431119314099718e+01,-3.003209159637041381e+01
-2.240685824513897373e+01,-2.241877524252105047e+01,-2.243318736294798299e+01,-2.245006311264717880e+01,-2.246930770395529109e+01,-2.249083266843175011e+01,-2.251459350895044764e+01,-2.254060173053028393e+01,-2.256892478909956523e+01,-2.259968291898177384e+01,-2.263304689681228155e+01,-2.266923816034808681e+01,-2.270853168196060068e+01,-2.275126176602587336e+01,-2.279783104114738279e+01,-2.284872316909667234e+01,-2.290452014750494669e+01,-2.296592556601392943e+01,-2.303379585493748394e+01,-2.310918256208262278e+01,-2.319339020781963967e+01,-2.328805664072533688e+01,-2.339526664007625811e+01,-2.351771585994418956e+01,-2.365895309154463888e+01,-2.382374815092812170e+01,-2.401866846072247696e+01,-2.425301672994711311e+01,-2.454042415015567613e+01,-2.490170403116452036e+01,-2.537030564202654404e+01,-2.600362689879538891e+01,-2.690912950702896111e+01,-2.831415453866112841e+01,-3.022609388020685728e+01,-3.015830979239462906e+01,-3.012355285106828262e+01,-3.010220724081462862e+01,-3.008762356786877490e+01,-3.007692512115978190e+01,-3.006866521390981006e+01,-3.006203737048604907e+01,-3.005655694522371491e+01,-3.005191556936706121e+01,-3.004790803951599543e+01,-3.004439279381814387e+01,-3.004126924361712625e+01,-3.003846412244131159e+01,-3.003592292149752296e+01,-3.003360432574156746e+01
-2.240237662618165970e+01,-2.241442291415153321e+01,-2.242920958711002299e+01,-2.244662995559151852e+01,-2.246651287663701524e+01,-2.248872021751724048e+01,-2.251318477341122204e+01,-2.253991338711650627e+01,-2.256897907679437765e+01,-2.260051317960872197e+01,-2.263470084700067986e+01,-2.267178035071240316e+01,-2.271204597183421825e+01,-2.275585431966057115e+01,-2.280363422529806527e+01,-2.285590072761341673e+01,-2.291327411158857430e+01,-2.297650552515727895e+01,-2.304651148435376840e+01,-2.312442072673334437e+01,-2.321163863133903504e+01,-2.330993720016932613e+01,-2.342158311365603041e+01,-2.354952395057654968e+01,-2.369766580382191279e+01,-2.387129917697217252e+01,-2.407777447526563463e+01,-2.432761608070188331e+01,-2.463644737744317226e+01,-2.502851025958362996e+01,-2.554356635547149068e+01,-2.625169312658443843e+01,-2.728899306716260043e+01,-2.895932704118166257e+01,-3.021613353284486791e+01,-3.015729675432487156e+01,-3.012506436701904633e+01,-3.010453566229719513e+01,-3.009018609306367509e+01,-3.007949554979119000e+01,-3.007115104627869329e+01,-3.006440182835288866e+01,-3.005878804201116239e+01,-3.005401271874673697e+01,-3.004987589193694220e+01,-3.004623828297705046e+01,-3.004300014014708253e+01,-3.004008832435663834e+01,-3.003744811434834006e+01,-3.003503783053030673e+01
-2.239781467165536810e+01,-2.241003129791285886e+01,-2.242528969428620655e+01,-2.244335995248880167e+01,-2.246396632336334775e+01,-2.248691591727573780e+01,-2.251212404127871380e+01,-2.253959986991486986e+01,-2.256942780219286249e+01,-2.260175453823359248e+01,-2.263678267176436520e+01,-2.267476963390791411e+01,-2.271603096767062979e+01,-2.276094745253519136e+01,-2.280997613144331382e+01,-2.286366579067355076e+01,-2.292267797176538124e+01,-2.298781524690109279e+01,-2.306005938814687184e+01,-2.314062338748970049e+01,-2.323102332940707626e+01,-2.333317937640986628e+01,-2.344956048230341850e+01,-2.358339652728886904e+01,-2.373899750615782267e+01,-2.392224848687482819e+01,-2.414140456872061691e+01,-2.440842168405319157e+01,-2.474129778021107740e+01,-2.516844873280503592e+01,-2.573753118270248308e+01,-2.653505896733553726e+01,-2.773616287430417771e+01,-2.975713520553174618e+01,-3.020835638653496602e+01,-3.015637669996980463e+01,-3.012631721203789326e+01,-3.010656215751405540e+01,-3.009246971146113125e+01,-3.008182193045186992e+01,-3.007342596631371734e+01,-3.006658377925922920e+01,-3.006086020911529744e+01,-3.005597033310097288e+01,-3.005172016793810386e+01,-3.004797338515724903e+01,-3.004463162102306839e+01,-3.004162230648676157e+01,-3.003889086008471665e+01,-3.003639551753462555e+01
-2.239317181215690411e+01,-2.240562388937840410e+01,-2.242149161779247279e+01,-2.244034057555374062e+01,-2.246175932749414272e+01,-2.248550439175675919e+01,-2.251148604677908693e+01,-2.253972627622038871e+01,-2.257032791843814934e+01,-2.260345754260493933e+01,-2.263933814442762582e+01,-2.267824845343289653e+01,-2.272052706883896889e+01,-2.276658071160446539e+01,-2.281689663079316688e+01,-2.287205980461963861e+01,-2.293277618002699114e+01,-2.299990393321133908e+01,-2.307449575966060706e+01,-2.315785673253113686e+01,-2.325162465111853294e+01,-2.335788363676855184e+01,-2.347932810151173300e+01,-2.361950513589198053e+01,-2.378318277760518029e+01,-2.397692757403365960e+01,-2.421004463044022970e+01,-2.449617643995696881e+01,-2.485617015780403705e+01,-2.532356598401246828e+01,-2.595600407753187611e+01,-2.686162685839681785e+01,-2.826992607186074835e+01,-3.029506922854274720e+01,-3.020208467982622125e+01,-3.015552601350992035e+01,-3.012735768388869317e+01,-3.010833209250326092e+01,-3.009451036867665152e+01,-3.008393175675037767e+01,-3.007551104504883810e+01,-3.006859956623098640e+01,-3.006278630101294880e+01,-3.005779865873151735e+01,-3.005344913139227003e+01,-3.004960483184355624e+01,-3.004616921438362454e+01,-3.004307063869628180e+01,-3.004025495639260868e+01,-3.003768055632680145e+01
-2.238844758703472237e+01,-2.240124501990553085e+01,-2.241791916005341534e+01,-2.243769543815352918e+01,-2.246000766293012774e+01,-2.248458486689814961e+01,-2.251135370702711924e+01,-2.254036212922661875e+01,-2.257173871579552937e+01,-2.260567396496276515e+01,-2.264241371154309590e+01,-2.268225970189772411e+01,-2.272557509941349352e+01,-2.277279417847139698e+01,-2.282443634558582346e+01,-2.288112528682442104e+01,-2.294361470062678166e+01,-2.301282289969207895e+01,-2.308987973385789871e+01,-2.317619105345468000e+01,-2.327352871689015856e+01,-2.338415867532013337e+01,-2.351102726839961576e+01,-2.365803905604510149e+01,-2.383048327493553842e+01,-2.403571068808878053e+01,-2.428425086769174612e+01,-2.459174482196620914e+01,-2.498248306519147377e+01,-2.549635478237274455e+01,-2.620377889313616393e+01,-2.724184459816832771e+01,-2.891771154416726830e+01,-3.027538750523095246e+01,-3.019689410652581429e+01,-3.015472812955425042e+01,-3.012822159490795926e+01,-3.010988220332453835e+01,-3.009633814949662778e+01,-3.008584861558629697e+01,-3.007742470946325852e+01,-3.007046370098869303e+01,-3.006457787269767934e+01,-3.005950699781786639e+01,-3.005507034444987369e+01,-3.005113882131175984e+01,-3.004761803435722456e+01,-3.004443756255485454e+01,-3.004154393533510614e+01,-3.003889589751585376e+01
-2.238364173058483075e+01,-2.239698668366140666e+01,-2.241474428228527671e+01,-2.243559545765439367e+01,-2.245885268040293425e+01,-2.248426889579112498e+01,-2.251181534336094003e+01,-2.254157896825339336e+01,-2.257371992966753282e+01,-2.260845536538835177e+01,-2.264605541147873069e+01,-2.268684590695251657e+01,-2.273121569523308949e+01,-2.277962801120654746e+01,-2.283263631530986615e+01,-2.289090559893558918e+01,-2.295524088440889088e+01,-2.302662555675794565e+01,-2.310627349530222219e+01,-2.319570102004540857e+01,-2.329682793133070717e+01,-2.341212228784495863e+01,-2.354481267617585516e+01,-2.369920772661591357e+01,-2.388119186049965137e+01,-2.409902210003109602e+01,-2.436466319236363276e+01,-2.469613905785377739e+01,-2.512193410380735159e+01,-2.568988323914577876e+01,-2.648698447107809173e+01,-2.768982098023420946e+01,-2.971989478376109162e+01,-3.026025205704082666e+01,-3.019250565235201478e+01,-3.015397120905651818e+01,-3.012893716602550498e+01,-3.011124261894821075e+01,-3.009797847544103888e+01,-3.008759289686388883e+01,-3.007918317629665950e+01,-3.007218913873976263e+01,-3.006624535969779188e+01,-3.006110382988176966e+01,-3.005659075153699789e+01,-3.005258107785211763e+01,-3.004898282340812798e+01,-3.004572702188511713e+01,-3.004276108548203439e+01,-3.004004428878447897e+01
-2.237875452133165410e+01,-2.239306386246135361e+01,-2.241224863541911461e+01,-2.243426430374781688e+01,-2.245845625044071880e+01,-2.248467439926522360e+01,-2.251295996787274944e+01,-2.254344695551316136e+01,-2.257632934744121300e+01,-2.261185139561342439e+01,-2.265030765577507665e+01,-2.269204834319402408e+01,-2.273748865059677016e+01,-2.278712196461035688e+01,-2.284153765288391469e+01,-2.290144471844338625e+01,-2.296770334928330826e+01,-2.304136740635436453e+01,-2.312374241506662287e+01,-2.321646600485575007e+01,-2.332162158026953236e+01,-2.344190238967225426e+01,-2.358085411565613398e+01,-2.374324361031497332e+01,-2.393563754075755412e+01,-2.416734493568236886e+01,-2.445202182682117709e+01,-2.481055242825019036e+01,-2.527657252080499717e+01,-2.590797157331262568e+01,-2.681358503260159054e+01,-2.822508478369995544e+01,-3.036990550192170346e+01,-3.024821533656901806e+01,-3.018872848183385571e+01,-3.015324668684164422e+01,-3.012952701890598917e+01,-3.011243834554787924e+01,-3.009945302417563795e+01,-3.008918235720010159e+01,-3.008080080591370020e+01,-3.007378750720095084e+01,-3.006779823078589331e+01,-3.006259691632877917e+01,-3.005801675248509497e+01,-3.005393690376276794e+01,-3.005026798969549517e+01,-3.004694268974052562e+01,-3.004390947138730894e+01,-3.004112828888755260e+01
-2.237378973443700403e+01,-2.239002563407733604e+01,-2.241085445949472899e+01,-2.243396425357485313e+01,-2.245898574512941082e+01,-2.248591540954273071e+01,-2.251487077042272489e+01,-2.254603072756805204e+01,-2.257962009746817600e+01,-2.261590797104453898e+01,-2.265521195896161544e+01,-2.269790612734441737e+01,-2.274443226337303514e+01,-2.279531491572355151e+01,-2.285118120987928592e+01,-2.291278702275851131e+01,-2.298105187812775085e+01,-2.305710606419830455e+01,-2.314235522682119139e+01,-2.323857047014174881e+01,-2.334801652995422572e+01,-2.347363820555683134e+01,-2.361933847516860396e+01,-2.379040559418262291e+01,-2.399419140842732290e+01,-2.424123198844325344e+01,-2.454718807138106484e+01,-2.493640205073932137e+01,-2.544889579003157110e+01,-2.615543841494160304e+01,-2.719412403654854060e+01,-2.887546600966302179e+01,-3.033891890603281638e+01,-3.023838491372752912e+01,-3.018542781420397603e+01,-3.015254833122347122e+01,-3.013000957763515331e+01,-3.011349037229595282e+01,-3.010078044336534120e+01,-3.009063257161358962e+01,-3.008229039304063690e+01,-3.007526929866013177e+01,-3.006924511823652679e+01,-3.006399339086762978e+01,-3.005935426646890463e+01,-3.005521122514484489e+01,-3.005147764009144140e+01,-3.004808799221861904e+01,-3.004499195066594552e+01,-3.004215027976542629e+01
-2.237062205616622990e+01,-2.238902170004452685e+01,-2.241106073076148775e+01,-2.243494787743509633e+01,-2.246058837022583887e+01,-2.248808854939663249e+01,-2.251761764303334701e+01,-2.254938501047157473e+01,-2.258363792642676060e+01,-2.262066549264645943e+01,-2.266080572716365182e+01,-2.270445536579693169e+01,-2.275208272325364334e+01,-2.280424442458871681e+01,-2.286160727174349105e+01,-2.292497710123303278e+01,-2.299533734639610216e+01,-2.307390131852566384e+01,-2.316218425363835465e+01,-2.326210443165130926e+01,-2.337612804972566849e+01,-2.350748166677739093e+01,-2.366047210198361128e+01,-2.384098304692456693e+01,-2.405727383500308392e+01,-2.432131904958448843e+01,-2.465117050465790882e+01,-2.507538446146048727e+01,-2.564197995994922508e+01,-2.643845080855430041e+01,-2.764286191856730213e+01,-2.968203412468596980e+01,-3.031538624227225753e+01,-3.023018088705406470e+01,-3.018250589818940455e+01,-3.015187161609043542e+01,-3.013040007417240673e+01,-3.011441650655174129e+01,-3.010197691068091785e+01,-3.009195729844396894e+01,-3.008366340729494937e+01,-3.007664403203171233e+01,-3.007059392955670774e+01,-3.006529983811686080e+01,-3.006060878815819493e+01,-3.005640863237469773e+01,-3.005261560940834542e+01,-3.004916612945342180e+01,-3.004601118888044908e+01,-3.004311247689399877e+01
-2.237265641444182407e+01,-2.239102176826609991e+01,-2.241322503909401220e+01,-2.243738331471064384e+01,-2.246336135209672946e+01,-2.249125946221473171e+01,-2.252125026274935138e+01,-2.255355074253150960e+01,-2.258841884850734161e+01,-2.262615732758692388e+01,-2.266712122553210662e+01,-2.271172842700489269e+01,-2.276047358899907991e+01,-2.281394636062151804e+01,-2.287285530414980883e+01,-2.293805961076955668e+01,-2.301061169209691215e+01,-2.309181523701541749e+01,-2.318330569825410592e+01,-2.328716401588552642e+01,-2.340608078337241338e+01,-2.354359905807903175e+01,-2.370448360330618698e+01,-2.389530068566192966e+01,-2.412536323167002905e+01,-2.440834146794603754e+01,-2.476515835174178903e+01,-2.522954869715493231e+01,-2.585965839931208166e+01,-2.676503270789897826e+01,-2.817957461081437032e+01,-3.042973291729551732e+01,-3.028383523486530393e+01,-3.021400446738837786e+01,-3.017283977768909864e+01,-3.014553983672635340e+01,-3.012599008939704248e+01,-3.011120622895547427e+01,-3.009955924622211398e+01,-3.009008538662420307e+01,-3.008217887640731547e+01,-3.007544064947302331e+01,-3.006959785651363504e+01,-3.006445828273593435e+01,-3.005988317236848673e+01,-3.005577030785231685e+01,-3.005204307337953296e+01,-3.004864315368866912e+01,-3.004552552125050013e+01,-3.004265491153950762e+01
-2.237942838438198478e+01,-2.239595527185399959e+01,-2.241736093648825801e+01,-2.244129569636826815e+01,-2.246733085542701858e+01,-2.249545366999102214e+01,-2.252579349433611711e+01,-2.255855247738546865e+01,-2.259398753896597256e+01,-2.263240874351236087e+01,-2.267418483388022921e+01,-2.271975340403349009e+01,-2.276963539592410868e+01,-2.282445462207863685e+01,-2.288496376988210557e+01,-2.295207918975654948e+01,-2.302692794053483283e+01,-2.311091233390970956e+01,-2.320580001065830089e+01,-2.331385212983821020e+01,-2.343800989903564869e+01,-2.358217296631849180e+01,-2.375162718385170990e+01,-2.395372444581785132e+01,-2.419900679196304694e+01,-2.450315489013737036e+01,-2.489056441826448918e+01,-2.540139366503115426e+01,-2.610677129460152202e+01,-2.714582254120097460e+01,-2.883250858738262323e+01,-3.035460500476688495e+01,-3.024808913672368149e+01,-3.019259802501495926e+01,-3.015835362638715722e+01,-3.013496592816175124e+01,-3.011786336846990864e+01,-3.010472086023909455e+01,-3.009423172097105237e+01,-3.008560600852867850e+01,-3.007833895121991219e+01,-3.007209376568846793e+01,-3.006663792693194637e+01,-3.006180642204573417e+01,-3.005747950399829804e+01,-3.005356865145142109e+01,-3.005000738191412779e+01,-3.004674504829311843e+01,-3.004374253450144039e+01,-3.004096919978892544e+01
-2.238771914618047276e+01,-2.240288046116331344e+01,-2.242315282366021023e+01,-2.244656708403455525e+01,-2.247245050324064763e+01,-2.250065526198113020e+01,-2.253124637526328300e+01,-2.256439760644758508e+01,-2.260035673046797911e+01,-2.263943643281880824e+01,-2.268201666851938825e+01,-2.272855381506756345e+01,-2.277959542477124444e+01,-2.283580097016728416e+01,-2.289797003216841986e+01,-2.296708044310952346e+01,-2.304434029533315709e+01,-2.313125980940982274e+01,-2.322975234802466460e+01,-2.334227926497966976e+01,-2.347206245323042850e+01,-2.362340459426244621e+01,-2.380218664140780049e+01,-2.401666860198494646e+01,-2.427883375826094792e+01,-2.460676146599940139e+01,-2.502908095095730800e+01,-2.559399977259559122e+01,-2.638952088694075471e+01,-2.759523484868228138e+01,-2.964346427191166455e+01,-3.029973801160220503e+01,-3.021933670013790518e+01,-3.017452052631129789e+01,-3.014575931479713233e+01,-3.012559510816629427e+01,-3.011056347389860832e+01,-3.009883680754659352e+01,-3.008936061766735293e+01,-3.008148472471545887e+01,-3.007478734994701597e+01,-3.006898380844060625e+01,-3.006387582548392956e+01,-3.005932180964705580e+01,-3.005521858772698351e+01,-3.005148972234461624e+01,-3.004807777219794218e+01,-3.004493900377505611e+01,-3.004203968103773903e+01,-3.003935340496803619e+01
-2.239612984737346224e+01,-2.241078961046921947e+01,-2.243015916151270517e+01,-2.245299263391528299e+01,-2.247861959438918333e+01,-2.250681364534211326e+01,-2.253758484681332774e+01,-2.257107750596066964e+01,-2.260752768032932281e+01,-2.264724867238939510e+01,-2.269063060177695235e+01,-2.273814856450789179e+01,-2.279037764890077966e+01,-2.284801499105659062e+01,-2.291191035549665855e+01,-2.298310800841320756e+01,-2.306290430591520391e+01,-2.315292787330542978e+01,-2.325525314324168136e+01,-2.337256446056064263e+01,-2.350839901160284384e+01,-2.366751651768322517e+01,-2.385648017337456395e+01,-2.408460445944023220e+01,-2.436557192995157806e+01,-2.472034327553143385e+01,-2.518275320548321261e+01,-2.581120976029165348e+01,-2.671598871323686453e+01,-2.813330199380421348e+01,-3.038855908928672633e+01,-3.025802705852683161e+01,-3.019577401637432601e+01,-3.015909412639462772e+01,-3.013473940265570761e+01,-3.011725623943972252e+01,-3.010398870741691368e+01,-3.009348919241682552e+01,-3.008490225921563876e+01,-3.007769086254537072e+01,-3.007150177876437880e+01,-3.006609409371146668e+01,-3.006129873757154058e+01,-3.005699436166376159e+01,-3.005309230096646544e+01,-3.004952682647789075e+01,-3.004624860371329120e+01,-3.004322016692735176e+01,-3.004041270576328770e+01,-3.003780373640227808e+01
-2.240465748142701941e+01,-2.241920630268067427e+01,-2.243800673697658965e+01,-2.246035065104622319e+01,-2.248571061629954215e+01,-2.251385536480247751e+01,-2.254476724848681357e+01,-2.257857025264645401e+01,-2.261549157147797473e+01,-2.265584606500907228e+01,-2.270003465931383602e+01,-2.274855215919661333e+01,-2.280200286067588067e+01,-2.286112418959359971e+01,-2.292682000930911457e+01,-2.300020670990232574e+01,-2.308267712003332761e+01,-2.317599016464514250e+01,-2.328239879982584526e+01,-2.340483645540010826e+01,-2.354719557790302531e+01,-2.371475598269630680e+01,-2.391486618855520518e+01,-2.415807103219664498e+01,-2.446006837373042941e+01,-2.484530540895886119e+01,-2.535407763537340387e+01,-2.605788162309655576e+01,-2.709690814743670373e+01,-2.878871070320201042e+01,-3.031993285418104378e+01,-3.022534265304775047e+01,-3.017616901215109948e+01,-3.014581368238102499e+01,-3.012504399513985121e+01,-3.010980942836694396e+01,-3.009805363174733728e+01,-3.008862237616753532e+01,-3.008081858994004776e+01,-3.007419736251770814e+01,-3.006846237299018654e+01,-3.006340963173292025e+01,-3.005889506521938870e+01,-3.005481488687882674e+01,-3.005109318511710370e+01,-3.004767376647930988e+01,-3.004451460652784789e+01,-3.004158395807339943e+01,-3.003885755162087179e+01,-3.003631654278542840e+01
-2.241330173151089156e+01,-2.242794121252620698e+01,-2.244644525839669313e+01,-2.246844818445554282e+01,-2.249359381845615147e+01,-2.252169675118200587e+01,-2.255274096868221889e+01,-2.258684424698002857e+01,-2.262423155615392645e+01,-2.266522272756600032e+01,-2.271023173063668565e+01,-2.275977514863512141e+01,-2.281448896267711746e+01,-2.287515420926436960e+01,-2.294273347432211807e+01,-2.301842180371436797e+01,-2.310371782836002197e+01,-2.320052427927450722e+01,-2.331129253298650994e+01,-2.343923506248522770e+01,-2.358864589391031430e+01,-2.376539886454834161e+01,-2.397775037288870337e+01,-2.423768825369102231e+01,-2.456331563554159558e+01,-2.498333211417769206e+01,-2.554613488285462708e+01,-2.634024953889998244e+01,-2.754685244567953006e+01,-2.960404746262132392e+01,-3.026999870212618049e+01,-3.019912032627418341e+01,-3.015965125963620252e+01,-3.013429490174645409e+01,-3.011647359655068001e+01,-3.010313915325432532e+01,-3.009268591634577916e+01,-3.008418835918403644e+01,-3.007707629879032751e+01,-3.007098026879852881e+01,-3.006565138705519402e+01,-3.006091693117721420e+01,-3.005665429934941457e+01,-3.005277500069835028e+01,-3.004921438542254819e+01,-3.004592479764569646e+01,-3.004287084730547264e+01,-3.004002604332015025e+01,-3.003737033584002702e+01,-3.003488829119474346e+01
-2.242206263696226642e+01,-2.243691186054822850e+01,-2.245532056471431304e+01,-2.247713573092953254e+01,-2.250215248055769734e+01,-2.253025416260351932e+01,-2.256144873274470086e+01,-2.259586202368789642e+01,-2.263372508925142412e+01,-2.267536774674261579e+01,-2.272122049902488783e+01,-2.277182473926538364e+01,-2.282785139728389368e+01,-2.289012916515177309e+01,-2.295968474627907696e+01,-2.303779931492887556e+01,-2.312608790687802696e+01,-2.322661241747372074e+01,-2.334204537930755308e+01,-2.347591280733371022e+01,-2.363296418748110739e+01,-2.381975444064265801e+01,-2.404559433020803638e+01,-2.432417344429821071e+01,-2.467648523367195779e+01,-2.513646087881686597e+01,-2.576277286497426644e+01,-2.666645074069066723e+01,-2.808612470387767956e+01,-3.034674376472301205e+01,-3.023215596802763727e+01,-3.017768300374559232e+01,-3.014558813055779396e+01,-3.012424010146147424e+01,-3.010886692641305373e+01,-3.009714912449575053e+01,-3.008782388702724830e+01,-3.008014550088966033e+01,-3.007364610236098557e+01,-3.006801830549739663e+01,-3.006305293350105146e+01,-3.005860383299240013e+01,-3.005456691085414533e+01,-3.005086705146558046e+01,-3.004744959908074620e+01,-3.004427458941008311e+01,-3.004131269881398580e+01,-3.003854230885350418e+01,-3.003594732717179383e+01,-3.003351554636680731e+01
-2.243094030634004810e+01,-2.244607781659303569e+01,-2.246453870612145209e+01,-2.248630397530537905e+01,-2.251128910452088050e+01,-2.253945055117613805e+01,-2.257083357288302849e+01,-2.260558367848360461e+01,-2.264394622767444076e+01,-2.268626671979777498e+01,-2.273299648721874178e+01,-2.278470552343247491e+01,-2.284210368072741915e+01,-2.290607207125294309e+01,-2.297770772829471753e+01,-2.305838646474591513e+01,-2.314985176208843853e+01,-2.325434216495023065e+01,-2.337477740119488701e+01,-2.351503687963163003e+01,-2.368038846453978863e+01,-2.387817117201933925e+01,-2.411892621631475464e+01,-2.441836200621296626e+01,-2.480097090171041074e+01,-2.530718150190356042e+01,-2.600886344279610896e+01,-2.704731473484154236e+01,-2.874388640610207801e+01,-3.028485657781403972e+01,-3.020258403697087601e+01,-3.015988737277406173e+01,-3.013350856353664398e+01,-3.011541497202715334e+01,-3.010209209812797937e+01,-3.009175838677730397e+01,-3.008341460191913797e+01,-3.007645748731342650e+01,-3.007050215451128494e+01,-3.006529252238679106e+01,-3.006065276251751328e+01,-3.005645936927255946e+01,-3.005262425788798097e+01,-3.004908405763687895e+01,-3.004579303070779162e+01,-3.004271819168404178e+01,-3.003983581246158252e+01,-3.003712883686303670e+01,-3.003458492372167399e+01,-3.003219494986953109e+01
-2.243993485005212207e+01,-2.245541726129912874e+01,-2.247404127769573634e+01,-2.249587486759319788e+01,-2.252092575058913937e+01,-2.254921866086009175e+01,-2.258084217098182478e+01,-2.261596958661274215e+01,-2.265486766167503063e+01,-2.269790322793982540e+01,-2.274555312296161702e+01,-2.279842026362287655e+01,-2.285725800540610919e+01,-2.292300534097078923e+01,-2.299683670093241972e+01,-2.308023218501721630e+01,-2.317507738411707408e+01,-2.328380742230817901e+01,-2.340961911723523059e+01,-2.355679145877740055e+01,-2.373118446508926027e+01,-2.394104374230659005e+01,-2.419835391648932443e+01,-2.452123366119644388e+01,-2.493844505490726959e+01,-2.549857056993080562e+01,-2.629066964959521258e+01,-2.749758106240995303e+01,-2.956358770641431377e+01,-3.023999009867097953e+01,-3.017891757971560907e+01,-3.014492685185326337e+01,-3.012305437274286746e+01,-3.010763242792315708e+01,-3.009604012341085877e+01,-3.008689832526376406e+01,-3.007941232526983910e+01,-3.007309249135188978e+01,-3.006762155686237392e+01,-3.006278599712161892e+01,-3.005843807516115618e+01,-3.005447364340738048e+01,-3.005081850727934523e+01,-3.004741965462270059e+01,-3.004423935442908089e+01,-3.004125100557191885e+01,-3.003843609343970300e+01,-3.003578188268867777e+01,-3.003327963097123998e+01,-3.003092319877243810e+01
-2.244904636076711313e+01,-2.246491752211358417e+01,-2.248379089848353729e+01,-2.250579295712387662e+01,-2.253100163899550878e+01,-2.255950184839213435e+01,-2.259142672590745704e+01,-2.262698232296778755e+01,-2.266646235253006125e+01,-2.271026013748108241e+01,-2.275888274839484282e+01,-2.281297068013020279e+01,-2.287332587652852212e+01,-2.294095133982024848e+01,-2.301710685886365937e+01,-2.310338771736170216e+01,-2.320183711380344604e+01,-2.331510950105014501e+01,-2.344671319630193196e+01,-2.360138048842853209e+01,-2.378565043505817656e+01,-2.400882167625561436e+01,-2.428458149722814596e+01,-2.463394603608509570e+01,-2.509093344306376494e+01,-2.571447702577882310e+01,-2.661638332954799324e+01,-2.803784409773646402e+01,-3.030413499378767384e+01,-3.020609073504871134e+01,-3.015961338108196088e+01,-3.013221581362166646e+01,-3.011394814650527607e+01,-3.010074114287220937e+01,-3.009062005519485439e+01,-3.008251033849246525e+01,-3.007577730488410594e+01,-3.007002248399317779e+01,-3.006498395002816792e+01,-3.006048358357915973e+01,-3.005639736466818235e+01,-3.005263772843980519e+01,-3.004914256836914177e+01,-3.004586805034898944e+01,-3.004278368203280891e+01,-3.003986875804402246e+01,-3.003710967808523691e+01,-3.003449785277294026e+01,-3.003202803954189193e+01,-3.002969702336878299e+01
-2.245827490868715870e+01,-2.247457081991391448e+01,-2.249376292986934800e+01,-2.251601867243171284e+01,-2.254146997894349624e+01,-2.257025353609201446e+01,-2.260254570668156049e+01,-2.263858785466893764e+01,-2.267870474558342408e+01,-2.272332067426260238e+01,-2.277297752263720909e+01,-2.282835820253853143e+01,-2.289031875481030909e+01,-2.295993297193210836e+01,-2.303855490425254260e+01,-2.312790729528770939e+01,-2.323020853191077961e+01,-2.334835840838903565e+01,-2.348621646208615132e+01,-2.364903099399876041e+01,-2.384412290760114672e+01,-2.408201995834276943e+01,-2.437842991342325760e+01,-2.475787810523181420e+01,-2.526091520195117113e+01,-2.595978299946220247e+01,-2.699693316893587536e+01,-2.869778724220912025e+01,-3.024921500092564131e+01,-3.017966878622557658e+01,-3.014362125560035821e+01,-3.012131848038818660e+01,-3.010597149321835886e+01,-3.009461725503230412e+01,-3.008575530389386543e+01,-3.007854400880139067e+01,-3.007247478316526923e+01,-3.006722266439841107e+01,-3.006257116961415576e+01,-3.005837169789136709e+01,-3.005452028125979780e+01,-3.005094358110818931e+01,-3.004759003792004535e+01,-3.004442398882159893e+01,-3.004142153676827576e+01,-3.003856748023785173e+01,-3.003585291309662608e+01,-3.003327328297744359e+01,-3.003082680219918643e+01,-3.002851316343815924e+01
-2.246762054282232057e+01,-2.248437217954992207e+01,-2.250394070332926688e+01,-2.252652353726919543e+01,-2.255229496347709528e+01,-2.258143604007141647e+01,-2.261416387625401825e+01,-2.265075615563882394e+01,-2.269157159277544622e+01,-2.273706925914257226e+01,-2.278783019178664659e+01,-2.284458465934129023e+01,-2.290824868453370655e+01,-2.297997428610743142e+01,-2.306121968959916302e+01,-2.315384891002844370e+01,-2.326027548176784521e+01,-2.338367434890093222e+01,-2.352830226630200627e+01,-2.369999706167165954e+01,-2.390698374288678707e+01,-2.416123220558466755e+01,-2.448086330356497697e+01,-2.489468702830672342e+01,-2.545145897913861432e+01,-2.624077808066723705e+01,-2.744723627147423173e+01,-2.952182773618650558e+01,-3.020953950621092687e+01,-3.015857033317617919e+01,-3.013020129456890572e+01,-3.011190359516107762e+01,-3.009894993908316607e+01,-3.008915826181389264e+01,-3.008138080636652489e+01,-3.007495564788935383e+01,-3.006947418906002767e+01,-3.006467098382232805e+01,-3.006036695414841375e+01,-3.005643813521949070e+01,-3.005279751659502452e+01,-3.004938396948711699e+01,-3.004615515503123646e+01,-3.004308272118366929e+01,-3.004014883251431911e+01,-3.003734348913149432e+01,-3.003466233624825676e+01,-3.003210481677681898e+01,-3.002967260951753303e+01,-3.002736834245194686e+01
-2.247708329534277638e+01,-2.249431832726354941e+01,-2.251431270121318562e+01,-2.253728687681493525e+01,-2.256344926036157261e+01,-2.259301922644954175e+01,-2.262625190115224427e+01,-2.266346140887668170e+01,-2.270504245298626245e+01,-2.275149212187963954e+01,-2.280343472124369342e+01,-2.286165289322400440e+01,-2.292712889440736390e+01,-2.300110109223986399e+01,-2.308514290630055754e+01,-2.318127516404397070e+01,-2.329212924099536508e+01,-2.342118947861559519e+01,-2.357316330385297576e+01,-2.375456462975303040e+01,-2.397466874944339210e+01,-2.424714713221418805e+01,-2.459302270508989707e+01,-2.504638345166946323e+01,-2.566641126484255864e+01,-2.656570907474904075e+01,-2.798820590379941464e+01,-3.026052577616365369e+01,-3.017964644338103497e+01,-3.014139330556812268e+01,-3.011881676764135563e+01,-3.010371458577114012e+01,-3.009274221689193141e+01,-3.008427845529521605e+01,-3.007744082270750496e+01,-3.007170712770615495e+01,-3.006674847071374757e+01,-3.006234774359251105e+01,-3.005835669444062574e+01,-3.005467191141805827e+01,-3.005122070459180605e+01,-3.004795241248421434e+01,-3.004483276524539193e+01,-3.004183998395571464e+01,-3.003896185818569009e+01,-3.003619337240477094e+01,-3.003353465824151414e+01,-3.003098918277284568e+01,-3.002856216351705143e+01,-3.002625923901147686e+01
-2.248666318791145002e+01,-2.250440707487361180e+01,-2.252487084300201658e+01,-2.254829357172673454e+01,-2.257491204077475899e+01,-2.260497923038618140e+01,-2.263878576890577321e+01,-2.267668194301427675e+01,-2.271909994868065041e+01,-2.276657772742417052e+01,-2.281978680004249682e+01,-2.287956730052840015e+01,-2.294697436629216725e+01,-2.302334158423517252e+01,-2.311036981929774470e+01,-2.321025422022027485e+01,-2.332586986355060432e+01,-2.346104995688632044e+01,-2.362101496274118517e+01,-2.381305728564959168e+01,-2.404767830987752575e+01,-2.434056929865073116e+01,-2.471626974246825625e+01,-2.521543265763887121e+01,-2.591066186198088062e+01,-2.694560934343046910e+01,-2.865010805050730269e+01,-3.021279377535789834e+01,-3.015639978222888473e+01,-3.012718521326962318e+01,-3.010906849672585750e+01,-3.009654937449278123e+01,-3.008723252215696675e+01,-3.007990545961940398e+01,-3.007388720067427812e+01,-3.006876492990119232e+01,-3.006427353776151534e+01,-3.006023525123669060e+01,-3.005652721557421359e+01,-3.005306312451664397e+01,-3.004978233573293878e+01,-3.004664312970986373e+01,-3.004361829325549493e+01,-3.004069198434618571e+01,-3.003785726739498685e+01,-3.003511397637313252e+01,-3.003246674530703686e+01,-3.002992317086851770e+01,-3.002749214843906955e+01,-3.002518245466514912e+01
-2.249636023955640951e+01,-2.251463696037663098e+01,-2.253560941430308873e+01,-2.255953252413043586e+01,-2.258666747815843578e+01,-2.261729733762679473e+01,-2.265174615266295888e+01,-2.269040001706888177e+01,-2.273372985252431633e+01,-2.278231705500952842e+01,-2.283688423584050753e+01,-2.289833430155816885e+01,-2.296780237334661834e+01,-2.304672697064768627e+01,-2.313695005258954396e+01,-2.324086085960171033e+01,-2.336160772026263999e+01,-2.350341835379722255e+01,-2.367209932679173434e+01,-2.387584331801673443e+01,-2.412659056944266922e+01,-2.444244549532347577e+01,-2.485224389611846263e+01,-2.540489252463539671e+01,-2.619052603353857833e+01,-2.739558893679051721e+01,-2.947845715341795625e+01,-3.017842397914728636e+01,-3.013786969248712211e+01,-3.011527582960357563e+01,-3.010065310025207452e+01,-3.009024637871967656e+01,-3.008232481676207826e+01,-3.007597756841498082e+01,-3.007067799197728419e+01,-3.006609936353478929e+01,-3.006202778886743232e+01,-3.005831752168957038e+01,-3.005486658394332622e+01,-3.005160283145011135e+01,-3.004847568220898424e+01,-3.004545100041373473e+01,-3.004250772381472245e+01,-3.003963539272558592e+01,-3.003683207355124551e+01,-3.003410239694849082e+01,-3.003145560212445631e+01,-3.002890360629513822e+01,-3.002645919763181226e+01,-3.002413447706676308e+01
-2.250617447590747489e+01,-2.252500703142555949e+01,-2.254652438081250310e+01,-2.257099560274668448e+01,-2.259870362331237814e+01,-2.262995905481518122e+01,-2.266511780173247814e+01,-2.270460153418283866e+01,-2.274892106562561267e+01,-2.279870376989077130e+01,-2.285472726338891647e+01,-2.291796275373040004e+01,-2.298963299423796514e+01,-2.307129211885122189e+01,-2.316493843492818527e+01,-2.327317766599882987e+01,-2.339946527453341218e+01,-2.354847648663873017e+01,-2.372668998219520020e+01,-2.394334434871068140e+01,-2.421207793238514583e+01,-2.455389862205938911e+01,-2.500293853320175330e+01,-2.561860491627068726e+01,-2.651430785121258893e+01,-2.793691463068919134e+01,-3.021566025545876855e+01,-3.015259176175418787e+01,-3.012280282509032858e+01,-3.010517940157193806e+01,-3.009333555588951725e+01,-3.008467459333603955e+01,-3.007793857216181266e+01,-3.007244167087101872e+01,-3.006777633565461016e+01,-3.006368391268382112e+01,-3.005999170505162610e+01,-3.005658001256201928e+01,-3.005336393252942884e+01,-3.005028293570738995e+01,-3.004729473131801853e+01,-3.004437153026968588e+01,-3.004149759062316960e+01,-3.003866734257802662e+01,-3.003588365076286237e+01,-3.003315597365109824e+01,-3.003049835454531191e+01,-3.002792732048077795e+01,-3.002545985525962635e+01,-3.002311163720576559e+01
-2.251610593973909857e+01,-2.253551671243265986e+01,-2.255761293983446691e+01,-2.258267691141602640e+01,-2.261101156824019398e+01,-2.264295335975876355e+01,-2.267888899692299276e+01,-2.271927573749362494e+01,-2.276466553513054691e+01,-2.281573432318339556e+01,-2.287331879006499591e+01,-2.293846432256779622e+01,-2.301248961380053260e+01,-2.309707622257845472e+01,-2.319439591960521341e+01,-2.330729636207516720e+01,-2.343957914027674505e+01,-2.359642877906606984e+01,-2.378509782201459899e+01,-2.401604597031415622e+01,-2.430492787020947532e+01,-2.467627166113022597e+01,-2.517080326987177585e+01,-2.586146627992209091e+01,-2.689315354095471022e+01,-2.860050813936169689e+01,-3.017533648600415930e+01,-3.013253820382899306e+01,-3.011034920269958448e+01,-3.009653486399052014e+01,-3.008693066224848778e+01,-3.007972642883380132e+01,-3.007400554204308207e+01,-3.006925161630476495e+01,-3.006514954571800047e+01,-3.006149468431675942e+01,-3.005814749298756539e+01,-3.005500938388718524e+01,-3.005200929801911514e+01,-3.004909608153758782e+01,-3.004623412441779706e+01,-3.004340082476916862e+01,-3.004058497310717613e+01,-3.003778543848877902e+01,-3.003500974113044464e+01,-3.003227228676716365e+01,-3.002959223147723833e+01,-3.002699111746349203e+01,-3.002449053120662370e+01,-3.002211005914915987e+01
-2.252615470281761745e+01,-2.254616572283660147e+01,-2.256887322270300444e+01,-2.259457227798965917e+01,-2.262358482734249776e+01,-2.265627210903677380e+01,-2.269305108556471140e+01,-2.273441492063875558e+01,-2.278095814600404267e+01,-2.283340800929720871e+01,-2.289266460070980713e+01,-2.295985382677939057e+01,-2.303639942312213762e+01,-2.312412350615805678e+01,-2.322539059693235330e+01,-2.334331932870214743e+01,-2.348210248195590566e+01,-2.364750626228774877e+01,-2.384767809977065411e+01,-2.409451095257931641e+01,-2.440606941093660964e+01,-2.481118542495666190e+01,-2.535888393718725808e+01,-2.613981850108636706e+01,-2.734238527024441012e+01,-2.943313505388979223e+01,-3.014638586545537180e+01,-3.011657065319376514e+01,-3.009991153016404652e+01,-3.008906787567897467e+01,-3.008129020470510895e+01,-3.007531245007999843e+01,-3.007046728283544468e+01,-3.006636690917521548e+01,-3.006276835608338160e+01,-3.005950993331973109e+01,-3.005647876515632433e+01,-3.005359327369341571e+01,-3.005079346341639379e+01,-3.004803555002162341e+01,-3.004528909836275830e+01,-3.004253556781699430e+01,-3.003976750110861715e+01,-3.003698777300382972e+01,-3.003420846927702215e+01,-3.003144915781543034e+01,-3.002873454509355966e+01,-3.002609173415640953e+01,-3.002354744709377243e+01,-3.002112560037591038e+01
-2.253632087907960724e+01,-2.255695402800100879e+01,-2.258030409578080366e+01,-2.260667889538170527e+01,-2.263641888108004707e+01,-2.266990957725579037e+01,-2.270759809782994765e+01,-2.275001417114277658e+01,-2.279779661122559986e+01,-2.285172700439769145e+01,-2.291277354164007818e+01,-2.298214957380462664e+01,-2.306139393381309333e+01,-2.315248398190978918e+01,-2.325799882296609056e+01,-2.338136134776548758e+01,-2.352720783247706748e+01,-2.370197137087958339e+01,-2.391483905913490915e+01,-2.417939577035218335e+01,-2.451660719926194076e+01,-2.496061537768568428e+01,-2.557101729532575973e+01,-2.646202730727716101e+01,-2.788366354206405262e+01,-3.016925175445397045e+01,-3.012466862425792513e+01,-3.010359236511930803e+01,-3.009105735853838937e+01,-3.008256591973280436e+01,-3.007629387824033884e+01,-3.007135745169154362e+01,-3.006727322564294624e+01,-3.006375165601273736e+01,-3.006060628742259055e+01,-3.005770964650142929e+01,-3.005497024577806542e+01,-3.005232008128945864e+01,-3.004970779950103577e+01,-3.004709515162898370e+01,-3.004445542567832206e+01,-3.004177300374978543e+01,-3.003904336753877402e+01,-3.003627295351410353e+01,-3.003347836528016046e+01,-3.003068465354434124e+01,-3.002792266823712097e+01,-3.002522579222262067e+01,-3.002262657073355356e+01,-3.002015378034663229e+01
-2.254660463918413527e+01,-2.256788181178329467e+01,-2.259190502763500419e+01,-2.261899506933967174e+01,-2.264951084117677738e+01,-2.268386210397893876e+01,-2.272252643938760741e+01,-2.276607115569259676e+01,-2.281518137656242828e+01,-2.287069640394537018e+01,-2.293365770103391554e+01,-2.300537370172661511e+01,-2.308750952248971089e+01,-2.318221428014591723e+01,-2.329230649344779636e+01,-2.342155161863638213e+01,-2.357509042470919169e+01,-2.376012372920538951e+01,-2.398705256896167981e+01,-2.427147146894185070e+01,-2.463786577200103167e+01,-2.512699529458318537e+01,-2.581210719431208744e+01,-2.683936228490529530e+01,-2.854864799421702415e+01,-3.013656788185515012e+01,-3.010782710089375414e+01,-3.009286095782061210e+01,-3.008346550863810620e+01,-3.007686151028255495e+01,-3.007184274557837256e+01,-3.006779749049211858e+01,-3.006437916079712735e+01,-3.006137370682564480e+01,-3.005863910932243499e+01,-3.005607517129878659e+01,-3.005360749302454337e+01,-3.005117875036871311e+01,-3.004874409781604072e+01,-3.004626910874687340e+01,-3.004372934860519351e+01,-3.004111092031504882e+01,-3.003841134897888665e+01,-3.003564014067865173e+01,-3.003281839755520011e+01,-3.002997709371350865e+01,-3.002715400744119734e+01,-3.002438973855091575e+01,-3.002172353556815310e+01,-3.001918969443276808e+01
-2.255700622649088771e+01,-2.257894946409328085e+01,-2.260367600186054204e+01,-2.263152004236986414e+01,-2.266285920728894610e+01,-2.269812782783667160e+01,-2.273783465275056059e+01,-2.278258595068145809e+01,-2.283311555031278317e+01,-2.289032427298979400e+01,-2.295533260039614021e+01,-2.302955254280281849e+01,-2.311478802259517806e+01,-2.321337857433020702e+01,-2.332841049814822654e+01,-2.346403611077781193e+01,-2.362597215793181604e+01,-2.382230718163784289e+01,-2.406486733200064876e+01,-2.437165025434819654e+01,-2.477144780401050994e+01,-2.531335935693395456e+01,-2.608852487030248213e+01,-2.728737938976950517e+01,-2.938552593892342557e+01,-3.011316014035718780e+01,-3.009441932093581684e+01,-3.008385556546828710e+01,-3.007689212090897968e+01,-3.007182058905829791e+01,-3.006785444417878495e+01,-3.006457761522700523e+01,-3.006174603597786898e+01,-3.005920394895172620e+01,-3.005684437795091313e+01,-3.005458887814848978e+01,-3.005237662936287535e+01,-3.005015854404333098e+01,-3.004789438681572022e+01,-3.004555191996280428e+01,-3.004310750040027855e+01,-3.004054762899306041e+01,-3.003787083394892576e+01,-3.003508910030230439e+01,-3.003222801769828010e+01,-3.002932506287969616e+01,-3.002642596930904517e+01,-3.002357977025604896e+01,-3.002083354062891019e+01,-3.001822790974011923e+01
-2.256752597452264197e+01,-2.259015757926750112e+01,-2.261561746227116032e+01,-2.264425387304653725e+01,-2.267646369319627908e+01,-2.271270649111303186e+01,-2.275352323913796582e+01,-2.279956091822907638e+01,-2.285160486450513773e+01,-2.291062171957979743e+01,-2.297781740974667386e+01,-2.305471702331034578e+01,-2.314327738185934180e+01,-2.324604962744350800e+01,-2.336642039821661143e+01,-2.350898033024293099e+01,-2.368010635349967430e+01,-2.388891839604646350e+01,-2.414892542721328539e+01,-2.448101972699186746e+01,-2.491931174436100704e+01,-2.552354038360680377e+01,-2.640870370430635816e+01,-2.782817580511862943e+01,-3.012101150704326358e+01,-3.009562287031198480e+01,-3.008351330740513063e+01,-3.007619960955597449e+01,-3.007114843224836420e+01,-3.006733433734343564e+01,-3.006425962426177989e+01,-3.006165011301791523e+01,-3.005933899679620680e+01,-3.005721572287217924e+01,-3.005520103498948359e+01,-3.005323384842935752e+01,-3.005126407321788307e+01,-3.004924880384123398e+01,-3.004715072136717424e+01,-3.004493819543454691e+01,-3.004258680462271514e+01,-3.004008193714811981e+01,-3.003742185797756292e+01,-3.003462027100689014e+01,-3.003170721982487379e+01,-3.002872742623369717e+01,-3.002573591694615374e+01,-3.002279173863809447e+01,-3.001995122527068105e+01,-3.001726233874061123e+01
-2.257816432597548229e+01,-2.260150696259864844e+01,-2.262773028171188017e+01,-2.265719735644170996e+01,-2.269032510654523094e+01,-2.272759930157457831e+01,-2.276959453321919113e+01,-2.281700062630466874e+01,-2.287065767155493390e+01,-2.293160299931059143e+01,-2.300113519766291148e+01,-2.308090311416124862e+01,-2.317303240520310936e+01,-2.328030998980073818e+01,-2.340646037824429726e+01,-2.355657259721785124e+01,-2.373778349715525948e+01,-2.396041747285287116e+01,-2.423998321277767332e+01,-2.460088744895613644e+01,-2.508387680587000901e+01,-2.576245187209176635e+01,-2.678404831131877017e+01,-2.849423466571165520e+01,-3.009622616514999294e+01,-3.008202464395046150e+01,-3.007447956752595886e+01,-3.006961380160139186e+01,-3.006608581798882440e+01,-3.006331329165149668e+01,-3.006099927003203476e+01,-3.005897314560218092e+01,-3.005712661876242464e+01,-3.005538433842967549e+01,-3.005368905840436611e+01,-3.005199358284225397e+01,-3.005025626675251971e+01,-3.004843868475628099e+01,-3.004650493401701539e+01,-3.004442244927561134e+01,-3.004216433913914486e+01,-3.003971310342663870e+01,-3.003706514345243761e+01,-3.003423485042954511e+01,-3.003125661749203346e+01,-3.002818334906041642e+01,-3.002508111150463677e+01,-3.002202102446853260e+01,-3.001907051134897486e+01,-3.001628608607127191e+01
-2.258892185334511993e+01,-2.261299864330081633e+01,-2.264001574864483146e+01,-2.267035197578947603e+01,-2.270444527053294692e+01,-2.274280884126401858e+01,-2.278605262412854060e+01,-2.283491181099190825e+01,-2.289028497893782799e+01,-2.295328565751887950e+01,-2.302531322637771183e+01,-2.310815234694918630e+01,-2.320411560494012804e+01,-2.331625338379519263e+01,-2.344867153620201350e+01,-2.360702795672305498e+01,-2.379933822249386211e+01,-2.403734113220313873e+01,-2.433893799441835881e+01,-2.473283967341963674e+01,-2.526816724094981126e+01,-2.603649829227330770e+01,-2.723037042248305895e+01,-2.933534144371035524e+01,-3.007850867157136676e+01,-3.007118808126536180e+01,-3.006687732495169030e+01,-3.006388642412517598e+01,-3.006158547883870469e+01,-3.005968304833667304e+01,-3.005802266625473607e+01,-3.005650968519753619e+01,-3.005508029417588745e+01,-3.005368667701895902e+01,-3.005228916008174167e+01,-3.005085172839722674e+01,-3.004933939681981059e+01,-3.004771685899267197e+01,-3.004594833447280422e+01,-3.004399883028028029e+01,-3.004183714561083107e+01,-3.003944076286408915e+01,-3.003680214009502336e+01,-3.003393490294324053e+01,-3.003087754174665136e+01,-3.002769231829562457e+01,-3.002445863131258719e+01,-3.002126237413456167e+01,-3.001818440365638097e+01,-3.001529126357076649e+01
-2.259979928124229787e+01,-2.262463389279219328e+01,-2.265247556755309688e+01,-2.268371987848171401e+01,-2.271882697909570226e+01,-2.275833901439970575e+01,-2.280290331731506726e+01,-2.285330337894542296e+01,-2.291050052373975632e+01,-2.297569071481687786e+01,-2.305038330178427941e+01,-2.313651241084566479e+01,-2.323659818292594181e+01,-2.335398631770452482e+01,-2.349321458902240778e+01,-2.366059287710420378e+01,-2.386515786643141723e+01,-2.412031924539547134e+01,-2.444686240492479712e+01,-2.487881977630794594e+01,-2.547601418144414964e+01,-2.635418721864408553e+01,-2.777024568820920436e+01,-3.007068224340316576e+01,-3.006523931041157738e+01,-3.006235434950371044e+01,-3.006038855688246514e+01,-3.005885391492580183e+01,-3.005755118100029932e+01,-3.005638108671823616e+01,-3.005528584489328381e+01,-3.005422668545955389e+01,-3.005317374827978938e+01,-3.005210087117784923e+01,-3.005098252971071915e+01,-3.004979182614196631e+01,-3.004849910952460235e+01,-3.004707118268375510e+01,-3.004547134200454295e+01,-3.004366076630012827e+01,-3.004160195633352970e+01,-3.003926480012685118e+01,-3.003663505806370537e+01,-3.003372349182156498e+01,-3.003057216390165252e+01,-3.002725416225545274e+01,-3.002386525689647101e+01,-3.002050968237628936e+01,-3.001728473751389359e+01,-3.001426876899136076e+01
-2.261079751047651598e+01,-2.263641424757176424e+01,-2.266511187046982556e+01,-2.269730387155455276e+01,-2.273347397949038040e+01,-2.277419502846732868e+01,-2.282015413295817652e+01,-2.287218644844847404e+01,-2.293132088877267094e+01,-2.299884290140166954e+01,-2.307638218840920530e+01,-2.316603784716084391e+01,-2.327056117307830618e+01,-2.339362997925516652e+01,-2.354027309046443506e+01,-2.371755093375604062e+01,-2.393569303078631094e+01,-2.421009574730325298e+01,-2.456504922861201123e+01,-2.504123455338371329e+01,-2.571234373096002201e+01,-2.672706944831062970e+01,-2.843706286111551051e+01,-3.005409665830417154e+01,-3.005493897329223074e+01,-3.005501222750756440e+01,-3.005477794246913703e+01,-3.005438782302379508e+01,-3.005390405312164503e+01,-3.005335439447777190e+01,-3.005275039514814850e+01,-3.005209444098320759e+01,-3.005138266703561456e+01,-3.005060605788595041e+01,-3.004975062870542857e+01,-3.004879708667391469e+01,-3.004772022396900155e+01,-3.004648832353964494e+01,-3.004506303480751583e+01,-3.004340049015636538e+01,-3.004145479711941036e+01,-3.003918513616319430e+01,-3.003656687884142329e+01,-3.003360483801071723e+01,-3.003034364564934222e+01,-3.002686905949922291e+01,-3.002329730336552061e+01,-3.001975570252658443e+01,-3.001636186097772097e+01,-3.001320802555349232e+01
-2.262191764399397798e+01,-2.264834153623309376e+01,-2.267792723779983888e+01,-2.271110743327326986e+01,-2.274839097787280906e+01,-2.279038340414385289e+01,-2.283781433776755065e+01,-2.289157442804035369e+01,-2.295276566215243363e+01,-2.302277094579298478e+01,-2.310335210017858287e+01,-2.319679086051881711e+01,-2.330609677770548416e+01,-2.343532247071568619e+01,-2.359005728247208111e+01,-2.377822973246125926e+01,-2.401147072533149540e+01,-2.430755534987947897e+01,-2.469507057073698775e+01,-2.522310065500971277e+01,-2.598359759277231262e+01,-2.717123219477448970e+01,-2.928237580904245618e+01,-3.004225239551647419e+01,-3.004670927302446870e+01,-3.004880468572333641e+01,-3.004986758477738107e+01,-3.005038583112963479e+01,-3.005057879954030398e+01,-3.005055767843777659e+01,-3.005038255320242868e+01,-3.005008610138217406e+01,-3.004968442468011602e+01,-3.004918220584995225e+01,-3.004857504237426014e+01,-3.004785020650354710e+01,-3.004698645836032966e+01,-3.004595335453005944e+01,-3.004471060249173675e+01,-3.004320840671482173e+01,-3.004139040555648066e+01,-3.003920137171470017e+01,-3.003660131679976431e+01,-3.003358450564496707e+01,-3.003019631568906789e+01,-3.002653751693928186e+01,-3.002275037013055581e+01,-3.001899165971404670e+01,-3.001540423950448044e+01,-3.001209668381855522e+01
-2.263316101476463871e+01,-2.266041791034461639e+01,-2.269092472720054232e+01,-2.272513473845922150e+01,-2.276358366475771433e+01,-2.280691201093906528e+01,-2.285589500797464524e+01,-2.291148313235602529e+01,-2.297485764272503772e+01,-2.304750792428309936e+01,-2.313134127912597293e+01,-2.322884226859138224e+01,-2.334330993765888707e+01,-2.347922146166476765e+01,-2.364280873351484402e+01,-2.384300940320250817e+01,-2.409311086315431893e+01,-2.441375802773503878e+01,-2.483885702990261990e+01,-2.542825002372246601e+01,-2.629836325999722391e+01,-2.770976618935723224e+01,-3.001806749113410078e+01,-3.003337128414858626e+01,-3.003997306204825080e+01,-3.004347485940730067e+01,-3.004552052339850832e+01,-3.004676544585735698e+01,-3.004752090786045926e+01,-3.004795200899217633e+01,-3.004815251043753577e+01,-3.004817731458512498e+01,-3.004805790312609304e+01,-3.004781001996738965e+01,-3.004743740267814189e+01,-3.004693324538229149e+01,-3.004628019240135473e+01,-3.004544933135923657e+01,-3.004439869592172840e+01,-3.004307225374175871e+01,-3.004140137616914430e+01,-3.003931219430050703e+01,-3.003674268194333408e+01,-3.003366961026511461e+01,-3.003013586333735674e+01,-3.002626027426631339e+01,-3.002221895804830254e+01,-3.001820673816097695e+01,-3.001439797605617699e+01,-3.001092029621267798e+01
-2.264452921572350164e+01,-2.267264587906104012e+01,-2.270410790971794412e+01,-2.273939069595849460e+01,-2.277905875821943837e+01,-2.282379012645080607e+01,-2.287440912222038847e+01,-2.293193093556683237e+01,-2.299762309444747643e+01,-2.307309167839550312e+01,-2.316040467611598430e+01,-2.326227261635255061e+01,-2.338232018490282726e+01,-2.352550735431741913e+01,-2.369880596012260909e+01,-2.391233309907343596e+01,-2.418134715308491423e+01,-2.452998405083716449e+01,-2.499880523488736017e+01,-2.566162406511599414e+01,-2.666834659493410697e+01,-2.837703812181564444e+01,-3.001003715899024371e+01,-3.002645422233351269e+01,-3.003434275083855809e+01,-3.003883331263746115e+01,-3.004162967199110312e+01,-3.004345948068321093e+01,-3.004468456649705033e+01,-3.004550378981117120e+01,-3.004603389412372394e+01,-3.004634597953070596e+01,-3.004648339734168871e+01,-3.004647092766285610e+01,-3.004631939712817967e+01,-3.004602759217085151e+01,-3.004558230401504559e+01,-3.004495689211420739e+01,-3.004410868802361279e+01,-3.004297600883791475e+01,-3.004147690595667797e+01,-3.003951439192709927e+01,-3.003699555202005200e+01,-3.003386903809673925e+01,-3.003016951987689964e+01,-3.002603804266870924e+01,-3.002169586849391791e+01,-3.001738741557828760e+01,-3.001332625573929391e+01,-3.000966199087357467e+01
-2.265602413188461384e+01,-2.268502834743382834e+01,-2.271748091269016356e+01,-2.275388099721865487e+01,-2.279482406344944323e+01,-2.284102851796647116e+01,-2.289337168386746768e+01,-2.295293896361716790e+01,-2.302109205375449363e+01,-2.309956530904893413e+01,-2.319060475025212043e+01,-2.329717348608125960e+01,-2.342326383723494132e+01,-2.357438708083169487e+01,-2.375837128485541783e+01,-2.398672007722332467e+01,-2.427705382292985803e+01,-2.465779353280072428e+01,-2.517792635693749048e+01,-2.592970473544610144e+01,-2.710992543131963117e+01,-2.922652375304358685e+01,-3.000429183861669813e+01,-3.002089689139594597e+01,-3.002954856501084180e+01,-3.003473741124002672e+01,-3.003811021058401920e+01,-3.004041276914259839e+01,-3.004203109631333035e+01,-3.004318397359989490e+01,-3.004400338477524102e+01,-3.004457209153820685e+01,-3.004494260106641690e+01,-3.004514715135743685e+01,-3.004520288059923061e+01,-3.004511405326619311e+01,-3.004487213513214883e+01,-3.004445394828061211e+01,-3.004381789826486937e+01,-3.004289851356193708e+01,-3.004160096763517984e+01,-3.003980120609699256e+01,-3.003736407792337104e+01,-3.003419365182269729e+01,-3.003030615587528729e+01,-3.002587088150244909e+01,-3.002117123286627631e+01,-3.001651663773969148e+01,-3.001216876423626445e+01,-3.000830219914490371e+01
-2.266764797476177762e+01,-2.269756865847198668e+01,-2.273104846917334854e+01,-2.276861217537810234e+01,-2.281088854789403442e+01,-2.285863954585771296e+01,-2.291279987304153565e+01,-2.297453132732005798e+01,-2.304529869507674533e+01,-2.312697775793966670e+01,-2.322201240701773273e+01,-2.333364904115718375e+01,-2.346629660936367401e+01,-2.362609868433675331e+01,-2.382187926074160700e+01,-2.406678213616865847e+01,-2.438128016757233496e+01,-2.479910626744548097e+01,-2.538005505359351943e+01,-2.624116315228177498e+01,-2.764673394706224485e+01,-2.996304806807306775e+01,-2.999995581436837710e+01,-3.001631259631777837e+01,-3.002539715689810862e+01,-3.003107788447012538e+01,-3.003489423868656161e+01,-3.003757973754654387e+01,-3.003952775850090973e+01,-3.004096746447059019e+01,-3.004204044097560811e+01,-3.004283766475043649e+01,-3.004341866556392304e+01,-3.004382186838122237e+01,-3.004407010463603456e+01,-3.004417310045529277e+01,-3.004412765745199465e+01,-3.004391557736836305e+01,-3.004349890312999705e+01,-3.004281184933153526e+01,-3.004174970016442714e+01,-3.004015956291121725e+01,-3.003785056679872767e+01,-3.003465643631999527e+01,-3.003055613061935958e+01,-3.002575679762906447e+01,-3.002063089727177925e+01,-3.001557288483464347e+01,-3.001090122300990970e+01,-3.000681853409781752e+01
-2.267940331924902253e+01,-2.271027063907618881e+01,-2.274481597383972442e+01,-2.278359167462501489e+01,-2.282726243170037606e+01,-2.287663728884779246e+01,-2.293271322946121771e+01,-2.299673539932319954e+01,-2.307028176104061856e+01,-2.315538448895005530e+01,-2.325470809952791740e+01,-2.337181785047888738e+01,-2.351159673339971334e+01,-2.368091687827735470e+01,-2.388976709662390618e+01,-2.415324446099591782e+01,-2.449529573580292663e+01,-2.495631040945993107e+01,-2.561014963000136291e+01,-2.660786555782259200e+01,-2.831417490979799467e+01,-2.996398777817854508e+01,-2.999653997060798716e+01,-3.001244272153233794e+01,-3.002174657494410326e+01,-3.002776981338359263e+01,-3.003192694317635869e+01,-3.003492258724178754e+01,-3.003714683959557874e+01,-3.003883266103272831e+01,-3.004012710661720575e+01,-3.004112671564778481e+01,-3.004189632067465254e+01,-3.004247945373221640e+01,-3.004290407161295917e+01,-3.004318531056677344e+01,-3.004332591827292731e+01,-3.004331427272724753e+01,-3.004311916383333880e+01,-3.004267965355665027e+01,-3.004188783592612211e+01,-3.004056539333723208e+01,-3.003845257370909039e+01,-3.003527249573146207e+01,-3.003093051586323625e+01,-3.002568870358378206e+01,-3.002005367673573843e+01,-3.001452927138196713e+01,-3.000949541620273209e+01,-3.000518598106790691e+01
-2.269129314313688894e+01,-2.272313865003594557e+01,-2.275878954546222488e+01,-2.279882792988028939e+01,-2.284395729363965799e+01,-2.289503769181738591e+01,-2.295313386787983490e+01,-2.301958213901233563e+01,-2.309608506551790086e+01,-2.318484828525910402e+01,-2.328878312277775819e+01,-2.341181505164963639e+01,-2.355936870647868631e+01,-2.373915983593470358e+01,-2.396254766128313207e+01,-2.424697232241083356e+01,-2.462065018970063335e+01,-2.513241294511716717e+01,-2.587473353949569699e+01,-2.704648959131090180e+01,-2.916777593120048451e+01,-2.996461053009391051e+01,-2.999375016327358878e+01,-3.000910809675250235e+01,-3.001849051297981319e+01,-3.002474643209566452e+01,-3.002916380195623702e+01,-3.003240991426338624e+01,-3.003486494088855707e+01,-3.003676110373807973e+01,-3.003824787803740293e+01,-3.003942529024596197e+01,-3.004036204259246645e+01,-3.004110579222853872e+01,-3.004168900768728179e+01,-3.004213201312249026e+01,-3.004244383806540597e+01,-3.004262073814985357e+01,-3.004264134366639283e+01,-3.004245587245817006e+01,-3.004196424760504058e+01,-3.004097577408665742e+01,-3.003915669965233448e+01,-3.003605870906418929e+01,-3.003143874174465822e+01,-3.002564798091373888e+01,-3.001940679558062186e+01,-3.001335271511218750e+01,-3.000792077312877382e+01,-3.000337769581538439e+01
-2.270332086946767802e+01,-2.273617764034463207e+01,-2.277297609624812225e+01,-2.281433045712302032e+01,-2.286098619307938051e+01,-2.291385873738417800e+01,-2.297408672876334634e+01,-2.304310647061674189e+01,-2.312275807966571506e+01,-2.321544018140429699e+01,-2.332434113777096485e+01,-2.345379492568917712e+01,-2.360984781568607715e+01,-2.380119753917156089e+01,-2.404082584349028551e+01,-2.434900564498258291e+01,-2.475925371984172685e+01,-2.533125199743119893e+01,-2.618256250807495533e+01,-2.758123150266591850e+01,-2.990558194402969505e+01,-2.996501094344019478e+01,-2.999139935757962050e+01,-3.000618100671577793e+01,-3.001554805638800261e+01,-3.002195476569588095e+01,-3.002656850825954749e+01,-3.003001564553566283e+01,-3.003266241784156421e+01,-3.003473719681577592e+01,-3.003638961022118892e+01,-3.003772151586849048e+01,-3.003880424730866849e+01,-3.003968863559157754e+01,-3.004041092894749454e+01,-3.004099613116791545e+01,-3.004145939240018492e+01,-3.004180539966116825e+01,-3.004202481013786397e+01,-3.004208494599538071e+01,-3.004190757184707650e+01,-3.004131628886620575e+01,-3.003992452476614616e+01,-3.003703250370220346e+01,-3.003208185375305206e+01,-3.002559123405040253e+01,-3.001863936187261217e+01,-3.001200254073585683e+01,-3.000614848680066871e+01,-3.000136723289827501e+01
-2.271549041196496077e+01,-2.274939320615432337e+01,-2.278738340842507881e+01,-2.283010995492610462e+01,-2.287836380896679245e+01,-2.293312064307188081e+01,-2.299559986770008280e+01,-2.306734772116792698e+01,-2.315035661348769125e+01,-2.324724055400377409e+01,-2.336149997132525868e+01,-2.349793397498943293e+01,-2.366330563347217719e+01,-2.386746212049757077e+01,-2.412531932544306557e+01,-2.446060429489162757e+01,-2.491348676131176987e+01,-2.555780280980156505e+01,-2.654566436622755177e+01,-2.824857237728831194e+01,-2.991596395575484379e+01,-2.996524293647115300e+01,-2.998936339903681514e+01,-3.000356829284012505e+01,-3.001285680630606478e+01,-3.001935249603992162e+01,-3.002411140378175247e+01,-3.002771820537840597e+01,-3.003052292825407932e+01,-3.003274798035511850e+01,-3.003454144273649717e+01,-3.003600565708241632e+01,-3.003721348371051647e+01,-3.003821796865228677e+01,-3.003905825183462142e+01,-3.003976315542831088e+01,-3.004035313188271417e+01,-3.004084069915861122e+01,-3.004122879470647689e+01,-3.004150496921830538e+01,-3.004162491512038713e+01,-3.004146359931034382e+01,-3.004065855254288309e+01,-3.003820762865056437e+01,-3.003283125179015300e+01,-3.002542459267998609e+01,-3.001767682123634629e+01,-3.001043031369842851e+01,-3.000413922885712736e+01,-2.999911278515243040e+01
-2.272780622381103655e+01,-2.276279165476558930e+01,-2.280202021862415762e+01,-2.284617841801576077e+01,-2.289610659718130847e+01,-2.295284608650012359e+01,-2.301770478801445563e+01,-2.309235012659411623e+01,-2.317894360836529799e+01,-2.328034040043515773e+01,-2.340039374874814371e+01,-2.354443462097673034e+01,-2.372005673422705030e+01,-2.393846077702491826e+01,-2.421688522661774101e+01,-2.458330818304723664e+01,-2.508635228469820078e+01,-2.581862948710255878e+01,-2.698101951524999365e+01,-2.910619574680110944e+01,-2.992326239105743824e+01,-2.996534011623255367e+01,-2.998755706428665491e+01,-3.000120073161393108e+01,-3.001036814652898599e+01,-3.001690566550857397e+01,-3.002176827555853222e+01,-3.002549984997375532e+01,-3.002843305769418336e+01,-3.003078293248335484e+01,-3.003269472791962613e+01,-3.003427015527183386e+01,-3.003558259731565627e+01,-3.003668633996364434e+01,-3.003762237691825376e+01,-3.003842214083200446e+01,-3.003910988038032315e+01,-3.003970400422705467e+01,-3.004021732473476192e+01,-3.004065539073899060e+01,-3.004100974826507198e+01,-3.004123278342312986e+01,-3.004112008324079852e+01,-3.003957379305879982e+01,-3.003354773149857238e+01,-3.002496381927288738e+01,-3.001642613914982505e+01,-3.000859282369842873e+01,-3.000184675909129339e+01,-2.999656814340772826e+01
-2.274027335009022366e+01,-2.277638007412700816e+01,-2.281689631075316527e+01,-2.286254926392544817e+01,-2.291423296803358056e+01,-2.297306046170471916e+01,-2.304043682217753641e+01,-2.311816341618034443e+01,-2.320859005959879440e+01,-2.331484284180451283e+01,-2.344117543123201841e+01,-2.359352967046763183e+01,-2.378046696019890760e+01,-2.401479203587667044e+01,-2.431655465301227892e+01,-2.471901817279137603e+01,-2.528169128711476787e+01,-2.612257052125787737e+01,-2.751339527778113236e+01,-2.984568976517498839e+01,-2.992861853625641189e+01,-2.996532506134554907e+01,-2.998592030759440163e+01,-2.999902612307035454e+01,-3.000804390745193118e+01,-3.001458696309801155e+01,-3.001951941565618043e+01,-3.002334612437632799e+01,-3.002638199827690357e+01,-3.002883378563515748e+01,-3.003084294641708496e+01,-3.003250963302367538e+01,-3.003390683594025035e+01,-3.003508910878835181e+01,-3.003609816168326674e+01,-3.003696657319741092e+01,-3.003772033495311788e+01,-3.003838065091723664e+01,-3.003896524039384275e+01,-3.003948925694482952e+01,-3.003996569311255982e+01,-3.004040410236239111e+01,-3.004079814320168040e+01,-3.004086557103258315e+01,-3.003363641184129307e+01,-3.002392308399108956e+01,-3.001480706563579659e+01,-3.000648396373729199e+01,-2.999926764939797152e+01,-2.999371307622764249e+01
-2.275289748426903813e+01,-2.279016640841020447e+01,-2.283202261821472234e+01,-2.287923747409110931e+01,-2.293276348614962146e+01,-2.299379217046521973e+01,-2.306383556892077991e+01,-2.314484348797576274e+01,-2.323937609244639191e+01,-2.335086489545336974e+01,-2.348401984878538329e+01,-2.364548774279534271e+01,-2.384496367050472188e+01,-2.409716643373738876e+01,-2.442557803607085276e+01,-2.487010671971995635e+01,-2.550449437911524697e+01,-2.648181262710112804e+01,-2.818037806718554705e+01,-2.986603720942720130e+01,-2.993266614127698944e+01,-2.996521396183221952e+01,-2.998440996874022346e+01,-2.999700465525694071e+01,-3.000585396316822440e+01,-3.001237442180818604e+01,-3.001734887259918239e+01,-3.002124540895351856e+01,-3.002436126300225894e+01,-3.002689434488669917e+01,-3.002898159867822159e+01,-3.003072084831852351e+01,-3.003218387310985094e+01,-3.003342456523635917e+01,-3.003448420025268462e+01,-3.003539494239410246e+01,-3.003618222510987579e+01,-3.003686637103200852e+01,-3.003746362276134008e+01,-3.003798652518602452e+01,-3.003844299855172295e+01,-3.003883069453735644e+01,-3.003910240303519075e+01,-3.003866678994877759e+01,-3.003171090268664400e+01,-3.002207438305640963e+01,-3.001281181018318733e+01,-3.000417231670203577e+01,-2.999646842320309403e+01,-2.999054152296863762e+01
-2.276568502914471281e+01,-2.280415954032947923e+01,-2.284741133650380718e+01,-2.289625975104264199e+01,-2.295172109549845274e+01,-2.301507295340386960e+01,-2.308794539451974259e+01,-2.317245319059956188e+01,-2.327139222070447389e+01,-2.338853957362079683e+01,-2.352912734424312546e+01,-2.370061990737151802e+01,-2.391404855231351334e+01,-2.418643307750922133e+01,-2.454548541555013230e+01,-2.503957183697512434e+01,-2.576136350661378316e+01,-2.691363632002562412e+01,-2.904188691931341282e+01,-2.988034932716416492e+01,-2.993578600392635636e+01,-2.996501911022532028e+01,-2.998299456362372339e+01,-2.999510571050385366e+01,-3.000377446543150839e+01,-3.001025041091289935e+01,-3.001524384408368462e+01,-3.001918853130357689e+01,-3.002236442298639219e+01,-3.002496030029645269e+01,-3.002710806528428478e+01,-3.002890258929653555e+01,-3.003041373369003608e+01,-3.003169389395354827e+01,-3.003278284957785971e+01,-3.003371089097925761e+01,-3.003450072810867510e+01,-3.003516834232190291e+01,-3.003572252187072067e+01,-3.003616189539684811e+01,-3.003646532086869669e+01,-3.003655925805160365e+01,-3.003618045213092458e+01,-3.003419927129209910e+01,-3.002815750612503365e+01,-3.001952698315910695e+01,-3.001055032815486001e+01,-3.000182627690601223e+01,-2.999365441391987019e+01,-2.998706842229042735e+01
-2.277864316276586010e+01,-2.281836938099443657e+01,-2.286307604742378885e+01,-2.291363469369623118e+01,-2.297113137292110352e+01,-2.303693826666440003e+01,-2.311281600859408059e+01,-2.320106323042874763e+01,-2.330474082385464030e+01,-2.342801837947585142e+01,-2.357672817638712104e+01,-2.375928785904470431e+01,-2.398831377571849188e+01,-2.428361413887560971e+01,-2.467816775611109392e+01,-2.523125557993534329e+01,-2.606121561318588320e+01,-2.744338062897737984e+01,-2.978343246303567327e+01,-2.989089993608595819e+01,-2.993822129042585090e+01,-2.996475031569847758e+01,-2.998165089329573973e+01,-2.999330561109505311e+01,-3.000178652084040110e+01,-3.000820084273362554e+01,-3.001319417503831133e+01,-3.001716842664497875e+01,-3.002038685925251471e+01,-3.002302902906196991e+01,-3.002522143375258068e+01,-3.002705550745314866e+01,-3.002859861790433271e+01,-3.002990097234265221e+01,-3.003099997991323278e+01,-3.003192288264415666e+01,-3.003268799424283131e+01,-3.003330444706002922e+01,-3.003376966000288206e+01,-3.003406214361707427e+01,-3.003412269310976157e+01,-3.003380246660440278e+01,-3.003271327995364359e+01,-3.002991648821987525e+01,-3.002434128942816471e+01,-3.001665587161160431e+01,-3.000822047803881532e+01,-2.999969026759406887e+01,-2.999130052733841367e+01,-2.998343101761347640e+01
