-8.377320087632787349e+00,-8.381322928381901960e+00,-8.385573655762655676e+00,-8.390087055721748399e+00,-8.394878760155492614e+00,-8.399965388233765040e+00,-8.405364743164714270e+00,-8.411096082183851408e+00,-8.417180482285527177e+00,-8.423641330305422059e+00,-8.430504973946211678e+00,-8.437801581017302155e+00,-8.445566268735248627e+00,-8.453840585228263649e+00,-8.462674454199285989e+00,-8.472128735370874963e+00,-8.482278614723242072e+00,-8.493218130693721335e+00,-8.505066283603689214e+00,-8.517975396221542539e+00,-8.532142746471803818e+00,-8.547827073083196225e+00,-8.565372534825943518e+00,-8.585244415080099500e+00,-8.608083965493964484e+00,-8.634795654553524713e+00,-8.666691777798332552e+00,-8.705744092918472177e+00,-8.668257077343550776e+00,-8.507707435929571460e+00,-8.391897428640984202e+00,-8.304123159593574499e+00,-8.235088866446831801e+00,-8.179212440528857542e+00,-8.132941072671561855e+00,-8.093907115190063450e+00,-8.060472695348448013e+00,-8.031469096021561782e+00,-8.006040189768837578e+00,-7.983544491264404463e+00,-7.963491738580497525e+00,-7.945500602549175007e+00,-7.929269756318769957e+00,-7.914557638862442346e+00,-7.901168020442121964e+00,-7.888939527516451555e+00,-7.877737924037198525e+00,-7.867450346130492100e+00,-7.857980943432068877e+00,-7.849247548051410561e+00
-8.376347245613214199e+00,-8.380364496730861035e+00,-8.384634415420492815e+00,-8.389172118119903487e+00,-8.393993523971822412e+00,-8.399115479917380611e+00,-8.404555939526826336e+00,-8.410334213574822471e+00,-8.416471315173779999e+00,-8.422990428425764620e+00,-8.429917537570421615e+00,-8.437282264282710997e+00,-8.445118975300937691e+00,-8.453468242749508477e+00,-8.462378768135648599e+00,-8.471909922358650036e+00,-8.482135114994248326e+00,-8.493146297590618232e+00,-8.505060045810097336e+00,-8.518025884419010652e+00,-8.532237870026037285e+00,-8.547951022890952544e+00,-8.565505173724467625e+00,-8.585360494025572109e+00,-8.608152066466070451e+00,-8.634776699836413272e+00,-8.666536841629760346e+00,-8.705391071778192824e+00,-8.670470990553994284e+00,-8.508700554093442392e+00,-8.392174139732565763e+00,-8.303937205407089905e+00,-8.234579963355521670e+00,-8.178463415303124151e+00,-8.132004365714324834e+00,-8.092818071618353315e+00,-8.059256640526202276e+00,-8.030145278623082916e+00,-8.004624056180443148e+00,-7.982049030360366615e+00,-7.961928289666412084e+00,-7.943879344481562299e+00,-7.927600003300972809e+00,-7.912848017407747570e+00,-7.899426572855524853e+00,-7.887173770088410585e+00,-7.875954877777523677e+00,-7.865656551471591484e+00,-7.856182466304292511e+00,-7.847449982152359560e+00
-8.375346877884144448e+00,-8.379378110440717009e+00,-8.383667064525443635e+00,-8.388229235336639888e+00,-8.393080878576514081e+00,-8.398239117927943198e+00,-8.403722104285266781e+00,-8.409549244987029937e+00,-8.415741526190524624e+00,-8.422321957746381926e+00,-8.429316177993522174e+00,-8.436753266579241739e+00,-8.444666827892207905e+00,-8.453096427768416632e+00,-8.462089494542619050e+00,-8.471703836553093225e+00,-8.482010988639835602e+00,-8.493100690920227791e+00,-8.505086942147062956e+00,-8.518116287523751495e+00,-8.532379349344907382e+00,-8.548127181558401233e+00,-8.565694998122019399e+00,-8.585537518192547068e+00,-8.608283243248637362e+00,-8.634820801573461324e+00,-8.666442094161505239e+00,-8.705091513495885280e+00,-8.672751624765689726e+00,-8.509739346802470905e+00,-8.392482422797749919e+00,-8.303771748354806803e+00,-8.234082112772767914e+00,-8.177717081527900334e+00,-8.131062848057238668e+00,-8.091717479582941408e+00,-8.058023022479023467e+00,-8.028798584777534941e+00,-8.003180418022395770e+00,-7.980522103831099834e+00,-7.960330058862482794e+00,-7.942220605841216141e+00,-7.925890656737047735e+00,-7.911097239310819873e+00,-7.897642916468400998e+00,-7.885365221447467654e+00,-7.874128884983331744e+00,-7.863820038631137876e+00,-7.854341839464659358e+00,-7.845611131979365993e+00
-8.374317636677746535e+00,-8.378362288150436044e+00,-8.382669995746017122e+00,-8.387256686493717694e+00,-8.392139007336409051e+00,-8.397334413502404615e+00,-8.402861306324554747e+00,-8.408739239011275401e+00,-8.414989213869070284e+00,-8.421634100782270593e+00,-8.428699214877854118e+00,-8.436213102007277698e+00,-8.444208595123923189e+00,-8.452724224597213620e+00,-8.461806093709581589e+00,-8.471510371279631357e+00,-8.481906613267675255e+00,-8.493082215186573691e+00,-8.505148435005542851e+00,-8.518248642076907018e+00,-8.532569793492136512e+00,-8.548358707956467128e+00,-8.565945669629179804e+00,-8.585779577026762865e+00,-8.608481906300029962e+00,-8.634932547019543492e+00,-8.666412109334800107e+00,-8.704849727781367008e+00,-8.675102854916286077e+00,-8.510826894433400014e+00,-8.392824599212969972e+00,-8.303628393054019341e+00,-8.233596256422048398e+00,-8.176973780104557221e+00,-8.130116326728973775e+00,-8.090604681448553492e+00,-8.056770788278443618e+00,-8.027427634084153496e+00,-8.001707632316534813e+00,-7.978961867035791578e+00,-7.958695056055644201e+00,-7.940522302050271541e+00,-7.924139583196452286e+00,-7.909303162489234040e+00,-7.895814935462729167e+00,-7.883511821891302063e+00,-7.872257967124979494e+00,-7.861938930806868342e+00,-7.852457304186566844e+00,-7.843729369316274180e+00
-8.373258129727663146e+00,-8.377315488957609801e+00,-8.381641526255712904e+00,-8.386252658740259491e+00,-8.391165985136204597e+00,-8.396399353448623870e+00,-8.401971475402941536e+00,-8.407902106428341682e+00,-8.414212315079028670e+00,-8.420924872201172917e+00,-8.428064798353018361e+00,-8.435660118722843492e+00,-8.443742889208671443e+00,-8.452350577179101876e+00,-8.461527908428312372e+00,-8.471329332183566763e+00,-8.481822315390290967e+00,-8.493091766641596152e+00,-8.505246026747206756e+00,-8.518425076916924965e+00,-8.532811958570180266e+00,-8.548648963049195970e+00,-8.566261104818426730e+00,-8.586091062752586822e+00,-8.608752808418456581e+00,-8.635116893547181149e+00,-8.666451843306804292e+00,-8.704670398544315901e+00,-8.677528882261656307e+00,-8.511966539323776004e+00,-8.393203181909639099e+00,-8.303508868255718767e+00,-8.233123399201977222e+00,-8.176233862068329472e+00,-8.129164574314188485e+00,-8.089478949049068390e+00,-8.055498786543598300e+00,-8.026030927351891719e+00,-8.000203923781993964e+00,-7.977366335482038551e+00,-7.957021148796658672e+00,-7.938782207893694931e+00,-7.922344513673781563e+00,-7.907463516977762730e+00,-7.893940395824054157e+00,-7.881611404663107834e+00,-7.870340050763823037e+00,-7.860011269056309757e+00,-7.850527032671384298e+00,-7.841803009961290094e+00
-8.372166922596081307e+00,-8.376236113499956559e+00,-8.380579897324285099e+00,-8.385215245126826034e+00,-8.390159774341690024e+00,-8.395431794054236008e+00,-8.401050393930216131e+00,-8.407035595861509947e+00,-8.413408592655430951e+00,-8.420192104637679975e+00,-8.427410893336563902e+00,-8.435092482201932640e+00,-8.443268148714667021e+00,-8.451974271994666665e+00,-8.461254147793964009e+00,-8.471160422742430640e+00,-8.481758358508125539e+00,-8.493130224804451345e+00,-8.505381255486554437e+00,-8.518647813958825310e+00,-8.533108754078684299e+00,-8.549001522197695380e+00,-8.566645493561662050e+00,-8.586476694497577000e+00,-8.609101074027805112e+00,-8.635379202060672554e+00,-8.666566670545581275e+00,-8.704558620825789461e+00,-8.680034268635358430e+00,-8.513161912091007366e+00,-8.393620893346350087e+00,-8.303415037143023980e+00,-8.232664612866743781e+00,-8.175497686852585488e+00,-8.128207323034194687e+00,-8.088339474771499837e+00,-8.054205756612971001e+00,-8.024606834800707134e+00,-7.998667372841546275e+00,-7.975733373239474844e+00,-7.955306051557397673e+00,-7.936997947909526729e+00,-7.920503035280145099e+00,-7.905575897996570234e+00,-7.892016939796950403e+00,-7.879661691762847475e+00,-7.868372964663080893e+00,-7.858035010637734352e+00,-7.848549127542229442e+00,-7.839830314290238356e+00
-8.371042541795144842e+00,-8.375122505774408310e+00,-8.379483274551683181e+00,-8.384142442986810551e+00,-8.389118221094696182e+00,-8.394429455113725069e+00,-8.400095688617456702e+00,-8.406137283029714524e+00,-8.412575622341938342e+00,-8.419433433531576583e+00,-8.426735262599022391e+00,-8.434508156993700823e+00,-8.442782619596727045e+00,-8.451593919080956141e+00,-8.460983869029703897e+00,-8.471003227799913660e+00,-8.481714929313536544e+00,-8.493198442314453089e+00,-8.505555689540154063e+00,-8.518919168095502314e+00,-8.533463248963235159e+00,-8.549420187817144523e+00,-8.567103318447450988e+00,-8.586941544245757285e+00,-8.609532231013144354e+00,-8.635725273597705254e+00,-8.666762423613343813e+00,-8.704519941737091315e+00,-8.682623974857390792e+00,-8.514416960948699042e+00,-8.394080685339980974e+00,-8.303348908483524582e+00,-8.232221039736266732e+00,-8.174765619958444418e+00,-8.127244257809035588e+00,-8.087185361383857796e+00,-8.052890316383644276e+00,-8.023153582982240906e+00,-7.997095902491294872e+00,-7.974060680417169422e+00,-7.953547314277394698e+00,-7.935166986294097669e+00,-7.918612582658170140e+00,-7.903637758924932477e+00,-7.890042080398144364e+00,-7.877660289940100924e+00,-7.866354437180681280e+00,-7.856008027715035702e+00,-7.846521621769997346e+00,-7.837809488310203854e+00
-8.369883478828583634e+00,-8.373972955826396003e+00,-8.378349748879136527e+00,-8.383032152955960825e+00,-8.388039052060445755e+00,-8.393389914177992850e+00,-8.399104822080390775e+00,-8.405204559654576357e+00,-8.411710779068279464e+00,-8.418646280973590024e+00,-8.426035448516982385e+00,-8.433904886865487782e+00,-8.442284334362572196e+00,-8.451207930986496919e+00,-8.460715957122916464e+00,-8.470857194880151653e+00,-8.481692121754653257e+00,-8.493297232849325695e+00,-8.505770920283621805e+00,-8.519241545990018594e+00,-8.533878677172715754e+00,-8.549909002275212444e+00,-8.567639375254627154e+00,-8.587491064697541532e+00,-8.610052245290658490e+00,-8.636161389406922240e+00,-8.667045437018348508e+00,-8.704560405859915306e+00,-8.685303403840537229e+00,-8.515735984392044600e+00,-8.394585760957252063e+00,-8.303312648690065245e+00,-8.231793896375490860e+00,-8.174038029890002832e+00,-8.126275008117950449e+00,-8.086015610413104682e+00,-8.051550948639823346e+00,-8.021669240275921098e+00,-7.995487263934570876e+00,-7.972345779653574382e+00,-7.951742310193219865e+00,-7.933286616353098175e+00,-7.916670429179266222e+00,-7.901646404257175682e+00,-7.888013196073467626e+00,-7.875604686957872858e+00,-7.864282094032368775e+00,-7.853928106512108265e+00,-7.844442479114406730e+00,-7.835738685284139748e+00
-8.368688195294737397e+00,-8.372785703460085216e+00,-8.377177338532314721e+00,-8.381882178782738890e+00,-8.386919871770926349e+00,-8.392310601153386784e+00,-8.398075084499444287e+00,-8.404234622094051588e+00,-8.410811222598550074e+00,-8.417827838554810427e+00,-8.425308753466879352e+00,-8.433280173246762601e+00,-8.441771089235313497e+00,-8.450814499477663944e+00,-8.460449102045759062e+00,-8.470721613018040941e+00,-8.481689918666562633e+00,-8.493427356801502626e+00,-8.506028553112258805e+00,-8.519617443479964081e+00,-8.534358442496355224e+00,-8.550472260878493103e+00,-8.568258794427116243e+00,-8.588131119096326316e+00,-8.610667558295524771e+00,-8.636694354806351726e+00,-8.667422595549417963e+00,-8.704686605610575612e+00,-8.688078449016792604e+00,-8.517123667671414822e+00,-8.395139598688830418e+00,-8.303308594841649182e+00,-8.231384477161968860e+00,-8.173315284184551999e+00,-8.125299138440773561e+00,-8.084829108847412016e+00,-8.050185985667543065e+00,-8.020151700801605443e+00,-7.993839020876861490e+00,-7.970586001573789048e+00,-7.949888222958310990e+00,-7.931353949548975102e+00,-7.914673678004114699e+00,-7.899598982639971290e+00,-7.885927525605581856e+00,-7.873492248234619240e+00,-7.862153456528620410e+00,-7.851792947014930135e+00,-7.842309595173247772e+00,-7.833616008016086596e+00
-8.367455129209123044e+00,-8.371558943140426479e+00,-8.375963992074629161e+00,-8.380690228107507522e+00,-8.385758160734027911e+00,-8.391188793403316026e+00,-8.397003585464762665e+00,-8.403224459798572354e+00,-8.409873882607557860e+00,-8.416975049233004214e+00,-8.424552218824841177e+00,-8.432631251886741452e+00,-8.441240419174693699e+00,-8.450411569806446366e+00,-8.460181773319048304e+00,-8.470595588817808164e+00,-8.481708170643821987e+00,-8.493589504361683140e+00,-8.506330196149280098e+00,-8.520049441257796730e+00,-8.534906122393884687e+00,-8.551114524740691891e+00,-8.568967063452639366e+00,-8.588868013055451556e+00,-8.611385127564352260e+00,-8.637331547141574362e+00,-8.667901387541210312e+00,-8.704905737123196374e+00,-8.690955548789016660e+00,-8.518585123525740599e+00,-8.395745979149415561e+00,-8.303339268710512755e+00,-8.230994157634953012e+00,-8.172597744329504366e+00,-8.124316137021610373e+00,-8.083624613899536016e+00,-8.048793591924193080e+00,-8.018598666573998557e+00,-7.992148532375973780e+00,-7.968778469178535495e+00,-7.947982033080050357e+00,-7.929365904220339267e+00,-7.912619253115043882e+00,-7.897492480117343838e+00,-7.883782163404004173e+00,-7.871320213992654580e+00,-7.859965940405702511e+00,-7.849600163332902447e+00,-7.840120799144187025e+00,-7.831439511896480354e+00
-8.366182702722987585e+00,-8.370290830280588068e+00,-8.374707592774639053e+00,-8.379453914417133831e+00,-8.384551274508458718e+00,-8.390021611536246482e+00,-8.395887246164363660e+00,-8.402170843713497206e+00,-8.408895443267345726e+00,-8.416084588250503984e+00,-8.423762602555326495e+00,-8.431955067652832980e+00,-8.440689570625794502e+00,-8.449996812347988495e+00,-8.459912191667271486e+00,-8.470478019429483751e+00,-8.481746571792692535e+00,-8.493784275610249068e+00,-8.506677446285404898e+00,-8.520540198422786204e+00,-8.535525470461085007e+00,-8.551840633259290669e+00,-8.569770049992426308e+00,-8.589708528381661878e+00,-8.612212470573714640e+00,-8.638080968172163310e+00,-8.668489963552081790e+00,-8.705225662261907971e+00,-8.693941747805242315e+00,-8.520125937705190111e+00,-8.396409014569266915e+00,-8.303407391831928663e+00,-8.230624397486677069e+00,-8.171885759311855679e+00,-8.123325402647047611e+00,-8.082400735524430502e+00,-8.047371744499772106e+00,-8.017007627707673834e+00,-7.990412934141509993e+00,-7.966920081143603838e+00,-7.946020503726437312e+00,-7.927319194081384524e+00,-7.910503890463587595e+00,-7.895323713742853577e+00,-7.881574055338012030e+00,-7.869085697064904572e+00,-7.857716855389794475e+00,-7.847347284845591631e+00,-7.837873856415052742e+00,-7.829207208817281938e+00
-8.364869331434240607e+00,-8.368979489132890137e+00,-8.373405964520793887e+00,-8.378170760414224816e+00,-8.383296443979306289e+00,-8.388806016099437102e+00,-8.394722792108298748e+00,-8.401070314784705673e+00,-8.407872327456473727e+00,-8.415152843165328633e+00,-8.422936355394075036e+00,-8.431248247415007668e+00,-8.440115471875779818e+00,-8.449567591420031221e+00,-8.459638297505369664e+00,-8.470367562112155468e+00,-8.481804631964951824e+00,-8.494012157163631116e+00,-8.507071872064182472e+00,-8.521092443418590179e+00,-8.536220417085710110e+00,-8.552655715842908180e+00,-8.570674025536400009e+00,-8.590659958838834598e+00,-8.613157711970657715e+00,-8.638951301218398271e+00,-8.669197200968334016e+00,-8.705654977429182040e+00,-8.697044765954158763e+00,-8.521752219875457612e+00,-8.397133181364226928e+00,-8.303515901638498065e+00,-8.230276743014943719e+00,-8.171179657489920700e+00,-8.122326229072420745e+00,-8.081155916333260691e+00,-8.045918211070761217e+00,-8.015375840464942669e+00,-7.988629118180920585e+00,-7.965007494029294755e+00,-7.944000165988257756e+00,-7.925210316650202813e+00,-7.908324129419132653e+00,-7.893089325758291253e+00,-7.879299995307099458e+00,-7.866785681539051112e+00,-7.855403405653795801e+00,-7.845031758276258316e+00,-7.835566472110705227e+00,-7.826917072077194781e+00
-8.363513435508346916e+00,-8.367623022528880128e+00,-8.372056879549583996e+00,-8.376838203077387135e+00,-8.381990777109006530e+00,-8.387538805438865097e+00,-8.393506746622660941e+00,-8.399919172763290476e+00,-8.406800680740994736e+00,-8.414175893090517278e+00,-8.422069595660689245e+00,-8.430507070986468676e+00,-8.439514700918516965e+00,-8.449120931107223953e+00,-8.459357715996945970e+00,-8.470262600035958656e+00,-8.481881645038487960e+00,-8.494273494864195584e+00,-8.507514992847401203e+00,-8.521708961773008184e+00,-8.536995067741413479e+00,-8.553565202424655567e+00,-8.571685689263786045e+00,-8.591730147724536693e+00,-8.614229634290675008e+00,-8.639951973394582652e+00,-8.670032775076638387e+00,-8.706203089895062419e+00,-8.700273076090571323e+00,-8.523470660563411627e+00,-8.397923356091057556e+00,-8.303667968658588805e+00,-8.229952828803895670e+00,-8.170479736408926996e+00,-8.121317786659957960e+00,-8.079888408486722184e+00,-8.044430525007756572e+00,-8.013700302922622143e+00,-7.986793710697465798e+00,-7.963037103428178831e+00,-7.941917303726685695e+00,-7.923035541806722648e+00,-7.906076304757359452e+00,-7.890785778586247190e+00,-7.876956622783491291e+00,-7.864417022448793482e+00,-7.853022691348455986e+00,-7.842650950849510139e+00,-7.833196295736728487e+00,-7.824567042408325790e+00
-8.362113452849577300e+00,-8.366219523744170772e+00,-8.370658068289682063e+00,-8.375453600731058046e+00,-8.380631262484506294e+00,-8.386216615033594834e+00,-8.392235425394845905e+00,-8.398713465551349344e+00,-8.405676355319755544e+00,-8.413149487277376437e+00,-8.421158082773857245e+00,-8.429727440125255100e+00,-8.438883450756108573e+00,-8.448653477934072953e+00,-8.459067718431422023e+00,-8.470161203964021723e+00,-8.481976652774957159e+00,-8.494568461939163484e+00,-8.508008253603371429e+00,-8.522392579940202495e+00,-8.537853698235238653e+00,-8.554574832162055387e+00,-8.572812191666521642e+00,-8.592927527035589819e+00,-8.615437732199094256e+00,-8.641093223236916643e+00,-8.671007237167966508e+00,-8.706880302427983054e+00,-8.703635991616771150e+00,-8.525288594874018244e+00,-8.398784855111049552e+00,-8.303867014746479924e+00,-8.229654378333551179e+00,-8.169786250098932001e+00,-8.120299100709646112e+00,-8.078596247082153070e+00,-8.042905957253745797e+00,-8.011977728019083145e+00,-7.984903048159907257e+00,-7.961005024119099716e+00,-7.939767938192909824e+00,-7.920790900746082386e+00,-7.903756539491782362e+00,-7.888409350941467224e+00,-7.874540421607740370e+00,-7.861976446756124837e+00,-7.850571711413117271e+00,-7.840202154706446436e+00,-7.830760927072280886e+00,-7.822155035266704637e+00
-8.360667854587017445e+00,-8.364767090796409121e+00,-8.369207231665983571e+00,-8.374014242491327309e+00,-8.379214775034082408e+00,-8.384835918668057886e+00,-8.390904932406813899e+00,-8.397448979384810386e+00,-8.404494894178275999e+00,-8.412069023227676468e+00,-8.420197189589568865e+00,-8.428904845646524535e+00,-8.438217492107604301e+00,-8.448161460264307365e+00,-8.458765179688130686e+00,-8.470061089454645753e+00,-8.482088403754323380e+00,-8.494897021987831920e+00,-8.508552994556300320e+00,-8.523146144406853253e+00,-8.538800746061669500e+00,-8.555690659553903288e+00,-8.574061157334346817e+00,-8.594261157870349166e+00,-8.616792270206628856e+00,-8.642386173997863352e+00,-8.672132100247541331e+00,-8.707697907058676634e+00,-8.707143765167867144e+00,-8.527214073779063597e+00,-8.399723478293671164e+00,-8.304116732266029643e+00,-8.229383203135045122e+00,-8.169099393292579947e+00,-8.119269025865515133e+00,-8.077277219469944924e+00,-8.041341484541764117e+00,-8.010204513730728948e+00,-7.982953151487346410e+00,-7.958907069348301278e+00,-7.937547812679515147e+00,-7.918472175674737379e+00,-7.901360738931057170e+00,-7.885956135434526004e+00,-7.872047720371793567e+00,-7.859460555906311541e+00,-7.848047367895879312e+00,-7.837682592766230805e+00,-7.828257923475869795e+00,-7.819678949540269208e+00
-8.359175163164573874e+00,-8.363263843520398311e+00,-8.367702056253005338e+00,-8.372517360508684447e+00,-8.377738084347909009e+00,-8.383393031869463385e+00,-8.389511157657603135e+00,-8.396121230212154174e+00,-8.403251515756172907e+00,-8.410929524579023209e+00,-8.419181873741120370e+00,-8.428034332753611579e+00,-8.437512133552306892e+00,-8.447640644355631778e+00,-8.458446531592887396e+00,-8.469959569237296648e+00,-8.482215306863510662e+00,-8.495258886087968975e+00,-8.509150414816534891e+00,-8.523972495058174559e+00,-8.539840796815811430e+00,-8.556919056989512384e+00,-8.575440706095706744e+00,-8.595740771544875258e+00,-8.618304343691056246e+00,-8.643842912819325264e+00,-8.673419932921204278e+00,-8.708668288849739980e+00,-8.710807699770770185e+00,-8.529255943844717081e+00,-8.400745557088971083e+00,-8.304421104084946492e+00,-8.229141200002686674e+00,-8.168419281877788762e+00,-8.118226215864261519e+00,-8.075928829844793100e+00,-8.039733753469052502e+00,-8.008376710119772923e+00,-7.980939698327737197e+00,-7.956738729429073231e+00,-7.935252377556489378e+00,-7.916074890698342692e+00,-7.898884586441282885e+00,-7.883422038123072184e+00,-7.869474694785545843e+00,-7.856865830278445983e+00,-7.845446472037730601e+00,-7.835089426237376031e+00,-7.825684808778023971e+00,-7.817136677839211067e+00
-8.357633973349896550e+00,-8.361707943802878518e+00,-8.366140232718223047e+00,-8.370960145490316862e+00,-8.376197866106116052e+00,-8.381884118111646131e+00,-8.388049777151024955e+00,-8.394725456701243260e+00,-8.401941099504327326e+00,-8.409725619077601522e+00,-8.418106648231232114e+00,-8.427110464770493081e+00,-8.436762179211656942e+00,-8.447086287072698596e+00,-8.458107712033825720e+00,-8.469853500450222228e+00,-8.482355378807234558e+00,-8.495653463245416148e+00,-8.509801528978353957e+00,-8.524874431602388114e+00,-8.540978564371091153e+00,-8.558266712474042137e+00,-8.576959471444512317e+00,-8.597376810675093850e+00,-8.619985942894091480e+00,-8.645476575905114203e+00,-8.674884462002637520e+00,-8.709805040567843548e+00,-8.714640273960638339e+00,-8.531423936320251755e+00,-8.401858007275009754e+00,-8.304784424146532729e+00,-8.228930345640238286e+00,-8.167745928752564666e+00,-8.117169087757956092e+00,-8.074548258355720876e+00,-8.038079039890870803e+00,-8.006489982994581922e+00,-7.978857993459670617e+00,-7.954495149943642929e+00,-7.932876776163114485e+00,-7.913594304476775143e+00,-7.896323541510206212e+00,-7.880802780562466303e+00,-7.866817372492686644e+00,-7.854188635898437632e+00,-7.842765752399019519e+00,-7.832419763994165507e+00,-7.823039083943432281e+00,-7.814526118544695699e+00
-8.356042976502607189e+00,-8.360097619400603364e+00,-8.364519478052562462e+00,-8.369339766054922691e+00,-8.374590717198412193e+00,-8.380305198372365538e+00,-8.386516255711480738e+00,-8.393256615391425868e+00,-8.400558172790667300e+00,-8.408451517035222977e+00,-8.416965551612598517e+00,-8.426127285551485713e+00,-8.435961884174485448e+00,-8.446493085364211950e+00,-8.457744109795935827e+00,-8.469739226490800021e+00,-8.482506185120605835e+00,-8.496079803349353199e+00,-8.510507115523918031e+00,-8.525854671617471681e+00,-8.542218863221382463e+00,-8.559740620929519039e+00,-8.578626614841779130e+00,-8.599180469181085584e+00,-8.621850019342035765e+00,-8.647301439679438317e+00,-8.676540684329330233e+00,-8.711123089154064303e+00,-8.718655282432996145e+00,-8.533728766543500655e+00,-8.403068386633806952e+00,-8.305211318259292597e+00,-8.228752687949542732e+00,-8.167079214070906090e+00,-8.116095779585544179e+00,-8.073132313865940546e+00,-8.036373203042746383e+00,-8.004539573934090768e+00,-7.976702937418168382e+00,-7.952171109951057026e+00,-7.930415832176540114e+00,-7.911025405378118158e+00,-7.893672840852744343e+00,-7.878093905021419374e+00,-7.864071640880507807e+00,-7.851425233827145966e+00,-7.840001865328118491e+00,-7.829670674041779854e+00,-7.820318239691077977e+00,-7.811845189803462652e+00
-8.354400988466780476e+00,-8.358431191808771032e+00,-8.362837562147907633e+00,-8.367653392552782066e+00,-8.372913175212058690e+00,-8.378652164730954865e+00,-8.384905853291877875e+00,-8.391709378606643455e+00,-8.399096899708764496e+00,-8.407100990763241910e+00,-8.415752118195950260e+00,-8.425078280959580113e+00,-8.435104908001180846e+00,-8.445855122750348443e+00,-8.457350505208333757e+00,-8.469612513333743209e+00,-8.482664774205545655e+00,-8.496536531746537335e+00,-8.511267655710017976e+00,-8.526915798504955291e+00,-8.543566571009620247e+00,-8.561348067034643350e+00,-8.580451834040941250e+00,-8.601163729781079681e+00,-8.623910553842671689e+00,-8.649333017728398687e+00,-8.678404988176774637e+00,-8.712638834847487246e+00,-8.722867993866801228e+00,-8.536182244612747994e+00,-8.404384957709925885e+00,-8.305706764569485756e+00,-8.228610332955485163e+00,-8.166418848655858653e+00,-8.115004100288498279e+00,-8.071677379371003269e+00,-8.034611633748587778e+00,-8.002520256452859471e+00,-7.974468993542531692e+00,-7.949761000759407281e+00,-7.927864039265632989e+00,-7.908362910056440320e+00,-7.890927503469395532e+00,-7.875290783661723637e+00,-7.861233258516022282e+00,-7.848571792682788484e+00,-7.837151408089106042e+00,-7.826839197296839856e+00,-7.817519771263697237e+00,-7.809091845667944121e+00
-8.352706981475119363e+00,-8.356707108692354780e+00,-8.361092339350788549e+00,-8.365898226074966360e+00,-8.371161743072512706e+00,-8.376920798809846858e+00,-8.383213635555749832e+00,-8.390078135859491582e+00,-8.397551072453405041e+00,-8.405667355586642131e+00,-8.414459348845419129e+00,-8.423956339946141014e+00,-8.434184266809333863e+00,-8.445165813254609688e+00,-8.456921006888297399e+00,-8.469468480331759253e+00,-8.482827604000524602e+00,-8.497021774520707282e+00,-8.512083261440462678e+00,-8.528060197304801804e+00,-8.545026578797015659e+00,-8.563096597011655930e+00,-8.582445363015809292e+00,-8.603339397033252567e+00,-8.626182624816577160e+00,-8.651588163059001246e+00,-8.680495284505932219e+00,-8.714370303720405886e+00,-8.727295327546885417e+00,-8.538797398204071243e+00,-8.405816755635591164e+00,-8.306276112936767930e+00,-8.228505426090018560e+00,-8.165764329102920271e+00,-8.113891470464803746e+00,-8.070179348955090148e+00,-8.032789196028355505e+00,-8.000426288129521168e+00,-7.972150153774876458e+00,-7.947258806017902799e+00,-7.925215554073571589e+00,-7.905601266615449596e+00,-7.888082340776426449e+00,-7.872388632636361905e+00,-7.858297870937152041e+00,-7.845624404801160523e+00,-7.834210934974912277e+00,-7.823922363905164268e+00,-7.814641195536891516e+00,-7.806264094595488423e+00
-8.350960120470505288e+00,-8.354923981438684422e+00,-8.359281785697069367e+00,-8.364071533479043197e+00,-8.369332919746451438e+00,-8.375106796000673981e+00,-8.381434489654324693e+00,-8.388356999608655329e+00,-8.395914106052540404e+00,-8.404143453167055355e+00,-8.413079683061136294e+00,-8.422753715935057173e+00,-8.433192284654305482e+00,-8.444417843461877737e+00,-8.456448985128091067e+00,-8.469301525748099024e+00,-8.482990461044742858e+00,-8.497533073572704154e+00,-8.512953590446464602e+00,-8.529289975935215651e+00,-8.546603726046894778e+00,-8.564993976061728631e+00,-8.584617960331877740e+00,-8.605721123314937770e+00,-8.628682475197392066e+00,-8.654085174853298312e+00,-8.682831148049709569e+00,-8.716337314206574760e+00,-8.731956050305109684e+00,-8.541588608239338853e+00,-8.407373660729188458e+00,-8.306925102092336033e+00,-8.228440126213994787e+00,-8.165114882800608598e+00,-8.112754852336074407e+00,-8.068633555037687088e+00,-8.030900161390933434e+00,-7.998251358595790173e+00,-7.969739903709790241e+00,-7.944658084133758180e+00,-7.922464193864358073e+00,-7.902734663810716320e+00,-7.885131973175306008e+00,-7.869382532240229544e+00,-7.855261031631527224e+00,-7.842579106576638814e+00,-7.831176976731086370e+00,-7.820917212303964305e+00,-7.811680070652909258e+00,-7.803360020537851938e+00
-8.349159804262390239e+00,-8.353080628435028743e+00,-8.357404042615039330e+00,-8.362170689377112609e+00,-8.367423238063301127e+00,-8.373205796578156779e+00,-8.379563146283112829e+00,-8.386539816386630264e+00,-8.394179037388173725e+00,-8.402521638005078231e+00,-8.411604973209218628e+00,-8.421461989417659666e+00,-8.432120545181430060e+00,-8.443603113707192520e+00,-8.455927002826605587e+00,-8.469105247606192322e+00,-8.483148371939430277e+00,-8.498067290662863371e+00,-8.513877746918931066e+00,-8.530606868963209521e+00,-8.548302716577774518e+00,-8.567048127247636202e+00,-8.586980881841430602e+00,-8.608323424250524880e+00,-8.631427575443055389e+00,-8.656843908415318367e+00,-8.685433967917742137e+00,-8.718561657915383734e+00,-8.736870995031885911e+00,-8.544571757775058174e+00,-8.409066475136929952e+00,-8.307659872982021909e+00,-8.228416570319630807e+00,-8.164469400753027628e+00,-8.111590667074194627e+00,-8.067034684548488599e+00,-8.028938135095907924e+00,-7.995988533395590458e+00,-7.967231187618377675e+00,-7.941951954331583075e+00,-7.919603440529479066e+00,-7.899757048097643342e+00,-7.882070854725606424e+00,-7.866267454453988783e+00,-7.852118229144913641e+00,-7.839431903556839387e+00,-7.828046063598414150e+00,-7.817820811208024523e+00,-7.808634018354852380e+00,-7.800377806876626074e+00
-8.347305711936915174e+00,-8.351176124716666038e+00,-8.355457467972675190e+00,-8.360193226166689584e+00,-8.365429310884263003e+00,-8.371213424998988017e+00,-8.377594209298463213e+00,-8.384620184496014872e+00,-8.392338529601294894e+00,-8.400793768149018348e+00,-8.410026461939215991e+00,-8.420072032903249237e+00,-8.430959844851573237e+00,-8.442712679815626231e+00,-8.455346745344339610e+00,-8.468872360911454678e+00,-8.483295507575011385e+00,-8.498620499728922084e+00,-8.514854165574760714e+00,-8.532012120479180339e+00,-8.550128010848585092e+00,-8.569267046467029303e+00,-8.589545832330736985e+00,-8.611161678941842368e+00,-8.634436679283831850e+00,-8.659885886370858543e+00,-8.688327106946186262e+00,-8.721067294582478979e+00,-8.742063301504233053e+00,-8.547764393900795454e+00,-8.410907002110933561e+00,-8.308486976028275350e+00,-8.228436826303083151e+00,-8.163826355704257409e+00,-8.110394697414117005e+00,-8.065376682587549695e+00,-8.026895973708308318e+00,-7.993630193884814439e+00,-7.964616374453415304e+00,-7.939133088060481569e+00,-7.916626453094234961e+00,-7.896662150763091859e+00,-7.878893307938665380e+00,-7.863038299456586167e+00,-7.848864921372757486e+00,-7.836178800878093043e+00,-7.824814752244405369e+00,-7.814630284656179704e+00,-7.805500749185112497e+00,-7.797315763496841079e+00
-8.345397854926028813e+00,-8.349209858665458839e+00,-8.353440695437939212e+00,-8.358136893338567575e+00,-8.363347887052134055e+00,-8.369125338917394075e+00,-8.375522194411216148e+00,-8.382591479687892644e+00,-8.390384883161553731e+00,-8.398951201309193593e+00,-8.408334764027193486e+00,-8.418573979646179595e+00,-8.429700149439163681e+00,-8.441736697344579099e+00,-8.454698951291144127e+00,-8.468594612947065059e+00,-8.483425081028933334e+00,-8.499187867069888824e+00,-8.515880477018047401e+00,-8.533506342037492587e+00,-8.552083688835390163e+00,-8.571658686677718464e+00,-8.592324889107553432e+00,-8.614252108823526655e+00,-8.637729867620219437e+00,-8.663234408338089665e+00,-8.691536068406650273e+00,-8.723880560356381153e+00,-8.747558679418251160e+00,-8.551185901480067741e+00,-8.412908125483898658e+00,-8.309413369103999969e+00,-8.228502830495129317e+00,-8.163183702646566786e+00,-8.109161973299784165e+00,-8.063652642112574043e+00,-8.024765693374884989e+00,-7.991167973564451188e+00,-7.961887226196402878e+00,-7.936193707929574792e+00,-7.913526091404571083e+00,-7.893443527899663970e+00,-7.875593571126456638e+00,-7.859689942946039842e+00,-7.845496578196867077e+00,-7.832815839619767573e+00,-7.821479656787505341e+00,-7.811342840192954995e+00,-7.802278090700285773e+00,-7.794172357347910918e+00
-8.343436635104957588e+00,-8.347181596460604425e+00,-8.351352703215740192e+00,-8.355999727469699323e+00,-8.361175918798647189e+00,-8.366937289735142613e+00,-8.373341578765346682e+00,-8.380446890495289125e+00,-8.388310055095319129e+00,-8.396984797762113928e+00,-8.406519854095092725e+00,-8.416957197884517683e+00,-8.428330555982110894e+00,-8.440664370951781237e+00,-8.453973347082895273e+00,-8.468262699222744772e+00,-8.483529240804875471e+00,-8.499763519444226034e+00,-8.516953352212953021e+00,-8.535089340937485503e+00,-8.554173276398387316e+00,-8.574230802632330395e+00,-8.595330388360133966e+00,-8.617611726928785743e+00,-8.641328574372755256e+00,-8.666914655181654936e+00,-8.695088667874754762e+00,-8.727030387689191926e+00,-8.753385692141653962e+00,-8.554857686047881771e+00,-8.415083885335665315e+00,-8.310446401681625517e+00,-8.228616305749078208e+00,-8.162538758368500069e+00,-8.107886638224691467e+00,-8.061854678296597854e+00,-8.022538368449408708e+00,-7.988592691535867374e+00,-7.959034870339187329e+00,-7.933125596927159684e+00,-7.910294954331462236e+00,-7.890094616608576139e+00,-7.872165861230355333e+00,-7.856217296401050376e+00,-7.842008733727609204e+00,-7.829339139613404441e+00,-7.818037484016389094e+00,-7.807955800179331440e+00,-7.798964018850107038e+00,-7.790946246931043540e+00
-8.341422909220431947e+00,-8.345091554983083526e+00,-8.349192893316562447e+00,-8.353780134504431132e+00,-8.358910642577278338e+00,-8.364645196857145137e+00,-8.371046863572418673e+00,-8.378179465213760224e+00,-8.386105688113078216e+00,-8.394884931626096503e+00,-8.404571061877902594e+00,-8.415210272675265557e+00,-8.426839262938827346e+00,-8.439483912356243067e+00,-8.453158589176597459e+00,-8.467866183830601301e+00,-8.483598962155985745e+00,-8.500340400844464739e+00,-8.518068323974334888e+00,-8.536759913370072894e+00,-8.556399526371100350e+00,-8.576990744932505351e+00,-8.598574762268263783e+00,-8.621258246622323540e+00,-8.645255585933728781e+00,-8.670953782515931962e+00,-8.699015206997021465e+00,-8.730548533794831201e+00,-8.759576057585498177e+00,-8.558803360817153205e+00,-8.417449543491493102e+00,-8.311593778736094507e+00,-8.228778654762024303e+00,-8.161888056312704975e+00,-8.106561794026182710e+00,-8.059973786494222026e+00,-8.020204020428653990e+00,-7.985894284146742628e+00,-7.956049778803739869e+00,-7.929920121362387775e+00,-7.906925436618815084e+00,-7.886608811567238142e+00,-7.868604455625090921e+00,-7.852615382734529526e+00,-7.838397049489847390e+00,-7.825744949156312025e+00,-7.814485072762864526e+00,-7.804466636127318502e+00,-7.795556692680889910e+00,-7.787636321294558961e+00
-8.339358059841085691e+00,-8.342940483841477572e+00,-8.346961182591099870e+00,-8.351476986143500980e+00,-8.356549675638026642e+00,-8.362245238265115788e+00,-8.368632652434047969e+00,-8.375782172922717095e+00,-8.383763151671363545e+00,-8.392641512297000617e+00,-8.402477076929978139e+00,-8.413320997793023892e+00,-8.425213551990356819e+00,-8.438182511411991271e+00,-8.452242219275001744e+00,-8.467393429516855363e+00,-8.483623940709271949e+00,-8.500910119778971819e+00,-8.519219583688702357e+00,-8.538515596181259326e+00,-8.558764143584086881e+00,-8.579945189069189126e+00,-8.602070311061355667e+00,-8.625209935171731956e+00,-8.649535002971100894e+00,-8.675380996228771124e+00,-8.703348644532912459e+00,-8.734469812841823000e+00,-8.766164959408191848e+00,-8.563048929125050890e+00,-8.420021628960205007e+00,-8.312863495300389260e+00,-8.228990821893496843e+00,-8.161227172754628612e+00,-8.105179322315418489e+00,-8.057999683359280851e+00,-8.017751497682851891e+00,-7.983061736362210503e+00,-7.952921756183951807e+00,-7.926568271764762308e+00,-7.903409809441187761e+00,-7.882979566988053577e+00,-7.864903797049214162e+00,-7.848879430127120749e+00,-7.834657389936400484e+00,-7.822029701937394996e+00,-7.810819437195525516e+00,-7.800873005841047814e+00,-7.792054492573545765e+00,-7.784241744341726665e+00
-8.337244072850131360e+00,-8.340729757100753261e+00,-8.344658106817682608e+00,-8.349089732392048546e+00,-8.354091131078611454e+00,-8.359733960578585865e+00,-8.366093748582180467e+00,-8.373247981460554712e+00,-8.381273597364279127e+00,-8.390244018048921504e+00,-8.400225964867201967e+00,-8.411276380563398547e+00,-8.423439785729900819e+00,-8.436746326120386996e+00,-8.451210639555553072e+00,-8.466831544811361354e+00,-8.483592494602451239e+00,-8.501462790445616591e+00,-8.520399752124678372e+00,-8.540352370279839178e+00,-8.561267440631127101e+00,-8.583099781090648861e+00,-8.605828889167986162e+00,-8.629485392501694108e+00,-8.654192149383174382e+00,-8.680227600308111136e+00,-8.708124758331159398e+00,-8.738832324607573199e+00,-8.773191357044746397e+00,-8.567622948150880546e+00,-8.422817948141430477e+00,-8.314263728754498928e+00,-8.229253114984935280e+00,-8.160550520333222480e+00,-8.103729681698178311e+00,-8.055920631745561167e+00,-8.015168347241287350e+00,-7.980083014932761287e+00,-7.949639940810111938e+00,-7.923060726880974514e+00,-7.899740330847401459e+00,-7.879200530040810335e+00,-7.861058626552725137e+00,-7.845004987171105171e+00,-7.830785911671596544e+00,-7.818190081277100134e+00,-7.807037813562590856e+00,-7.797172793035990424e+00,-7.788456062341915676e+00,-7.780762005602441356e+00
-8.335083621247282082e+00,-8.338461475132442402e+00,-8.342284939132733612e+00,-8.346618532555257985e+00,-8.351533754603204684e+00,-8.357108412480407367e+00,-8.363425275054403585e+00,-8.370569955957316566e+00,-8.378628031498559281e+00,-8.387681544032320247e+00,-8.397805197414925260e+00,-8.409062662917863307e+00,-8.421503426424321148e+00,-8.435160499021112201e+00,-8.450049117212897087e+00,-8.466166358181039797e+00,-8.483491483995830862e+00,-8.501986873384225873e+00,-8.521599624354870173e+00,-8.542264308180664401e+00,-8.563907908405049341e+00,-8.586458676419445268e+00,-8.609861477834572341e+00,-8.634103228540745079e+00,-8.659253407734833985e+00,-8.685527003955794356e+00,-8.713382289772365397e+00,-8.743677669043730560e+00,-8.777940515685171974e+00,-8.572556651434085850e+00,-8.425857536760423372e+00,-8.315802670489546244e+00,-8.229564976520357789e+00,-8.159851105516002789e+00,-8.102201681813632206e+00,-8.053723251849403297e+00,-8.012440681005090326e+00,-7.976945005988949511e+00,-7.946192822720766991e+00,-7.919387946899928643e+00,-7.895909393561288070e+00,-7.875265713019244274e+00,-7.857064150158261207e+00,-7.840988062779840284e+00,-7.826779167708957985e+00,-7.814223091514829633e+00,-7.803137709637586461e+00,-7.793364149023620513e+00,-7.784760355745847349e+00,-7.777196979152122047e+00
-8.332880154664241701e+00,-8.336138576728766125e+00,-8.339843824012612927e+00,-8.344064407190506572e+00,-8.348877086803017988e+00,-8.354366306288513400e+00,-8.360622822875829030e+00,-8.367741382472878797e+00,-8.375817408317638879e+00,-8.384942867149353773e+00,-8.395201698649806588e+00,-8.406665362366368299e+00,-8.419389082136772728e+00,-8.433409209397256134e+00,-8.448741830414665088e+00,-8.465382432513697708e+00,-8.483306260280034650e+00,-8.502469024242055085e+00,-8.522807890737443159e+00,-8.544243158066887389e+00,-8.566681682367887518e+00,-8.590023941903139004e+00,-8.614177607498209710e+00,-8.639081602885372746e+00,-8.664745952799218998e+00,-8.691314670538107023e+00,-8.719163059627526025e+00,-8.749051131837251916e+00,-8.782381105617387718e+00,-8.577883995224651059e+00,-8.429160518782881084e+00,-8.317488270856205901e+00,-8.229924690875058957e+00,-8.159120248074806625e+00,-8.100582238521749190e+00,-8.051392323992960343e+00,-8.009553040294580484e+00,-7.973633460156639430e+00,-7.942568283043119237e+00,-7.915540303072994277e+00,-7.891909719103670007e+00,-7.871169712889712677e+00,-7.852916245756366820e+00,-7.836825294589242930e+00,-7.822634227972186771e+00,-7.810126136070611125e+00,-7.799116955842757548e+00,-7.789445536036596174e+00,-7.780966688385490215e+00,-7.773546993169638597e+00
-8.330637993492313598e+00,-8.333764961186526321e+00,-8.337337927794482795e+00,-8.341429413687107441e+00,-8.346121655439937115e+00,-8.351506213612275076e+00,-8.357682633749234924e+00,-8.364755922612674865e+00,-8.372832748194490193e+00,-8.382016530575087998e+00,-8.392401909859714237e+00,-8.404069336970213300e+00,-8.417080587806955450e+00,-8.431475773207088409e+00,-8.447271971283955239e+00,-8.464463137421693872e+00,-8.483020661710211741e+00,-8.502893963397768928e+00,-8.524010838929930500e+00,-8.546277857473986828e+00,-8.569581882440113318e+00,-8.593794783257111547e+00,-8.618784580970411113e+00,-8.644437576798658540e+00,-8.670697343722210348e+00,-8.697627984822519309e+00,-8.725512041214596337e+00,-8.755001820265967183e+00,-8.787366383876831222e+00,-8.583641574904474325e+00,-8.432747820205481304e+00,-8.319327860377724093e+00,-8.230329011420783658e+00,-8.158347263737919519e+00,-8.098856120106756151e+00,-8.048910593042101880e+00,-8.006488264687147804e+00,-7.970132948420859620e+00,-7.938753659289070619e+00,-7.911508251904826317e+00,-7.887734608895204502e+00,-7.866907988304943977e+00,-7.848611717487477435e+00,-7.832514149742543452e+00,-7.818348817115121641e+00,-7.805897101438437957e+00,-7.794973756809959298e+00,-7.785415771901677218e+00,-7.777074796644478205e+00,-7.769812913843050062e+00
-8.328362425831894456e+00,-8.331345619404780578e+00,-8.334771606283796430e+00,-8.338716848177298857e+00,-8.343269202941222318e+00,-8.348527802502671236e+00,-8.354601825715022301e+00,-8.361607806891070638e+00,-8.369665286358976886e+00,-8.378890951069029924e+00,-8.389391875368296780e+00,-8.401258878745684555e+00,-8.414561130470508132e+00,-8.429342805766093960e+00,-8.445621925894679194e+00,-8.463390801991920398e+00,-8.482617077662540694e+00,-8.503244384576362336e+00,-8.525192046464491469e+00,-8.548353971885049418e+00,-8.572597801870863066e+00,-8.597766550638123562e+00,-8.623686432088126352e+00,-8.650186207896439328e+00,-8.677134918911473704e+00,-8.704506006291678588e+00,-8.732477373180774549e+00,-8.761582720971915705e+00,-8.792949522397435658e+00,-8.589868329412047032e+00,-8.436640659992901803e+00,-8.321327594930911786e+00,-8.230772688101945178e+00,-8.157519116879701215e+00,-8.097005703318737702e+00,-8.046258591492570389e+00,-8.003227373739202122e+00,-7.966426831321189006e+00,-7.934735840243580363e+00,-7.907282562963763972e+00,-7.883378264890581022e+00,-7.862477205529605051e+00,-7.844148605269626984e+00,-7.828053161939958038e+00,-7.813921470709324524e+00,-7.801534446309261739e+00,-7.790706742112434746e+00,-7.781274076153194663e+00,-7.773084906495733470e+00,-7.765996249153618081e+00
-8.326059804557303323e+00,-8.328886772071511402e+00,-8.332150589220729486e+00,-8.335931476264923035e+00,-8.340322955036118202e+00,-8.345432125351480934e+00,-8.351378672944072434e+00,-8.358292077385096164e+00,-8.366306659611371543e+00,-8.375554552773923689e+00,-8.386157351447636188e+00,-8.398217840237855114e+00,-8.411813429804720244e+00,-8.426992466191084219e+00,-8.443773556697159677e+00,-8.462146976763399664e+00,-8.482076610226227942e+00,-8.503500927391266728e+00,-8.526332080028328875e+00,-8.550453058166736398e+00,-8.575713919604744717e+00,-8.601929464591957952e+00,-8.628882532686095175e+00,-8.656339289296322903e+00,-8.684084912806405043e+00,-8.711989063523741805e+00,-8.740110290227297796e+00,-8.768850640992278400e+00,-8.799187163637698816e+00,-8.596604908811761092e+00,-8.440859702846283952e+00,-8.323491651650771317e+00,-8.231247873314083918e+00,-8.156620059925955957e+00,-8.095010772161996826e+00,-8.043414508902412052e+00,-7.999749473457509197e+00,-7.962497241805242432e+00,-7.930501391711255010e+00,-7.902854609961736720e+00,-7.878836194347201172e+00,-7.857875665598420767e+00,-7.839526556738944052e+00,-7.823442208390404495e+00,-7.809351711248973871e+00,-7.797037295530078183e+00,-7.786315015272736062e+00,-7.777020118470925780e+00,-7.768997816804580125e+00,-7.762099280787943201e+00
-8.323737640604043975e+00,-8.326396011638388828e+00,-8.329482180104728073e+00,-8.333079794397399098e+00,-8.337287937044186137e+00,-8.342221969050985564e+00,-8.348012954556990550e+00,-8.354804894332533038e+00,-8.362749141415312337e+00,-8.371995932096432114e+00,-8.382683940042777948e+00,-8.394929799307131901e+00,-8.408819987890346681e+00,-8.424406807892060201e+00,-8.441708619545527981e+00,-8.460712840851545735e+00,-8.481379369194883111e+00,-8.503642246922650472e+00,-8.527408226830505811e+00,-8.552551961318970442e+00,-8.578908713516376849e+00,-8.606266994379680568e+00,-8.634365732314314812e+00,-8.662903593009460224e+00,-8.691571174651587128e+00,-8.720118124754923983e+00,-8.748464945683663174e+00,-8.776865979276276875e+00,-8.806138677321557751e+00,-8.603892515083325421e+00,-8.445423703923284009e+00,-8.325821074513681808e+00,-8.231743382700935641e+00,-8.155631292267379706e+00,-8.092848413961293730e+00,-8.040354151341727373e+00,-7.996031703323746243e+00,-7.958325076680881516e+00,-7.926036709078617015e+00,-7.898216734941496675e+00,-7.874105715449179144e+00,-7.853103824473160799e+00,-7.834747266757783102e+00,-7.818682829856296479e+00,-7.804640246993038488e+00,-7.792405540367618677e+00,-7.781798201242016155e+00,-7.772654071719152569e+00,-7.764815004606713700e+00,-7.758125236497168231e+00
-8.321404687095332875e+00,-8.323882442886308297e+00,-8.326775467886822213e+00,-8.330170322299405683e+00,-8.334171344487085520e+00,-8.338902281552485363e+00,-8.344506392491389590e+00,-8.351143927497810537e+00,-8.358985940464448205e+00,-8.368204059820433471e+00,-8.378957248435158434e+00,-8.391378267574641114e+00,-8.405563426008324512e+00,-8.421568266660873547e+00,-8.439409355943737978e+00,-8.459069798033892695e+00,-8.480504944094578335e+00,-8.503645222545392457e+00,-8.528394295764320177e+00,-8.554622067464540791e+00,-8.582153261900222319e+00,-8.610753813866862671e+00,-8.640119879460785413e+00,-8.669878415180518161e+00,-8.699613306473404251e+00,-8.728933847176671534e+00,-8.757598095064793142e+00,-8.785692255680462637e+00,-8.813864816329703089e+00,-8.611770926502376966e+00,-8.450347397737308697e+00,-8.328312133710380039e+00,-8.232243790228061187e+00,-8.154530696799842104e+00,-8.090493099620914563e+00,-8.037051058608662757e+00,-7.992049244443564682e+00,-7.953889980329348575e+00,-7.921328182013597008e+00,-7.893362695125952122e+00,-7.869186582418737252e+00,-7.848164913864563275e+00,-7.829814984077390960e+00,-7.813778596716380420e+00,-7.799789201002905514e+00,-7.787639950801260369e+00,-7.777156494788675545e+00,-7.768176674083135502e+00,-7.760538764248273935e+00,-7.754078521358985121e+00
-8.319071007124833272e+00,-8.321356814357217857e+00,-8.324041544055926778e+00,-8.327213924279080359e+00,-8.330982973942278491e+00,-8.335480691742436221e+00,-8.340863205400342650e+00,-8.347308862468592494e+00,-8.355011585484945158e+00,-8.364168529399375274e+00,-8.374963075175495320e+00,-8.387546948729795560e+00,-8.402026932454402797e+00,-8.418460328382270319e+00,-8.436859311777592296e+00,-8.457200313704094086e+00,-8.479433103420383588e+00,-8.503485357122468002e+00,-8.529260541575089505e+00,-8.556628558892521497e+00,-8.585409643338909547e+00,-8.615353263365260972e+00,-8.646116531731280475e+00,-8.677252128672039433e+00,-8.708223933027570141e+00,-8.738475151073608060e+00,-8.767568604468138460e+00,-8.795395293366986778e+00,-8.822425445656334020e+00,-8.620275261837862857e+00,-8.455638275406245796e+00,-8.330954023809908904e+00,-8.232728348030079246e+00,-8.153292750197364214e+00,-8.087917082137726865e+00,-8.033476883658172696e+00,-7.987775415861747774e+00,-7.949170282117234088e+00,-7.916362335902122460e+00,-7.888288201464298766e+00,-7.864081749654079800e+00,-7.843065657979285454e+00,-7.824737072628057177e+00,-7.808735525305460001e+00,-7.794802388112564095e+00,-7.782742314435987296e+00,-7.772390716115713083e+00,-7.763589308068577388e+00,-7.756172399173594023e+00,-7.749965035782976130e+00
-8.316748015948592254e+00,-8.318831629692157392e+00,-8.321293714347572035e+00,-8.324224152760171691e+00,-8.327735717524474168e+00,-8.331968141896199498e+00,-8.337090814773269187e+00,-8.343302066260159577e+00,-8.350822431777350729e+00,-8.359879865501540053e+00,-8.370687621652407984e+00,-8.383420054560129842e+00,-8.398194855672661774e+00,-8.415068434208745174e+00,-8.434044447347417872e+00,-8.455089051724424820e+00,-8.478144774467635258e+00,-8.503137424124428634e+00,-8.529973783104759733e+00,-8.558529750968826733e+00,-8.588629188813545312e+00,-8.620014271750667589e+00,-8.652310622949343610e+00,-8.684997313625604676e+00,-8.717404638358459579e+00,-8.748777061399669819e+00,-8.778436741161977253e+00,-8.806041898320890127e+00,-8.831875819156069340e+00,-8.629430800353780739e+00,-8.461291752100608576e+00,-8.333725692233514337e+00,-8.233169748762442453e+00,-8.151888756692057925e+00,-8.085091313543571800e+00,-8.029602195960418243e+00,-7.983181897716140618e+00,-7.944142806519883138e+00,-7.911125873718535040e+00,-7.882991558152480316e+00,-7.858798291880446207e+00,-7.837817050010312592e+00,-7.819524591296155513e+00,-7.803562555883324592e+00,-7.789685680330113549e+00,-7.777715633479651558e+00,-7.767502385872551152e+00,-7.758894108637663933e+00,-7.751720496228004187e+00,-7.745792622727380561e+00
-8.314448486145181505e+00,-8.316321223983646149e+00,-8.318547688379126726e+00,-8.321217600220117916e+00,-8.324446118645674630e+00,-8.328379652537648781e+00,-8.333200751052402211e+00,-8.339129478254866612e+00,-8.346417346561223027e+00,-8.355329916448654970e+00,-8.366117727624260425e+00,-8.378982690254302312e+00,-8.394053495150485489e+00,-8.411381205847209941e+00,-8.430954620744934402e+00,-8.452724374121205031e+00,-8.476623353268903927e+00,-8.502576420361542375e+00,-8.530497804408032181e+00,-8.560276637622825646e+00,-8.591750715689910223e+00,-8.624667764480763665e+00,-8.658634838799695643e+00,-8.693063846141608764e+00,-8.727139792436496180e+00,-8.759867358693123052e+00,-8.790263193577544598e+00,-8.817697782485252489e+00,-8.842260520946387814e+00,-8.639244798080179422e+00,-8.467284057895533067e+00,-8.336591586657082331e+00,-8.233532803727985794e+00,-8.150287624450321289e+00,-8.081987168003754718e+00,-8.025397962748273883e+00,-7.978239148289350879e+00,-7.938782395709689688e+00,-7.905605457506667655e+00,-7.877474416210977992e+00,-7.853348483377985190e+00,-7.832435077467668094e+00,-7.814192814912683360e+00,-7.798272127197373393e+00,-7.784447547768148290e+00,-7.772564441049489403e+00,-7.762493839241770388e+00,-7.754094118734288443e+00,-7.747189330985297495e+00,-7.741571709879657703e+00
-8.312186502244795605e+00,-8.313841785812913443e+00,-8.315821722779485725e+00,-8.318214234790648476e+00,-8.321134975559138169e+00,-8.324735235612736872e+00,-8.329209820641736428e+00,-8.334801825258720598e+00,-8.341798667352986030e+00,-8.350512372400103800e+00,-8.361241128130682654e+00,-8.374221328624839700e+00,-8.389592175591563006e+00,-8.407392113545617107e+00,-8.427585547959692391e+00,-8.450100263076537388e+00,-8.474856377399193619e+00,-8.501778869974518926e+00,-8.530794139914858576e+00,-8.561812830589769163e+00,-8.594698992854590713e+00,-8.629222736572392805e+00,-8.664992510678281690e+00,-8.701369079488916469e+00,-8.737386938184409146e+00,-8.771761169491245624e+00,-8.803107747112660419e+00,-8.830424276349630119e+00,-8.853603511154737760e+00,-8.649693660457975497e+00,-8.473562033917858116e+00,-8.339496191093862976e+00,-8.233773210730056746e+00,-8.148457479733778541e+00,-8.078579363296082505e+00,-8.020838114859470735e+00,-7.972917162268461588e+00,-7.933060841052891554e+00,-7.899786880799377187e+00,-7.871742668346598748e+00,-7.847750987278423906e+00,-7.826941113231212555e+00,-7.808761560550053993e+00,-7.792880947682856885e+00,-7.779099951207085084e+00,-7.767295347638897951e+00,-7.757368406306768271e+00,-7.749193518679687642e+00,-7.742587485938490666e+00,-7.737316250273323703e+00
-8.309977349848963968e+00,-8.311411301189485457e+00,-8.313136683996223297e+00,-8.315237679117554848e+00,-8.317827959482894329e+00,-8.321060958356063963e+00,-8.325141606017522733e+00,-8.330336308009012924e+00,-8.336973592901628649e+00,-8.345423486762696186e+00,-8.356046728835517357e+00,-8.369124410495089705e+00,-8.384804751948260915e+00,-8.403101774377057964e+00,-8.423941367156590587e+00,-8.447218706034314906e+00,-8.472837556596925168e+00,-8.500724493418152505e+00,-8.530823343023596905e+00,-8.563075139428871552e+00,-8.597383856078069542e+00,-8.633562456780376593e+00,-8.671249079407964189e+00,-8.709784008363431695e+00,-8.748061421627799206e+00,-8.784451730113636003e+00,-8.817027490372735699e+00,-8.844272919966137181e+00,-8.865891370129562077e+00,-8.660702976016544596e+00,-8.480029015960980132e+00,-8.342357485623157487e+00,-8.233836748712384690e+00,-8.146368468582704025e+00,-8.074850570431971519e+00,-8.015903857181891468e+00,-7.967186947838131417e+00,-7.926944683641646172e+00,-7.893652825464908318e+00,-7.865807551782722840e+00,-7.842031919339084389e+00,-7.821361304692444172e+00,-7.803255142998710703e+00,-7.787411219898690895e+00,-7.773659918622652043e+00,-7.761918007091900051e+00,-7.752130689753577997e+00,-7.744197969565473905e+00,-7.737926826983922979e+00,-7.733045126253474955e+00
-8.307837324009147650e+00,-8.309049392077064056e+00,-8.310515986793786780e+00,-8.312315371276191911e+00,-8.314556181906464616e+00,-8.317390128152581497e+00,-8.321028371402583446e+00,-8.325758975003262563e+00,-8.331956282967622585e+00,-8.340063150594247077e+00,-8.350524897929929580e+00,-8.363683147126826256e+00,-8.379691812458009537e+00,-8.398521173304711596e+00,-8.420037954074555131e+00,-8.444092536990487119e+00,-8.470569086850243679e+00,-8.499398195141994350e+00,-8.530546809099339711e+00,-8.563995084416365700e+00,-8.599700599196820505e+00,-8.637541742992956628e+00,-8.677222813170692106e+00,-8.718114300560115382e+00,-8.759011228513635672e+00,-8.797893477600922552e+00,-8.832074281984375830e+00,-8.859275874779058313e+00,-8.879044052015890642e+00,-8.672116830187059477e+00,-8.486526476986773204e+00,-8.345060071697865567e+00,-8.233659464764134128e+00,-8.143997065425466531e+00,-8.070798222030026281e+00,-8.010590778549438795e+00,-7.961023730183683256e+00,-7.920391072794827458e+00,-7.887177162820113274e+00,-7.859687118989539201e+00,-7.836224853959908643e+00,-7.815723501130221074e+00,-7.797701927779951525e+00,-7.781892898165924777e+00,-7.768152381795871086e+00,-7.756446815565064767e+00,-7.746786966190593482e+00,-7.739115140996386089e+00,-7.733224112202578659e+00,-7.728784279716045980e+00
-8.305783443433314872e+00,-8.306777021062307753e+00,-8.307985355539864614e+00,-8.309478521823281838e+00,-8.311356597436244442e+00,-8.313764504024964808e+00,-8.316913413867171201e+00,-8.321108085448557290e+00,-8.326771154713449974e+00,-8.334436623476657147e+00,-8.344667777338113268e+00,-8.357892688114732849e+00,-8.374264083235233969e+00,-8.393676262050576042e+00,-8.415907127507416874e+00,-8.440748626168467439e+00,-8.468064061983440638e+00,-8.497792230163065952e+00,-8.529929155119372552e+00,-8.564501626683082236e+00,-8.601532452950873875e+00,-8.640986913178586803e+00,-8.682676805964693045e+00,-8.726076022393881360e+00,-8.769975292363305641e+00,-8.811968451061755303e+00,-8.848290762304465318e+00,-8.875426895548889306e+00,-8.892861587873472473e+00,-8.683652115261033089e+00,-8.492812799105704968e+00,-8.347449831344709636e+00,-8.233169668164245891e+00,-8.141331981335916623e+00,-8.066443812204129316e+00,-8.004920313007634292e+00,-7.954414454068731821e+00,-7.913341185351736584e+00,-7.880310130475353780e+00,-7.853408401352552914e+00,-7.830366015131088098e+00,-7.810049048898155100e+00,-7.792134288131251196e+00,-7.776368081091327156e+00,-7.762615165822889907e+00,-7.750903875518113217e+00,-7.741345723645729926e+00,-7.733955576006348309e+00,-7.728503778690963166e+00,-7.724569976024142193e+00
-8.303833061841421781e+00,-8.304616037025304820e+00,-8.305572351380169138e+00,-8.306761756943618735e+00,-8.308272064065242546e+00,-8.310235324709964289e+00,-8.312853788615441886e+00,-8.316438836998855777e+00,-8.321458246179725293e+00,-8.328557570570092494e+00,-8.338469629639471137e+00,-8.351754027832408056e+00,-8.368548017062897415e+00,-8.388614616484190378e+00,-8.411601788400545843e+00,-8.437231119145598868e+00,-8.465348637035189583e+00,-8.495908286557849465e+00,-8.528941040547953989e+00,-8.564525290222841036e+00,-8.602756002911075228e+00,-8.643700711936370240e+00,-8.687316624186962599e+00,-8.733269501723201600e+00,-8.780515774413855112e+00,-8.826413247791181860e+00,-8.865702617654605433e+00,-8.892637417188524296e+00,-8.906923232982984828e+00,-8.694835838634961789e+00,-8.498544665833291489e+00,-8.349333650716136646e+00,-8.232292670978583971e+00,-8.138381196415977570e+00,-8.061844216879968883e+00,-7.998957327279319962e+00,-7.947375414928387727e+00,-7.905714639565089463e+00,-7.872938017463991578e+00,-7.847010363743907035e+00,-7.824468253501016157e+00,-7.804337500189943988e+00,-7.786592260076755423e+00,-7.770899074823450547e+00,-7.757107312409345923e+00,-7.745324240874749577e+00,-7.735818349158129159e+00,-7.728734292959185126e+00,-7.723803043349469988e+00,-7.720453773854475621e+00
-8.302003376213285435e+00,-8.302588546661567648e+00,-8.303305614720679628e+00,-8.304202323884089409e+00,-8.305350811488796836e+00,-8.306863761656490652e+00,-8.308923064730668884e+00,-8.311829783858890153e+00,-8.316082185030161611e+00,-8.322453890456687375e+00,-8.331927276549722095e+00,-8.345277567114729678e+00,-8.362595535398671842e+00,-8.383415052695513126e+00,-8.407201717827367915e+00,-8.433604100012050964e+00,-8.462463401229827653e+00,-8.493759089747866753e+00,-8.527562154639451109e+00,-8.564003594386250029e+00,-8.603250096232802235e+00,-8.645474751926508716e+00,-8.690800981021178373e+00,-8.739164100790986822e+00,-8.789918986572210713e+00,-8.840645961451123469e+00,-8.884297910620986727e+00,-8.910614191458577693e+00,-8.920396401906577566e+00,-8.704936624215783070e+00,-8.503274144187516370e+00,-8.350489351787476977e+00,-8.230958935753028172e+00,-8.135178644942760329e+00,-8.057102828511059300e+00,-7.992834322381943579e+00,-7.939990486170256823e+00,-7.897425026744233634e+00,-7.864783068658947940e+00,-7.840536082737873613e+00,-7.818403100156081642e+00,-7.798558284413187103e+00,-7.781138091164297776e+00,-7.765580886092178226e+00,-7.751721923724177010e+00,-7.739765777128214452e+00,-7.730220108419685765e+00,-7.723474315159518433e+00,-7.719181732125869111e+00,-7.716509775389454262e+00
-8.300310843930700955e+00,-8.300716115155681862e+00,-8.301213795355215197e+00,-8.301838747486611325e+00,-8.302645018257559073e+00,-8.303720170097122377e+00,-8.305213217761659550e+00,-8.307390772826936498e+00,-8.310747310817879097e+00,-8.316179990473383299e+00,-8.325040809270525699e+00,-8.338490813458461659e+00,-8.356501892335799653e+00,-8.378200964777031245e+00,-8.402818964040315919e+00,-8.429952571590213495e+00,-8.459463234877608429e+00,-8.491369042342551410e+00,-8.525783928834547609e+00,-8.562887312400924600e+00,-8.602907962521650020e+00,-8.646110925278549075e+00,-8.692774291466189851e+00,-8.743123173316236674e+00,-8.797098272440701194e+00,-8.853341341580405199e+00,-8.903941438677900777e+00,-8.928431692106695294e+00,-8.931718590024425808e+00,-8.712941157767287947e+00,-8.506483325290934872e+00,-8.350690790191528379e+00,-8.229115281248997604e+00,-8.131787853435413993e+00,-8.052375398338352142e+00,-7.986777393234369526e+00,-7.932481069529311313e+00,-7.888472646399823596e+00,-7.855328064063283655e+00,-7.832946050670831717e+00,-7.811639715849938881e+00,-7.792715308013636211e+00,-7.775886711968511555e+00,-7.760554994599772272e+00,-7.746603803633476559e+00,-7.734329805792697243e+00,-7.724572281019876030e+00,-7.718216141366365690e+00,-7.714741790633902419e+00,-7.712843880249556250e+00
-8.298770536070566806e+00,-8.299018826319777276e+00,-8.299324186836217976e+00,-8.299708885360393751e+00,-8.300208224537174218e+00,-8.300881310552714609e+00,-8.301833874541804548e+00,-8.303270535283822085e+00,-8.305622245055589659e+00,-8.309845245753360032e+00,-8.317815218507222497e+00,-8.331457869713126740e+00,-8.350439216123854536e+00,-8.373156480267070378e+00,-8.398600153157133263e+00,-8.426380109027034493e+00,-8.456414866848486867e+00,-8.488773430653278496e+00,-8.523611424293077832e+00,-8.561146610440593108e+00,-8.601650954873527155e+00,-8.645450049968426143e+00,-8.692924980439467930e+00,-8.744509743887833864e+00,-8.800658037116816601e+00,-8.861598846319456158e+00,-8.923642954555310425e+00,-8.942719080204904358e+00,-8.938351631215915916e+00,-8.717691833763556275e+00,-8.507676960017935386e+00,-8.349748449889224489e+00,-8.226737019664692951e+00,-8.128299126174697520e+00,-8.047862444946920490e+00,-7.981117075773846103e+00,-7.925300370812289330e+00,-7.879184180743588506e+00,-7.844308894502860063e+00,-7.822162872281264612e+00,-7.804129149948691335e+00,-7.787026056412441832e+00,-7.771034995163859982e+00,-7.756014077426200082e+00,-7.741968088593843333e+00,-7.729208940077605838e+00,-7.718910198686176116e+00,-7.713049184865973906e+00,-7.710664466339559375e+00,-7.709601233060611847e+00
-8.297395470184826038e+00,-8.297514265183057347e+00,-8.297661146370614915e+00,-8.297847448072719345e+00,-8.298091481133443637e+00,-8.298424765022847538e+00,-8.298906167780845777e+00,-8.299658089974650821e+00,-8.300973844576930105e+00,-8.303685851350628866e+00,-8.310265903330320114e+00,-8.324338415426478122e+00,-8.344716329579519254e+00,-8.368538498727271957e+00,-8.394720716313388564e+00,-8.423001332924458850e+00,-8.453391593448969843e+00,-8.486015926459476333e+00,-8.521063872047992760e+00,-8.558775795543461129e+00,-8.599440958909715604e+00,-8.643401250121057089e+00,-8.691057996172776967e+00,-8.742879528352885288e+00,-8.799400998551806907e+00,-8.861152943275724780e+00,-8.926911204284781576e+00,-8.943567161534627274e+00,-8.937595693336028546e+00,-8.718287415251991135e+00,-8.506522932014041416e+00,-8.347556037086585334e+00,-8.223837090209929812e+00,-8.124817955099098654e+00,-8.043780504417807009e+00,-7.976252505393733649e+00,-7.919180484194471070e+00,-7.870647583755334686e+00,-7.832135054557913811e+00,-7.812288816884744413e+00,-7.797284664497615481e+00,-7.781977039656370998e+00,-7.766847457986605363e+00,-7.752182854411286961e+00,-7.738102226407434614e+00,-7.724792654848864792e+00,-7.713332798872591489e+00,-7.708244574212497646e+00,-7.707263234949016883e+00,-7.706959523420283453e+00
-8.296195979344666682e+00,-8.296216517669313006e+00,-8.296244455652114880e+00,-8.296283221309757039e+00,-8.296338503039580203e+00,-8.296420397753784925e+00,-8.296548527289539621e+00,-8.296766230256574559e+00,-8.297189639491781676e+00,-8.298246312593064999e+00,-8.302449369160902037e+00,-8.317603716018487248e+00,-8.339857063967105688e+00,-8.364664176401523932e+00,-8.391364631960138709e+00,-8.419928208082403387e+00,-8.450465325420196905e+00,-8.483144510997057353e+00,-8.518173556187246476e+00,-8.555795436726070236e+00,-8.596287963866316773e+00,-8.639962097505804905e+00,-8.687151210408625701e+00,-8.738167853907057747e+00,-8.793131780836041855e+00,-8.851127405062866771e+00,-8.904591638603564618e+00,-8.928111687366932614e+00,-8.928945950750215133e+00,-8.714565307070046174e+00,-8.502975356656014227e+00,-8.344124038627700912e+00,-8.220467934095086804e+00,-8.121445988863936094e+00,-8.040313482275749379e+00,-7.972543633786395745e+00,-7.914948357064175433e+00,-7.865136694096837466e+00,-7.821193599390248608e+00,-7.805805209125397326e+00,-7.792378465708265090e+00,-7.778085405379442818e+00,-7.763583311642633156e+00,-7.749268540570802166e+00,-7.735308468531862935e+00,-7.721767839374070519e+00,-7.708700175897726936e+00,-7.704838840436404546e+00,-7.704971157137574522e+00,-7.705088016501905557e+00
-8.295179180942053421e+00,-8.295135302947215905e+00,-8.295087839261004348e+00,-8.295036402783546592e+00,-8.294980596054779554e+00,-8.294920069832027565e+00,-8.294854690708515221e+00,-8.294785068205886347e+00,-8.294714607840749210e+00,-8.294661993161263069e+00,-8.294997778754837015e+00,-8.312804145566472513e+00,-8.336575986678683492e+00,-8.361841800517057166e+00,-8.388687311024034088e+00,-8.417251770380325127e+00,-8.447697244607946132e+00,-8.480206459858715462e+00,-8.514983101367953111e+00,-8.552251134427137913e+00,-8.592250241287942458e+00,-8.635221115927723901e+00,-8.681364008505820351e+00,-8.730720830311664571e+00,-8.782812164138693589e+00,-8.835408022899200020e+00,-8.880935428758100159e+00,-8.906910493131455553e+00,-8.914640692248035236e+00,-8.707197280119560290e+00,-8.497296495526132531e+00,-8.339582378161880527e+00,-8.216714168231451509e+00,-8.118260726148914586e+00,-8.037562112873683162e+00,-7.970167018917223345e+00,-7.913021804306653806e+00,-7.864247029037103154e+00,-7.825512448638169971e+00,-7.804632321660751160e+00,-7.789933504577699175e+00,-7.775644718247138876e+00,-7.761410170737375047e+00,-7.747398005501230145e+00,-7.733763985559881426e+00,-7.720690773970249055e+00,-7.709102658952017961e+00,-7.704513055093192619e+00,-7.704071803285980735e+00,-7.704073181185576935e+00
-8.294348605292157117e+00,-8.294275354543616530e+00,-8.294197877520502971e+00,-8.294116566486522402e+00,-8.294032533086154402e+00,-8.293948428330640610e+00,-8.293870467649757217e+00,-8.293814259454064697e+00,-8.293826074817280514e+00,-8.294100293613176689e+00,-8.296490192037442313e+00,-8.312469732389580201e+00,-8.335382609747231442e+00,-8.360244757019271944e+00,-8.386772187521408739e+00,-8.415024560631437112e+00,-8.445129408944746174e+00,-8.477243443183146709e+00,-8.511541634578629001e+00,-8.548209066567379111e+00,-8.587426866680448967e+00,-8.629341379067300366e+00,-8.673992749956600079e+00,-8.721142623220945467e+00,-8.769844642465512763e+00,-8.817428787034952364e+00,-8.858043443526218752e+00,-8.884806803050175006e+00,-8.897392481333724845e+00,-8.697292608105431810e+00,-8.489960841006929826e+00,-8.334149647723331000e+00,-8.212678192871427640e+00,-8.115302292100508907e+00,-8.035519255710626751e+00,-7.969043962021929772e+00,-7.913096659997707505e+00,-7.866397586114329599e+00,-7.830309390958804627e+00,-7.806602278096764103e+00,-7.789640100563597791e+00,-7.774651067915177904e+00,-7.760359743107229313e+00,-7.746579427654664229e+00,-7.733412626969692560e+00,-7.721227787182393776e+00,-7.711296959014486418e+00,-7.706063310067380989e+00,-7.704392642908739930e+00,-7.703869210099708376e+00
