2.678980302050923967e+00,2.678444473345315213e+00,2.677868824041608864e+00,2.677249878843616759e+00,2.676583821587615208e+00,2.675866457936487031e+00,2.675093173241577027e+00,2.674258884724889818e+00,2.673357986921383933e+00,2.672384289040994343e+00,2.671330942539590581e+00,2.670190356695945955e+00,2.668954099335071994e+00,2.667612778958324160e+00,2.666155903356446810e+00,2.664571708180425880e+00,2.662846946768280709e+00,2.660966629548160878e+00,2.658913697234725149e+00,2.656668606331357374e+00,2.654208797439133072e+00,2.651508005486002517e+00,2.648535354579835133e+00,2.645254156169077220e+00,2.641620293411687470e+00,2.637580020290766214e+00,2.633066919612716550e+00,2.627997629793372703e+00,2.622265731104056918e+00,2.615732813216546493e+00,2.608215104406606866e+00,2.599462884322765621e+00,2.589127718007157242e+00,2.576708219305605230e+00,2.561455948852398468e+00,2.542202512060639297e+00,2.517018391264813637e+00,2.482475444052392621e+00,2.431846817058372690e+00,2.395678676164860299e+00,2.469452597824961959e+00,2.517999954056203915e+00,2.552545850266255023e+00,2.578513757211554402e+00,2.598842728101288913e+00,2.615262257731393092e+00,2.628855326862682862e+00,2.640333869986106308e+00,2.650184605190239129e+00,2.658751236979378874e+00
2.679226111715179215e+00,2.678698903588479840e+00,2.678132023961208308e+00,2.677521962904923392e+00,2.676864861728821765e+00,2.676156474533810226e+00,2.675392124826819096e+00,2.674566656349869564e+00,2.673674377068949504e+00,2.672708994991579878e+00,2.671663544115780553e+00,2.670530298325058283e+00,2.669300670390560182e+00,2.667965092362778901e+00,2.666512872448505878e+00,2.664932021858903877e+00,2.663209042919587599e+00,2.661328666723188352e+00,2.659273524447098858e+00,2.657023730668782502e+00,2.654556348867211035e+00,2.651844697711390086e+00,2.648857440025357501e+00,2.645557371842378824e+00,2.641899792477985454e+00,2.637830281095375984e+00,2.633281619080894309e+00,2.628169460420273662e+00,2.622386128081457990e+00,2.615791536792042571e+00,2.608199584889317357e+00,2.599357168117437666e+00,2.588910720380912078e+00,2.576350720128801619e+00,2.560915183815595686e+00,2.541411845875440889e+00,2.515866045118542171e+00,2.480756054456157766e+00,2.429134936196311045e+00,2.397286233775433040e+00,2.470461055626535618e+00,2.518698057923774325e+00,2.553071291010911015e+00,2.578941130354739375e+00,2.599216002688393701e+00,2.615608803188811393e+00,2.629192715082670606e+00,2.640673487373441208e+00,2.650533721346523208e+00,2.659114270202046715e+00
2.679474641227426623e+00,2.678956438020555719e+00,2.678398747088778453e+00,2.677798025708351570e+00,2.677150374310804715e+00,2.676451496809196584e+00,2.675696655859279627e+00,2.674880622210192183e+00,2.673997617093618828e+00,2.673041246328772047e+00,2.672004424459422989e+00,2.670879286756490778e+00,2.669657086270981416e+00,2.668328072246589855e+00,2.666881345014534332e+00,2.665304680877515153e+00,2.663584318279462071e+00,2.661704693517343845e+00,2.659648110041531233e+00,2.657394319516190428e+00,2.654919984534673372e+00,2.652197981093743717e+00,2.649196481909839029e+00,2.645877736714118189e+00,2.642196428458797541e+00,2.638097427784589666e+00,2.633512680139014517e+00,2.628356819830914404e+00,2.622520876035733028e+00,2.615863049125195072e+00,2.608194861303108070e+00,2.599259763459901951e+00,2.588698966662620116e+00,2.575994658957425631e+00,2.560371025039925641e+00,2.540611350092400578e+00,2.514694562840165570e+00,2.479002259842943534e+00,2.426358633327829306e+00,2.398871183189403844e+00,2.471451337704908990e+00,2.519381181168791617e+00,2.553584741454804519e+00,2.579359518900989467e+00,2.599583325926041688e+00,2.615952411344811601e+00,2.629530099809983756e+00,2.641015895060960350e+00,2.650888229222865267e+00,2.659485061853633425e+00
2.679725761121658500e+00,2.679216952296087140e+00,2.678668876296008250e+00,2.678077959775684747e+00,2.677440264305475548e+00,2.676751445380107786e+00,2.676006706216619957e+00,2.675200745494370036e+00,2.674327697987962438e+00,2.673381066777392956e+00,2.672353645364645480e+00,2.671237427549752130e+00,2.670023502277246497e+00,2.668701929793895200e+00,2.667261594274588532e+00,2.665690026455012962e+00,2.663973187587701297e+00,2.662095202971359154e+00,2.660038029044729413e+00,2.657781032078780470e+00,2.655300448092111409e+00,2.652568681617292423e+00,2.649553383609113411e+00,2.646216223356216091e+00,2.642511231310149089e+00,2.638382532001636527e+00,2.633761196395559612e+00,2.628560799868640441e+00,2.622671037495947655e+00,2.615948352420536693e+00,2.608201841540367827e+00,2.599171447469324381e+00,2.588493064557735313e+00,2.575640432846108219e+00,2.559823612783553859e+00,2.539800849774902947e+00,2.513503361702365879e+00,2.477212871881602219e+00,2.423515537681419918e+00,2.400432682541133733e+00,2.472422503442981867e+00,2.520048454349446132e+00,2.554085488733246923e+00,2.579768412420396562e+00,2.599944412066061972e+00,2.616293027011605599e+00,2.629867650072857721e+00,2.641361470652507037e+00,2.651248692465173917e+00,2.659864334325902746e+00
2.679979327521763821e+00,2.679480306646656818e+00,2.678942278032037994e+00,2.678361640245074060e+00,2.677734418410054662e+00,2.677056221806939806e+00,2.676322196092299155e+00,2.675526969289942603e+00,2.674664590501210970e+00,2.673728460023997222e+00,2.672711249221260132e+00,2.671604808011502907e+00,2.670400057219978418e+00,2.669086862167325602e+00,2.667653882694168477e+00,2.666088393203114304e+00,2.664376064070093975e+00,2.662500692688423598e+00,2.660443868105834664e+00,2.658184547178115142e+00,2.655698511623374447e+00,2.652957663156043200e+00,2.649929096220616564e+00,2.646573861919286230e+00,2.642845298013977384e+00,2.638686740940502151e+00,2.634028344038249703e+00,2.628782579877287695e+00,2.622837764691073659e+00,2.616048537481827641e+00,2.608221517194719397e+00,2.599093071899863272e+00,2.588293682968619169e+00,2.575288482229590503e+00,2.559273108682952547e+00,2.538980165505966724e+00,2.512291824919200778e+00,2.475386633260431957e+00,2.420603156660492861e+00,2.401969789185435467e+00,2.473373512288410847e+00,2.520698920529254927e+00,2.554572751825949783e+00,2.580167255461054410e+00,2.600298954982469546e+00,2.616630598994177159e+00,2.630205561585690077e+00,2.641710638390891930e+00,2.651615737831709119e+00,2.660252885687437008e+00
2.680235181429916569e+00,2.679746345037301136e+00,2.679218801332206468e+00,2.678648923716162589e+00,2.678032703712936335e+00,2.677365707065030076e+00,2.676643024261191606e+00,2.675859214633435901e+00,2.675008242969164840e+00,2.674083407328986084e+00,2.673077256420158143e+00,2.671981494416445724e+00,2.670786870491797860e+00,2.669483049483806436e+00,2.668058458934134070e+00,2.666500106141452608e+00,2.664793356630558829e+00,2.662921662336539264e+00,2.660866223460726321e+00,2.658605561844475051e+00,2.656114975039363113e+00,2.653365827839751390e+00,2.650324620056748959e+00,2.646951742877529323e+00,2.643199796650262279e+00,2.639011282754451848e+00,2.634315388504374411e+00,2.629023434460838970e+00,2.623022308119550949e+00,2.616164792703675079e+00,2.608254972486133028e+00,2.599025571428583259e+00,2.588101559022423892e+00,2.574939296057931593e+00,2.558719698409105181e+00,2.538149113102275312e+00,2.511059298196172573e+00,2.473522211300854590e+00,2.417618867459593979e+00,2.403481447580464447e+00,2.474303211949445025e+00,2.521331525220510184e+00,2.555045674089917451e+00,2.580555443105855939e+00,2.600646626868945877e+00,2.616965081788914294e+00,2.630544061108377019e+00,2.642063875692583164e+00,2.651990063329435543e+00,2.660651598813960295e+00
2.680493148025552941e+00,2.680014894326106401e+00,2.679498276820231339e+00,2.678939647076163943e+00,2.678334966324822375e+00,2.677679759962658057e+00,2.676969066267886443e+00,2.676197378455395626e+00,2.675358579007000248e+00,2.674445864964916986e+00,2.673451662543924634e+00,2.672367528968896622e+00,2.671184038833304797e+00,2.669890651436317430e+00,2.668475554400529859e+00,2.666925477271162137e+00,2.665225466569289825e+00,2.663358610657351466e+00,2.661305698401349229e+00,2.659044789435846656e+00,2.656550665047841431e+00,2.653794116076766851e+00,2.650741005909436510e+00,2.647351019692160801e+00,2.643575970564282063e+00,2.639357472257902959e+00,2.634623691652627553e+00,2.629284741946853021e+00,2.623226025999938926e+00,2.616298414075330481e+00,2.608303394261759500e+00,2.598969972995891720e+00,2.587917506027539449e+00,2.574593417629406744e+00,2.558163594689180531e+00,2.537307503282623333e+00,2.509805085796417146e+00,2.471618190739899301e+00,2.414559907912470660e+00,2.404966475473210075e+00,2.475210324985332999e+00,2.521945105004523846e+00,2.555503314866779618e+00,2.580932316057032327e+00,2.600987076922237407e+00,2.617296437688916733e+00,2.630883411563050167e+00,2.642421720698674648e+00,2.652372447523027255e+00,2.661061451745263984e+00
2.680753035981924270e+00,2.680285763434418822e+00,2.679780515711577049e+00,2.679233626314727612e+00,2.678641029982803623e+00,2.677998215512128244e+00,2.677300172543703116e+00,2.676541331424743042e+00,2.675715495066677274e+00,2.674815761479194087e+00,2.673834435336259752e+00,2.672762926492730617e+00,2.671591632773267389e+00,2.670309803533704063e+00,2.668905379356815377e+00,2.667364801659183993e+00,2.665672783768158194e+00,2.663812031912231593e+00,2.661762900171510182e+00,2.659502957198013551e+00,2.657006433610301865e+00,2.654243506146215292e+00,2.651179356005792354e+00,2.647772911327527900e+00,2.643975142584545246e+00,2.639726716905372861e+00,2.634954719453627359e+00,2.629567993607237142e+00,2.623450394691996479e+00,2.616450816317027250e+00,2.608368083214334554e+00,2.598927406347807167e+00,2.587742422497351313e+00,2.574251451229212506e+00,2.557605040751263381e+00,2.536455141281778403e+00,2.508528446041546900e+00,2.469673065546319268e+00,2.411423366476984853e+00,2.406423548122841982e+00,2.476093433548082423e+00,2.522538374635399538e+00,2.555944640039267579e+00,2.581297155198980953e+00,2.601319930036568362e+00,2.617624639386511465e+00,2.631223918049101940e+00,2.642784781014665629e+00,2.652763760201047649e+00,2.661483529446787788e+00
2.681014636808001672e+00,2.680558742536072181e+00,2.680065308826924397e+00,2.679530655336871625e+00,2.678950694636699659e+00,2.678320883262915508e+00,2.677636166460472200e+00,2.676890915698923124e+00,2.676078857862941529e+00,2.675192994781572242e+00,2.674225511445797121e+00,2.673167670839076582e+00,2.672009692724587548e+00,2.670740612930691871e+00,2.669348118559760508e+00,2.667818352982365582e+00,2.666135682279586305e+00,2.664282411688890573e+00,2.662238436200567993e+00,2.659980803167604879e+00,2.657483155781999784e+00,2.654715013255255496e+00,2.651640824557136789e+00,2.648218704536811963e+00,2.644398719231618067e+00,2.640120523019344745e+00,2.635310050209589416e+00,2.629874803689633112e+00,2.623697020184456274e+00,2.616623545283113028e+00,2.608450466479674379e+00,2.598899115952310712e+00,2.587577302403069268e+00,2.573914069700916851e+00,2.557044314260026763e+00,2.535591826398981841e+00,2.507228586150224370e+00,2.467685229609552167e+00,2.408206171245973692e+00,2.407851180252119416e+00,2.476950961992212541e+00,2.523109912403628918e+00,2.556368511393691367e+00,2.581649175585992939e+00,2.601644785543514082e+00,2.617949673183824988e+00,2.631565934925251149e+00,2.643153743843088321e+00,2.653164974614830030e+00,2.661919037180884295e+00
2.681277724224354397e+00,2.680833602275089600e+00,2.680352425625952328e+00,2.679830504784748157e+00,2.679263735028740712e+00,2.678647545607845792e+00,2.677976842331476703e+00,2.677245942588887484e+00,2.676448501674645541e+00,2.675577429059709189e+00,2.674624792942637885e+00,2.673581711003460981e+00,2.672438224719309918e+00,2.671183153820971157e+00,2.669803926379526349e+00,2.668286378477878529e+00,2.666614515250116835e+00,2.664770221984090526e+00,2.662732909575594942e+00,2.660479072305919068e+00,2.657981726814182988e+00,2.655209687937625240e+00,2.652126617782674334e+00,2.648689755813162350e+00,2.644848194838733235e+00,2.640540502223439390e+00,2.635691383303950808e+00,2.630206920310536489e+00,2.623967650752146330e+00,2.616818291781212835e+00,2.608552111797010742e+00,2.598886474488855569e+00,2.587423246844513525e+00,2.573582023100043692e+00,2.556481731823697423e+00,2.534717351468189328e+00,2.505904656298789224e+00,2.465652966109582511e+00,2.404905077853637163e+00,2.409247705363936287e+00,2.477781157022235003e+00,2.523658143500298934e+00,2.556773674624968073e+00,2.581987519797738884e+00,2.601961216043766623e+00,2.618271542947252950e+00,2.631909874161158402e+00,2.643529387750522375e+00,2.653577181541953323e+00,2.662369315723788876e+00
2.681542053582465002e+00,2.681110093022385676e+00,2.680641613272942703e+00,2.680132920880633929e+00,2.679579899279626254e+00,2.678977956075655253e+00,2.678321963372557235e+00,2.677606190150865650e+00,2.676824225531313051e+00,2.675968891529354909e+00,2.675032143609255897e+00,2.674004956947226397e+00,2.672877195768452285e+00,2.671637462367731253e+00,2.670272921364490681e+00,2.668769093244386159e+00,2.667109609105221768e+00,2.665275915470063595e+00,2.663246913640981983e+00,2.660998511735792604e+00,2.658503058378189454e+00,2.655728613647027281e+00,2.652637993264191696e+00,2.649187492876616812e+00,2.645325155481091262e+00,2.640988378017236293e+00,2.636100548468264027e+00,2.630566237256613871e+00,2.624264190890715387e+00,2.617036906972738386e+00,2.608674743441119936e+00,2.598890998141125674e+00,2.587281477359822723e+00,2.573256148606052562e+00,2.555917654167692454e+00,2.533831502234634492e+00,2.504555742765536497e+00,2.463574435337971380e+00,2.401516656123270366e+00,2.410611251997297089e+00,2.478582064992403300e+00,2.524181321081423235e+00,2.557158745797563970e+00,2.582311250602057129e+00,2.602268766392743071e+00,2.618590274972470766e+00,2.632256215201942418e+00,2.643912596355298739e+00,2.654001605468915947e+00,2.662835858699915015e+00
2.681807361337811280e+00,2.681387944183079242e+00,2.680932595747127056e+00,2.680437624305249678e+00,2.679898907496065963e+00,2.679311837625669490e+00,2.678671259639327840e+00,2.677971400720269735e+00,2.677205790298603727e+00,2.676367169029777671e+00,2.675447385011544110e+00,2.674437275122012903e+00,2.673326528835962890e+00,2.672103531148594335e+00,2.670755180212383895e+00,2.669266673837209058e+00,2.667621256917693362e+00,2.665799918844367067e+00,2.663781025602188990e+00,2.661539864936774080e+00,2.659048073749239460e+00,2.656272903372709049e+00,2.653176258458719516e+00,2.649713415536251837e+00,2.645831282580932253e+00,2.641465992403345453e+00,2.636539515535212264e+00,2.630954806732398232e+00,2.624588716641196307e+00,2.617281419536901410e+00,2.608820260163470461e+00,2.598914363959274887e+00,2.587153351132974066e+00,2.572937381901157838e+00,2.555352492088488692e+00,2.532934056619310148e+00,2.503180859992705454e+00,2.461447660694005890e+00,2.398037275272449254e+00,2.411939716422929258e+00,2.479351505908630404e+00,2.524677504683900064e+00,2.557522196049502039e+00,2.582619342862123801e+00,2.602566952921919086e+00,2.618905923964633953e+00,2.632605516638480303e+00,2.644304374275726843e+00,2.654439623237732970e+00,2.663320332345809227e+00
2.682073364587822972e+00,2.681666863567107040e+00,2.681225073012056814e+00,2.680744309127307989e+00,2.680220450417137634e+00,2.679648880963105384e+00,2.679024425959648070e+00,2.678341278406783488e+00,2.677592915680608865e+00,2.676772004479737177e+00,2.675870292360794878e+00,2.674878483701150778e+00,2.673786097420758789e+00,2.672581303095668215e+00,2.671250731111561194e+00,2.669779251100635076e+00,2.668149710878602754e+00,2.666342625155309509e+00,2.664335798997681692e+00,2.662103864735395842e+00,2.659617701763276720e+00,2.656843695074430300e+00,2.653742768161376997e+00,2.650269095729783420e+00,2.646368356018593548e+00,2.641975312444457824e+00,2.637010404621724646e+00,2.631374853079423204e+00,2.624943492418198243e+00,2.617554054797692764e+00,2.608990755411349394e+00,2.598958429599696363e+00,2.587040378402976959e+00,2.572626770263094720e+00,2.554786713323428771e+00,2.532024783849492700e+00,2.501778941366548992e+00,2.459270512523264340e+00,2.394463087454908656e+00,2.413230731191211120e+00,2.480087043606663322e+00,2.525144535588753403e+00,2.557862334296857831e+00,2.582910674623906555e+00,2.602855263003369224e+00,2.619218580385298534e+00,2.632958430036416608e+00,2.644705865742538631e+00,2.654892785559986645e+00,2.663824598062464855e+00
2.682339760686652141e+00,2.681946536836908646e+00,2.681518720259726596e+00,2.681052641801966896e+00,2.680544188119111215e+00,2.679988742896378451e+00,2.679381119884020723e+00,2.678715486573923332e+00,2.677985277161766930e+00,2.677183093214825060e+00,2.676300590183371853e+00,2.675328347528008077e+00,2.674255719746904791e+00,2.673070664916825212e+00,2.671759546420096942e+00,2.670306902181943887e+00,2.668695173787700270e+00,2.666904384988202370e+00,2.664911754890243678e+00,2.662691224907622445e+00,2.660212869333022034e+00,2.657442145699535629e+00,2.654338920669893742e+00,2.650856176498034955e+00,2.646938256534238310e+00,2.642518436586283492e+00,2.637515496652961478e+00,2.631828787472271891e+00,2.625330989453260599e+00,2.617857256030294621e+00,2.609188540129041556e+00,2.599025255798883105e+00,2.586944242431829188e+00,2.572325487665527710e+00,2.554220850499145268e+00,2.531103443429309152e+00,2.500348828474847185e+00,2.457040689396182476e+00,2.390790009371875247e+00,2.414481628841863348e+00,2.480785951491793817e+00,2.525580008662692055e+00,2.558177287662847466e+00,2.583184017320614867e+00,2.603133155097822282e+00,2.619528379475599689e+00,2.633315716349813762e+00,2.645118376355701351e+00,2.655362841870694268e+00,2.664350738167345689e+00
2.682606226949392436e+00,2.682226627046965017e+00,2.681813187246570696e+00,2.681362260257798891e+00,2.680869748800772445e+00,2.680331044760810411e+00,2.679740959680386059e+00,2.679093645330940632e+00,2.678382502916672792e+00,2.677600079233270147e+00,2.676737947821878905e+00,2.675786572798907414e+00,2.674735152569601038e+00,2.673571439991445420e+00,2.672281534656221424e+00,2.670849641675110409e+00,2.669257789479713594e+00,2.667485496392022704e+00,2.665509371616378242e+00,2.663302630189829490e+00,2.660834492279563257e+00,2.658069423505656559e+00,2.654966152354753195e+00,2.651476369598086524e+00,2.647542967149127957e+00,2.643097600529341396e+00,2.638057244094154097e+00,2.632319223568497790e+00,2.625753905957169732e+00,2.618193708179235468e+00,2.609416168483742471e+00,2.599117131993885721e+00,2.586866822451552750e+00,2.572034852235962621e+00,2.553655510354381875e+00,2.530169783919653526e+00,2.498889258550904824e+00,2.454755696338125404e+00,2.387013701626611528e+00,2.415689399963135031e+00,2.481445173121739955e+00,2.525981240134136385e+00,2.558464979318293864e+00,2.583438025034639818e+00,2.603400059468536476e+00,2.619835512336876615e+00,2.633678265434066468e+00,2.645543398557091308e+00,2.655851769074924373e+00,2.664901085316713658e+00
2.682872420459017082e+00,2.682506774290917662e+00,2.682108097739754893e+00,2.681672773093631612e+00,2.681196727673766933e+00,2.680675370936352220e+00,2.680103522403795679e+00,2.679475329069938461e+00,2.678784170722095848e+00,2.678022551384505512e+00,2.677181974799845765e+00,2.676252801507267964e+00,2.675224084614229447e+00,2.674083380743231153e+00,2.672816531781874172e+00,2.671407411848053748e+00,2.669837632105001024e+00,2.668086193422237518e+00,2.666129072920896625e+00,2.663938724473394526e+00,2.661483464203360239e+00,2.658726698368417019e+00,2.655625930283615599e+00,2.652131451394863060e+00,2.648184573266751496e+00,2.643715182365804939e+00,2.638638281699763777e+00,2.632848994049321156e+00,2.626215189089315505e+00,2.618566364233616550e+00,2.609676466900594516e+00,2.599236605566305869e+00,2.586810220085545176e+00,2.571756346488994094e+00,2.553091384473576753e+00,2.529223541491327776e+00,2.497398849751357286e+00,2.452412819415889622e+00,2.383129545420660911e+00,2.416850644645106350e+00,2.482061276793362303e+00,2.526345230673649134e+00,2.558723103379033859e+00,2.583671222765434372e+00,2.603655379797024327e+00,2.620140239538724103e+00,2.634047119280624738e+00,2.645982641499698751e+00,2.656361804834016738e+00,2.665478256135105806e+00
2.683137977989834777e+00,2.682786595472821389e+00,2.682403049093476710e+00,2.681983758908448756e+00,2.681524685984850276e+00,2.681021267490142801e+00,2.680468342075684962e+00,2.679860064086453164e+00,2.679189804912211148e+00,2.678450039542807914e+00,2.677632216091379025e+00,2.676726605686333027e+00,2.675722129677263528e+00,2.674606160504608088e+00,2.673364291772342582e+00,2.671980071916386645e+00,2.670434694188111191e+00,2.668706633174449561e+00,2.666771214293926384e+00,2.664600096936848850e+00,2.662160643084032330e+00,2.659415129704219005e+00,2.656319742484937851e+00,2.652823256594971646e+00,2.648865261030663554e+00,2.644373706613759367e+00,2.639261437014601253e+00,2.633421167932344265e+00,2.626718058795225019e+00,2.618978474512934973e+00,2.609972566835385255e+00,2.599386515260552422e+00,2.586776789828350243e+00,2.571491640835045001e+00,2.552529261817773065e+00,2.528264438209174791e+00,2.495876083839145831e+00,2.450009095952986993e+00,2.379132616093143859e+00,2.417961516203825489e+00,2.482630403153615717e+00,2.526668623049777462e+00,2.558949096460692907e+00,2.583881993665667842e+00,2.603898496005284890e+00,2.620442907834314994e+00,2.634423499727353235e+00,2.646438066124554567e+00,2.656895486147537344e+00,2.666085189661952182e+00
2.683402516061613952e+00,2.683065684219756886e+00,2.682697611976029073e+00,2.682294765789134505e+00,2.681853150199329239e+00,2.681368240977997974e+00,2.680834908011800355e+00,2.680247326327416690e+00,2.679598873425218741e+00,2.678882010817253967e+00,2.678088147347951420e+00,2.677207481500313069e+00,2.676228819431826000e+00,2.675139364902022088e+00,2.673924476479633938e+00,2.672567386339588236e+00,2.671048873396973278e+00,2.669346881186153375e+00,2.667436067320568149e+00,2.665287265849515475e+00,2.662866835262111653e+00,2.660135851583885991e+00,2.657049085362631402e+00,2.653553669296707884e+00,2.649587313414233591e+00,2.645075846676243181e+00,2.639929740264447489e+00,2.634039068461389910e+00,2.627266033530773370e+00,2.619433619116972256e+00,2.610307941758719164e+00,2.599570029410916305e+00,2.586769174273241934e+00,2.571242620964659054e+00,2.551970043401456945e+00,2.527292179998249289e+00,2.494319285749263759e+00,2.447541279480593079e+00,2.375017652878493646e+00,2.419017655856772642e+00,2.483148204693037542e+00,2.526947653518575976e+00,2.559140105442665458e+00,2.584068565230127401e+00,2.604128768676705619e+00,2.620743970699014547e+00,2.634808841558239134e+00,2.646911926412206295e+00,2.657455694113632472e+00,2.666725191304911924e+00
2.683665631138727470e+00,2.683343610953536018e+00,2.682991330269314911e+00,2.682605310982330682e+00,2.682181611377158603e+00,2.681715757442050485e+00,2.681202663342223680e+00,2.680636539316289202e+00,2.680010784997207907e+00,2.679317865858964698e+00,2.678549170146494074e+00,2.677694843248100476e+00,2.676743595997182812e+00,2.675682482809624840e+00,2.674496644816015678e+00,2.673169012133316702e+00,2.671679957969768537e+00,2.670006895091605603e+00,2.668123801850624588e+00,2.666000659762926883e+00,2.663602776419415896e+00,2.660889954553919079e+00,2.657815447690691002e+00,2.654324610724671629e+00,2.650353103394590626e+00,2.645824425121551027e+00,2.640646433148569727e+00,2.634706291275522805e+00,2.627862957827193924e+00,2.619935743780596571e+00,2.610686448869623977e+00,2.599790689706503954e+00,2.586790344901474636e+00,2.571011419829823730e+00,2.551414759541103638e+00,2.526306454235841770e+00,2.492726599398957354e+00,2.445005798323663715e+00,2.370779024093252474e+00,2.420014116802160498e+00,2.483609775794292318e+00,2.527178095977742789e+00,2.559292950942064326e+00,2.584228994455288753e+00,2.604345545579444643e+00,2.621044013577025211e+00,2.635204832100594974e+00,2.647406817961118541e+00,2.658045705896077582e+00,2.667401983074173533e+00
2.683926899988618331e+00,2.683619923139419772e+00,2.683283721163131297e+00,2.682914880777863331e+00,2.682509524775123388e+00,2.682063241644782714e+00,2.681571003771228145e+00,2.681027072311108483e+00,2.680424886567152498e+00,2.679756935337053836e+00,2.679014607336219989e+00,2.678188017360011663e+00,2.677265804350734690e+00,2.676234896940741237e+00,2.675080241307715490e+00,2.673784485215033868e+00,2.672327610767346595e+00,2.670686506429221563e+00,2.668834465799089450e+00,2.666740595793067659e+00,2.664369109139091751e+00,2.661678463619389756e+00,2.658620290523685092e+00,2.655138022894359295e+00,2.651165083414888102e+00,2.646622411018661580e+00,2.641414975885629346e+00,2.635426722420850965e+00,2.628513031556773516e+00,2.620489199342439957e+00,2.611112376095968024e+00,2.600052461327937436e+00,2.586843649393787192e+00,2.570800455091429626e+00,2.550864590197357451e+00,2.525306926905789506e+00,2.491095958960294343e+00,2.442398706460824354e+00,2.366410686745535230e+00,2.420945275891484449e+00,2.484009571797344496e+00,2.527355197774178830e+00,2.559404085946486163e+00,2.584361152036348308e+00,2.604548170938143503e+00,2.621343784929785148e+00,2.635613458664435527e+00,2.647925735265813429e+00,2.658669255092769301e+00,2.668119760959331010e+00
2.684185880213607156e+00,2.683894145729801117e+00,2.683574275466830805e+00,2.683222930632055192e+00,2.682836309710157963e+00,2.682410076582332881e+00,2.681939276628766855e+00,2.681418238757118822e+00,2.680840460965096650e+00,2.680198476665762275e+00,2.679483698575995554e+00,2.678686236486159888e+00,2.677794684683246107e+00,2.676795874172466227e+00,2.675674584097761599e+00,2.674413205830473483e+00,2.672991351947766603e+00,2.671385400523877518e+00,2.669567962399728156e+00,2.667507254689819973e+00,2.665166356594106389e+00,2.662502311777410036e+00,2.659465022256031208e+00,2.655995847309755575e+00,2.652025770161540841e+00,2.647472913360451763e+00,2.642239051658834992e+00,2.636204555584074516e+00,2.629220840624029609e+00,2.621098784976228835e+00,2.611590494968129228e+00,2.600359790404066729e+00,2.586932866596954206e+00,2.570612473081569593e+00,2.550320889053018902e+00,2.524293239244475462e+00,2.489425054634352374e+00,2.439715624966937391e+00,2.361906139273071137e+00,2.421804730784214765e+00,2.484341315306608511e+00,2.527473605897893272e+00,2.559469549004469879e+00,2.584462705738431954e+00,2.604735998280586440e+00,2.621644234438644805e+00,2.636037065455925976e+00,2.648472139328702291e+00,2.659330601888495682e+00,2.668883260396091028e+00
2.684442110969482265e+00,2.684165781820312180e+00,2.683862458160966913e+00,2.683528885559674393e+00,2.683161349720013522e+00,2.682755603322164450e+00,2.682306780269071655e+00,2.681809295101239776e+00,2.681256724963807514e+00,2.680641671076663179e+00,2.679955596169450338e+00,2.679188633795073216e+00,2.678329364823172298e+00,2.677364555729135454e+00,2.676278852512012474e+00,2.675054423146609572e+00,2.673670540297991227e+00,2.672103094400433587e+00,2.670324024756874692e+00,2.668300652393356565e+00,2.665994891887088158e+00,2.663362308425349489e+00,2.660350967951150114e+00,2.656899997634122990e+00,2.652937723471887832e+00,2.648379169359583951e+00,2.643122567343881180e+00,2.637044307681790212e+00,2.629991388616596204e+00,2.621769795232123279e+00,2.612126119962442594e+00,2.600717669857827818e+00,2.587062270478914794e+00,2.570450600547638409e+00,2.549785212119624944e+00,2.523265003802116269e+00,2.487711291743694098e+00,2.436951671928978325e+00,2.357258365731651928e+00,2.422585180134961380e+00,2.484597887705991770e+00,2.527527282128320341e+00,2.559484911329167112e+00,2.584531103176798350e+00,2.604908407915415225e+00,2.621946560034333018e+00,2.636478421944828732e+00,2.649050037547262537e+00,2.660034614584487755e+00,2.669697830847131748e+00
2.684695113883382778e+00,2.684434313535128513e+00,2.684147709210897847e+00,2.683832140823147583e+00,2.683483993058086714e+00,2.683099121211841354e+00,2.682672763874915489e+00,2.682199440040780480e+00,2.681672827782017432e+00,2.681085621141301001e+00,2.680429361321047921e+00,2.679694237622749942e+00,2.678868852883940388e+00,2.677939947385330033e+00,2.676892074344142447e+00,2.675707219144140225e+00,2.674364353307623343e+00,2.672838912732277805e+00,2.671102187578046738e+00,2.669120607794416511e+00,2.666854902549166795e+00,2.664259101906985450e+00,2.661279331943004145e+00,2.657852325090163337e+00,2.653903517938315026e+00,2.649344526098344144e+00,2.644069649070540873e+00,2.637950831616269198e+00,2.630830128684136682e+00,2.622508070774721034e+00,2.612725174889231283e+00,2.601131714832721986e+00,2.587236704637763118e+00,2.570318405709930865e+00,2.549259351854417321e+00,2.522221799839714063e+00,2.485951741681897698e+00,2.434101378192877974e+00,2.352459769240184961e+00,2.423278283989255044e+00,2.484771203570717457e+00,2.527509405527267550e+00,2.559445217140839279e+00,2.584563554377240280e+00,2.605064830388089003e+00,2.622252265820718353e+00,2.636940805086339878e+00,2.649664078178423754e+00,2.660786864326127876e+00,2.670569520578977674e+00
2.684944394182222194e+00,2.684699203156936775e+00,2.684429444663369413e+00,2.684132062946983144e+00,2.683803553559051647e+00,2.683439888506387039e+00,2.683036427728312301e+00,2.682587814283086125e+00,2.682087850134589946e+00,2.681529348860752116e+00,2.680903960952622178e+00,2.680201966635137989e+00,2.679412030318647719e+00,2.678520909888625123e+00,2.677513113064247552e+00,2.676370491999890966e+00,2.675071766133030771e+00,2.673591961892807678e+00,2.671901756026315411e+00,2.669966706451877059e+00,2.667746349706515030e+00,2.665193135408089553e+00,2.662251152591053494e+00,2.658854575141430310e+00,2.654925705483242471e+00,2.650372413644011882e+00,2.645084630748081977e+00,2.638929324583467295e+00,2.631742994546018899e+00,2.623320052459159779e+00,2.613394266827469892e+00,2.601608249005577189e+00,2.587461669193831248e+00,2.570219970484299843e+00,2.548745378006559203e+00,2.521163167983366815e+00,2.484143082911284495e+00,2.431158585616874035e+00,2.347502091791960233e+00,2.423874501162026185e+00,2.484852065381891961e+00,2.527412260506560315e+00,2.559344916568500938e+00,2.584557014675446407e+00,2.605204777630520496e+00,2.622563233446402187e+00,2.637428098303036705e+00,2.650319662099584139e+00,2.661593735092671942e+00,2.671505172738111167e+00
2.685189442041234109e+00,2.684959894515377421e+00,2.684707058045336492e+00,2.684427991083847775e+00,2.684119311910991179e+00,2.683777123461599690e+00,2.683396924009591622e+00,2.682973500895992292e+00,2.682500803931104905e+00,2.681971794448962498e+00,2.681378265235910607e+00,2.680710625690425619e+00,2.679957645599420513e+00,2.679106149846118168e+00,2.678140655211922017e+00,2.677042939218182926e+00,2.675791529679153236e+00,2.674361102261986645e+00,2.672721771711481509e+00,2.670838260082880389e+00,2.668668921448095865e+00,2.666164595378021307e+00,2.663267247951357497e+00,2.659908333784847922e+00,2.656006766842400335e+00,2.651466307294283009e+00,2.646172033155645309e+00,2.639985329762765787e+00,2.632736429023683655e+00,2.624212838021853234e+00,2.614140767956422362e+00,2.602154403181808906e+00,2.587743422188368836e+00,2.570159976105434563e+00,2.548245686708351165e+00,2.520088604066128557e+00,2.482281529764329697e+00,2.428116323630305384e+00,2.342376316595714769e+00,2.424362899958846018e+00,2.484829995681675285e+00,2.527227108556255875e+00,2.559177790466809377e+00,2.584508168770780934e+00,2.605327883984689841e+00,2.622881810073138809e+00,2.637944910735841031e+00,2.651023075063208445e+00,2.662462551257859023e+00,2.672512533789932920e+00
2.685429734160115434e+00,2.685215814645466548e+00,2.684979922082032289e+00,2.684719238756526405e+00,2.684430517367693891e+00,2.684110005939290389e+00,2.683753358186561577e+00,2.683355526330638341e+00,2.682910632728921385e+00,2.682411815945546341e+00,2.681851046011583861e+00,2.681218902610892130e+00,2.680504308772801991e+00,2.679694211366475010e+00,2.678773198298123326e+00,2.677723040850668479e+00,2.676522148122784994e+00,2.675144919048001224e+00,2.673560975948752638e+00,2.671734261736135263e+00,2.669621979986207982e+00,2.667173351645989232e+00,2.664328151020716184e+00,2.661014961550197899e+00,2.657149049510449945e+00,2.652629676081602383e+00,2.647336530536545940e+00,2.641124728492462825e+00,2.633817407804309507e+00,2.625194240128634782e+00,2.614972905362762390e+00,2.602778227611102668e+00,2.588089097930524218e+00,2.570143804842496493e+00,2.547763059696941834e+00,2.518997552107042015e+00,2.480362746257750217e+00,2.424966658765359995e+00,2.337072547818339618e+00,2.424730938202856123e+00,2.484693043588701578e+00,2.526944041631176585e+00,2.558936866606880578e+00,2.584413417099790333e+00,2.605433959865130600e+00,2.623210916814577853e+00,2.638496720985305632e+00,2.651781644177335195e+00,2.663401725258413677e+00,2.673600375246661720e+00
2.685664735571766659e+00,2.685466375724777421e+00,2.685247390748211505e+00,2.685005095996760183e+00,2.684736389931671408e+00,2.684437679567651447e+00,2.684104791053584016e+00,2.683732862197881097e+00,2.683316213049225407e+00,2.682848189800512539e+00,2.682320976278346869e+00,2.681725366096111784e+00,2.681050487176990238e+00,2.680283468799622426e+00,2.679409039610269438e+00,2.678409043236742892e+00,2.677261856316827782e+00,2.675941692019483842e+00,2.674417770559216478e+00,2.672653336697073279e+00,2.670604502304880334e+00,2.668218888433505853e+00,2.665434033130778868e+00,2.662175513066612265e+00,2.658354689275647331e+00,2.653865914030335116e+00,2.648582900812178842e+00,2.642353719092475295e+00,2.634993455204810431e+00,2.626272843752044395e+00,2.615899858450389637e+00,2.603488819415088695e+00,2.588506845060986272e+00,2.570177661031945782e+00,2.547300736008204947e+00,2.517889396411257419e+00,2.478381741442376107e+00,2.421700510363240522e+00,2.331579860827803330e+00,2.424964208198017168e+00,2.484427562481569929e+00,2.526551815207546348e+00,2.558614326908175141e+00,2.584268866171091972e+00,2.605523061557125875e+00,2.623554182391512946e+00,2.639090050392729481e+00,2.652603922926750624e+00,2.664420928086389306e+00,2.674778629321228340e+00
2.685893901685642238e+00,2.685710977294706758e+00,2.685508801662696676e+00,2.685284831897840618e+00,2.685036123034076905e+00,2.684759254495637126e+00,2.684450241476496579e+00,2.684104427876980559e+00,2.683716356664323843e+00,2.683279612577034179e+00,2.682786630945752204e+00,2.682228465028916986e+00,2.681594502639877309e+00,2.680872120967904504e+00,2.680046266390491816e+00,2.679098943800939381e+00,2.678008597651093226e+00,2.676749364710345080e+00,2.675290176675020337e+00,2.673593689365403758e+00,2.671615014155089174e+00,2.669300225556270778e+00,2.666584614033944423e+00,2.663390639834430917e+00,2.659625512006790427e+00,2.655178249919030620e+00,2.649915954515170480e+00,2.643678777275924041e+00,2.636272647434407368e+00,2.627458059745276131e+00,2.616931862863129510e+00,2.604296466323936077e+00,2.589005987406872045e+00,2.570268715258948955e+00,2.546862499037438887e+00,2.516763452828532976e+00,2.476332741952242955e+00,2.418307423749835205e+00,2.332972070718145829e+00,2.425046142067699861e+00,2.484017955741685046e+00,2.526037659214183329e+00,2.558201405753947277e+00,2.584070325152673320e+00,2.605595581557881069e+00,2.623916107784822760e+00,2.639732671850359758e+00,2.653499909653336264e+00,2.665531285399263872e+00,2.676058538625655014e+00
2.686116680564388570e+00,2.685949008767261503e+00,2.685763478831809437e+00,2.685557697592606541e+00,2.685328886731905840e+00,2.685073810774095016e+00,2.684788689893272906e+00,2.684469094029717784e+00,2.684109813960708024e+00,2.683704703918238454e+00,2.683246489050134631e+00,2.682726529440878416e+00,2.682134530506739445e+00,2.681458187333123799e+00,2.680682747935767107e+00,2.679790477558279704e+00,2.678760003101906761e+00,2.677565513860128643e+00,2.676175792251159979e+00,2.674553046604086326e+00,2.672651517498433549e+00,2.670415829282522857e+00,2.667779057258291342e+00,2.664660473657952888e+00,2.660962911872883918e+00,2.656569630449817421e+00,2.651340436299786774e+00,2.645106591519525097e+00,2.637663597135221139e+00,2.628760169908459066e+00,2.618080318723676303e+00,2.605212807485300264e+00,2.589597210936308347e+00,2.570425276178471830e+00,2.546452782511441804e+00,2.515618959281171740e+00,2.474209036342871482e+00,2.414775289689903293e+00,2.334229354932227718e+00,2.424957672971758349e+00,2.483446387861848237e+00,2.525387065534288933e+00,2.557688280070197884e+00,2.583813311891833830e+00,2.605652364989900605e+00,2.624302268864560972e+00,2.640433861154693140e+00,2.654481304988163703e+00,2.666745601938439680e+00,2.677452819172499776e+00
2.686332515428663914e+00,2.686179852214260588e+00,2.686010735741892752e+00,2.685822929662270209e+00,2.685613831435754495e+00,2.685380402388368726e+00,2.685119082611617802e+00,2.684825687084502199e+00,2.684495278474731794e+00,2.684122010918760015e+00,2.683698937633122839e+00,2.683217773413284934e+00,2.682668600870456110e+00,2.682039506590455424e+00,2.681316130247350493e+00,2.680481106100612188e+00,2.679513372378846459e+00,2.678387320089993917e+00,2.677071749282363466e+00,2.675528598397796554e+00,2.673711411844446939e+00,2.671563512600066748e+00,2.669015849449504429e+00,2.665984488085986204e+00,2.662367701702823553e+00,2.658042570777985336e+00,2.652860891389555498e+00,2.646643964747640965e+00,2.639175410659182486e+00,2.630190356613172131e+00,2.619357899315948757e+00,2.606251011302420206e+00,2.590292780196254974e+00,2.570656995126961775e+00,2.546076799638088417e+00,2.514455065760432984e+00,2.472002784479427007e+00,2.411089995681670040e+00,2.335313441950316982e+00,2.424676848192454770e+00,2.482692459180291245e+00,2.524583551753329491e+00,2.557063952899600423e+00,2.583493072774733612e+00,2.605694858979106687e+00,2.624719565302440660e+00,2.641204698958060870e+00,2.655561814179903557e+00,2.668078616539759196e+00,2.678975834576885262e+00
2.686540847380910257e+00,2.686402885430814624e+00,2.686249878795051949e+00,2.686079753974149220e+00,2.685890092172676713e+00,2.685678061957065488e+00,2.685440336933403671e+00,2.685172994742670127e+00,2.684871392685220570e+00,2.684530014030705125e+00,2.684142277474932836e+00,2.683700300190355659e+00,2.683194602392196870e+00,2.682613738218670107e+00,2.681943833931102361e+00,2.681168009961846455e+00,2.680265658269134654e+00,2.679211541088010851e+00,2.677974672083965224e+00,2.676516937093950776e+00,2.674791410396964775e+00,2.672740325077332280e+00,2.670292662708304565e+00,2.667361335222188323e+00,2.663839930776122689e+00,2.659598965335100207e+00,2.654481487546056950e+00,2.648297671117614271e+00,2.640817606406382190e+00,2.631760706891772106e+00,2.620778653833406135e+00,2.607425968882813638e+00,2.591106787393322008e+00,2.570975109220918320e+00,2.545740700411047275e+00,2.513270824067106446e+00,2.469704783617070021e+00,2.407234990413963160e+00,2.336200604117466995e+00,2.424178391222662654e+00,2.481732844298402796e+00,2.523608402593330080e+00,2.556316133912862387e+00,2.583104622544476481e+00,2.605725303510517676e+00,2.625176525439624875e+00,2.642058432285733449e+00,2.656757500435825037e+00,2.669547289126647183e+00,2.680643777267634142e+00
2.686741118334422751e+00,2.686617485259479743e+00,2.686480211075468638e+00,2.686327389938123478e+00,2.686156793378691177e+00,2.685965806099584352e+00,2.685751347121646315e+00,2.685509772542989726e+00,2.685236755129614572e+00,2.684927134615515243e+00,2.684574730858434233e+00,2.684172109771224335e+00,2.683710289103038882e+00,2.683178367541576126e+00,2.682563056113461464e+00,2.681848085380753588e+00,2.681013455482123220e+00,2.680034488884529331e+00,2.678880638424080196e+00,2.677513997045636973e+00,2.675887452551759083e+00,2.673942433129439689e+00,2.671606199429578332e+00,2.668788655472139393e+00,2.665378665046841178e+00,2.661239850847419319e+00,2.656205781090041018e+00,2.650074253450612982e+00,2.642599978318396214e+00,2.633484176415001432e+00,2.622358094105406323e+00,2.608754499455386178e+00,2.592055436536253143e+00,2.571392728843074682e+00,2.545451762549342245e+00,2.512065177569345664e+00,2.467304180910729006e+00,2.403190737192963944e+00,2.336862982451150650e+00,2.423433212091583133e+00,2.480540897335716810e+00,2.522440393494557398e+00,2.555431123074424882e+00,2.582642812622453654e+00,2.605746974128351212e+00,2.625683677960107154e+00,2.643010905085026341e+00,2.658087195020762739e+00,2.671171119431483554e+00,2.682474849378481796e+00
2.686932774129433543e+00,2.686823031155609609e+00,2.686701036426306644e+00,2.686565055162424720e+00,2.686413054204015882e+00,2.686242641460986125e+00,2.686050991208678962e+00,2.685834751500093986e+00,2.685589928886731759e+00,2.685311744227223851e+00,2.684994451513251335e+00,2.684631109223412526e+00,2.684213290562682985e+00,2.683730714861927602e+00,2.683170777182019240e+00,2.682517946586673308e+00,2.681752995497836078e+00,2.680852013131266531e+00,2.679785145790917422e+00,2.678514997147625198e+00,2.676994615104669961e+00,2.675164992372507822e+00,2.672952019925181943e+00,2.670262858273978690e+00,2.666981724741308124e+00,2.662965112511589183e+00,2.658036413223821448e+00,2.651979742803648676e+00,2.644532382896361611e+00,2.635374492390762491e+00,2.624113249742762388e+00,2.610255560651046025e+00,2.593157363469708265e+00,2.571925174850147044e+00,2.545218621407083770e+00,2.510836951012122675e+00,2.464788120001970118e+00,2.398934025039050510e+00,2.337267845784129161e+00,2.422407868576304857e+00,2.479086232221381803e+00,2.521055505831830690e+00,2.554393708192510104e+00,2.582102439981102560e+00,2.605764488823578251e+00,2.626254001744966260e+00,2.644081066832374205e+00,2.659572968525690584e+00,2.672972494414833644e+00,2.684489431351131827e+00
2.687115267813135588e+00,2.687018908968350939e+00,2.686911663809397499e+00,2.686791970479452285e+00,2.686657994301536956e+00,2.686507571366906433e+00,2.686338138624350336e+00,2.686146646808124316e+00,2.685929451439773352e+00,2.685682175678039130e+00,2.685399536850503477e+00,2.685075125920568961e+00,2.684701125716170811e+00,2.684267949209579118e+00,2.683763773174820066e+00,2.683173934812756123e+00,2.682480149108848799e+00,2.681659492642122888e+00,2.680683085637248553e+00,2.679514389564822796e+00,2.678107025573408073e+00,2.676402014933791040e+00,2.674324354254092651e+00,2.671778872718331588e+00,2.668645374567092610e+00,2.664773123609983863e+00,2.659974720526527392e+00,2.654019276718157627e+00,2.646624420351895601e+00,2.637445965230941880e+00,2.626062668080608731e+00,2.611950451309977161e+00,2.594433989710503763e+00,2.572590368700839125e+00,2.545051542488757423e+00,2.509584839602517103e+00,2.462141307405574242e+00,2.394437097178486518e+00,2.337376722379339800e+00,2.421063985984860167e+00,2.477334294151725125e+00,2.519426651491180280e+00,2.553187094481599306e+00,2.581478413787164250e+00,2.605784193245145985e+00,2.626903464221118423e+00,2.645291565893539865e+00,2.661240664765747166e+00,2.674977056920716301e+00,2.686710219497155716e+00
2.687288063055822906e+00,2.687204514905507935e+00,2.687111411911900394e+00,2.687007365301848694e+00,2.686890740055527971e+00,2.686759603063801016e+00,2.686611658600815744e+00,2.686444167572621833e+00,2.686253845897769388e+00,2.686036735893759353e+00,2.685788042547111232e+00,2.685501923848736094e+00,2.685171220728720165e+00,2.684787107192713407e+00,2.684338634616761254e+00,2.683812135276145483e+00,2.683190438491996233e+00,2.682451837785744697e+00,2.681568729046575505e+00,2.680505818900059012e+00,2.679217782345858723e+00,2.677646236161807192e+00,2.675715901300524724e+00,2.673329868322880998e+00,2.670363962581000283e+00,2.666660308676727542e+00,2.662020241309727808e+00,2.656196586789692837e+00,2.648884969942548295e+00,2.639713165456774924e+00,2.628226323359422079e+00,2.613862986786220866e+00,2.595909903078624570e+00,2.573409273536192643e+00,2.544962735117152874e+00,2.508307394531394063e+00,2.459345483580821945e+00,2.389666545777884732e+00,2.337144383118527458e+00,2.419357649877469374e+00,2.475245950474838086e+00,2.517523437946957987e+00,2.551792896517374842e+00,2.580766004841043681e+00,2.605814639268089650e+00,2.627651654058537734e+00,2.646669428431910109e+00,2.663120493210462403e+00,2.677214081318594729e+00,2.689162303905684226e+00
2.687450637670663944e+00,2.687379259644387286e+00,2.687299613955993483e+00,2.687210483258419380e+00,2.687110431193521443e+00,2.686997755481284500e+00,2.686870429286141615e+00,2.686726027501956438e+00,2.686561633512742020e+00,2.686373720514326546e+00,2.686157999473515190e+00,2.685909223046818450e+00,2.685620930988773303e+00,2.685285117347170569e+00,2.684891792521701070e+00,2.684428403333619428e+00,2.683879060725331556e+00,2.683223506602820940e+00,2.682435727878573317e+00,2.681482097123637498e+00,2.680318887980083442e+00,2.678888987250129361e+00,2.677117620375505158e+00,2.674906948224448744e+00,2.672129505239590141e+00,2.668620620987856018e+00,2.664170098075747894e+00,2.658513319595286362e+00,2.651321525153805148e+00,2.642190402475446120e+00,2.630625381716083844e+00,2.616019615717064095e+00,2.597613250318345557e+00,2.574406373364842793e+00,2.544966693698711868e+00,2.507002997440312964e+00,2.456378786037334727e+00,2.384581909757599760e+00,2.336517647356135541e+00,2.417238793499077332e+00,2.472777147427739575e+00,2.515312026805190726e+00,2.550191243480524506e+00,2.579961214867764419e+00,2.605867170387334397e+00,2.628522502757942192e+00,2.648246811275395629e+00,2.665247666259753068e+00,2.679716831845925906e+00,2.691873143759508924e+00
2.687602487200257517e+00,2.687542572544849406e+00,2.687475622659766916e+00,2.687400588048835637e+00,2.687316227709986904e+00,2.687221067434161892e+00,2.687113347473276903e+00,2.686990956455296509e+00,2.686851347384140887e+00,2.686691430134675151e+00,2.686507432880406387e+00,2.686294722147417602e+00,2.686047567347169540e+00,2.685758830237281902e+00,2.685419552131249610e+00,2.685018400900585522e+00,2.684540924638064929e+00,2.683968537702046575e+00,2.683277136016269271e+00,2.682435200752626425e+00,2.681401203923496013e+00,2.680120082980295138e+00,2.678518523673817597e+00,2.676498819848647681e+00,2.673931218382264774e+00,2.670644926979582223e+00,2.666418236557103860e+00,2.660968148444331938e+00,2.653939254795242952e+00,2.644890911729211869e+00,2.633281741284071664e+00,2.618449431957995621e+00,2.599576115179903724e+00,2.575610155957396952e+00,2.545080526845889146e+00,2.505669806585530512e+00,2.453215002643207576e+00,2.379133902370838438e+00,2.335433964208989188e+00,2.414650606404870281e+00,2.469878705885551806e+00,2.512755174412378611e+00,2.548361083292659757e+00,2.579061321519316330e+00,2.605956620051846251e+00,2.629545065017748762e+00,2.650061793304848479e+00,2.667663052111399313e+00,2.682522865001821799e+00,2.694872376142047443e+00
2.687743128529156422e+00,2.687693905915387926e+00,2.687638815290108951e+00,2.687576969445940378e+00,2.687507317016563757e+00,2.687428606162657108e+00,2.687339338824735968e+00,2.687237712708161030e+00,2.687121547193102256e+00,2.686988188014239221e+00,2.686834383670130499e+00,2.686656123864698209e+00,2.686448426505108067e+00,2.686205054367396539e+00,2.685918134733447982e+00,2.685577643984938589e+00,2.685170702700365286e+00,2.684680602994779619e+00,2.684085455760154115e+00,2.683356297939517798e+00,2.682454437188414698e+00,2.681327737269080469e+00,2.679905482118430271e+00,2.678091451952916202e+00,2.675754996785259632e+00,2.672720293305998585e+00,2.668754505196184290e+00,2.663555628812958265e+00,2.656739689648352165e+00,2.647825609616443643e+00,2.636217223819607991e+00,2.621184014947753660e+00,2.601834838687071549e+00,2.577053523514075906e+00,2.545324180746778797e+00,2.504305638042802151e+00,2.449822743588970564e+00,2.373262195915703643e+00,2.333819680093851989e+00,2.411528983023852213e+00,2.466496368133380024e+00,2.509812601668731880e+00,2.546280830395295069e+00,2.578065684398051616e+00,2.606102108969881481e+00,2.630754277783542872e+00,2.652159126248042842e+00,2.670413789983623776e+00,2.685674217424432797e+00,2.698191363046375635e+00
2.687872103478182950e+00,2.687832739278325889e+00,2.687788598741716495e+00,2.687738949365172658e+00,2.687682921220560850e+00,2.687619476091081872e+00,2.687547368447688267e+00,2.687465095760580347e+00,2.687370834758381122e+00,2.687262359012590363e+00,2.687136931479419566e+00,2.686991163138960026e+00,2.686820825276833968e+00,2.686620597714832304e+00,2.686383727587222658e+00,2.686101561810767091e+00,2.685762899274104498e+00,2.685353083066366331e+00,2.684852714553681352e+00,2.684235814146984644e+00,2.683467172042869553e+00,2.682498523665525880e+00,2.681263063015366210e+00,2.679667732305202499e+00,2.677582848090756418e+00,2.674829175897819322e+00,2.671163567330216981e+00,2.666264752018622453e+00,2.659718899651100088e+00,2.651001199600951264e+00,2.639452224014227966e+00,2.624257005563066070e+00,2.604430215617763000e+00,2.578773975597653756e+00,2.545720355878434482e+00,2.502907708532571274e+00,2.446164633841072966e+00,2.366892727256629136e+00,2.331587810254954096e+00,2.407801984040469634e+00,2.462571263837986191e+00,2.506441937067995340e+00,2.543929602952189395e+00,2.576976942560886386e+00,2.606327880417091070e+00,2.632191520928030215e+00,2.654590788388262457e+00,2.673553779411562470e+00,2.689217393806980994e+00,2.701862332594600069e+00
2.687988982333714194e+00,2.687958583576406824e+00,2.687924414570859177e+00,2.687885887912675908e+00,2.687842304421935502e+00,2.687792827668573192e+00,2.687736451650171166e+00,2.687671959478282080e+00,2.687597870155887136e+00,2.687512369436456439e+00,2.687413219196023384e+00,2.687297637498128555e+00,2.687162138239971743e+00,2.687002314395920965e+00,2.686812541569438384e+00,2.686585567472302483e+00,2.686311935904239778e+00,2.685979167341673524e+00,2.685570576882626792e+00,2.685063545669394980e+00,2.684426962316142529e+00,2.683617403535922818e+00,2.682573426441006603e+00,2.681207148371647975e+00,2.679392289756469037e+00,2.676948511615707460e+00,2.673623653031946823e+00,2.669077168683491763e+00,2.662864984301733351e+00,2.654417286608127036e+00,2.643003501457315885e+00,2.627703292419392156e+00,2.607407471709942026e+00,2.580813254912991184e+00,2.546293707963184882e+00,2.501472100684409394e+00,2.442196792343287903e+00,2.359934626502839805e+00,2.328634937082285195e+00,2.403389132279910800e+00,2.458041045270212166e+00,2.502600638219488971e+00,2.541289466692274068e+00,2.575802798526001247e+00,2.606664010615003413e+00,2.633904621005500157e+00,2.657416050759073833e+00,2.677143907014976509e+00,2.693203033555382930e+00,2.705916890463054614e+00
2.688093367263347133e+00,2.688070985260284207e+00,2.688045743908341390e+00,2.688017189317331024e+00,2.687984779909581068e+00,2.687947866141529918e+00,2.687905664688296170e+00,2.687857225326195199e+00,2.687801388097284416e+00,2.687736727414034021e+00,2.687661478428235551e+00,2.687573439041728296e+00,2.687469838056478544e+00,2.687347155637400231e+00,2.687200875667909550e+00,2.687025139361157056e+00,2.686812253394997185e+00,2.686551980069790790e+00,2.686230495115369266e+00,2.685828829969859388e+00,2.685320501940900328e+00,2.684667851295666985e+00,2.683816319766660019e+00,2.682685527193821251e+00,2.681155720370718587e+00,2.679048704084685539e+00,2.676105175070458753e+00,2.671965102992874819e+00,2.666154656207730067e+00,2.658061942058225657e+00,2.646880578523540528e+00,2.631557644732318568e+00,2.610815886891698856e+00,2.583215841495363208e+00,2.547068531413525072e+00,2.499992703568878039e+00,2.437869209846298624e+00,2.352277288278185718e+00,2.324836492624015705e+00,2.398199926322763798e+00,2.452842064819361401e+00,2.498249564397572620e+00,2.538349386880953240e+00,2.574558659158729057e+00,2.607146622495904786e+00,2.635946612310520187e+00,2.660700536265016680e+00,2.681251811561147669e+00,2.697685085465479915e+00,2.710383536196277809e+00
2.688184895568590971e+00,2.688169530195029022e+00,2.688152112173620711e+00,2.688132307647869368e+00,2.688109717131056176e+00,2.688083860096793565e+00,2.688054155297717074e+00,2.688019895427776529e+00,2.687980214223060660e+00,2.687934043350343583e+00,2.687880055349713526e+00,2.687816587302879867e+00,2.687741537514004353e+00,2.687652223864039680e+00,2.687545186887615678e+00,2.687415911766871002e+00,2.687258429175825913e+00,2.687064731438109533e+00,2.686823900963282163e+00,2.686520780005420939e+00,2.686133891814932451e+00,2.685632112829606566e+00,2.684969227684856463e+00,2.684074896542588462e+00,2.682839784164947616e+00,2.681092459800163308e+00,2.678569232640442443e+00,2.674889089703299305e+00,2.669548678767844851e+00,2.661904795268811075e+00,2.651079776675073330e+00,2.635852572472857869e+00,2.614707865544219523e+00,2.586025052991289819e+00,2.548063413443522940e+00,2.498459230795901487e+00,2.433128310139942574e+00,2.343789245183388825e+00,2.320039180071686413e+00,2.392129707319015086e+00,2.446913162110416096e+00,2.493359299041200572e+00,2.535112033815590138e+00,2.573271433125563057e+00,2.607816833780244092e+00,2.638372008019474357e+00,2.664513356920167553e+00,2.685950910913413647e+00,2.702719242554572965e+00,2.715283549155848686e+00
2.688263242725567714e+00,2.688253847323699652e+00,2.688243093511389681e+00,2.688230752214497699e+00,2.688216548306493259e+00,2.688200149608394707e+00,2.688181152791787376e+00,2.688159065165296013e+00,2.688133280935024239e+00,2.688103049967300873e+00,2.688067436260188625e+00,2.688025262110205649e+00,2.687975032119283014e+00,2.687914828357017782e+00,2.687842163556201314e+00,2.687753772109116035e+00,2.687645306959199676e+00,2.687510890806426467e+00,2.687342435906565186e+00,2.687128585652306167e+00,2.686853018235534130e+00,2.686491637647455910e+00,2.686007758511387511e+00,2.685343578793110364e+00,2.684404780832536197e+00,2.683033345005694681e+00,2.680965930440051270e+00,2.677795875814966475e+00,2.672985980728597166e+00,2.665886123195511104e+00,2.655574037483666938e+00,2.640615063934496742e+00,2.619137095805384341e+00,2.589274151084009823e+00,2.549280160628592196e+00,2.496853789072758012e+00,2.427924140183842727e+00,2.334323372828122523e+00,2.314049470533627861e+00,2.385047379321648453e+00,2.440201935709689351e+00,2.487920882199531558e+00,2.531605171702780765e+00,2.571984571250414131e+00,2.608717005088883933e+00,2.641228439179729826e+00,2.668920701428279418e+00,2.691318314281548663e+00,2.708360237961496164e+00,2.720624054267430481e+00
2.688328125166177252e+00,2.688323612027565090e+00,2.688318314873363590e+00,2.688312092555556365e+00,2.688304774557680688e+00,2.688296153819342837e+00,2.688285977504671465e+00,2.688273935027029271e+00,2.688259642375190772e+00,2.688242621399026699e+00,2.688222272143286684e+00,2.688197835467139640e+00,2.688168341892906987e+00,2.688132540620447486e+00,2.688088799463419942e+00,2.688034961301653869e+00,2.687968134035496170e+00,2.687884376228592220e+00,2.687778214291408840e+00,2.687641878338706825e+00,2.687464049691718593e+00,2.687227722008725728e+00,2.686906370582585080e+00,2.686456714756215725e+00,2.685804292966349927e+00,2.684813801782075959e+00,2.683232010736899209e+00,2.680617144233653715e+00,2.676376483359626413e+00,2.669899550435057112e+00,2.660294764114555566e+00,2.645861358401679020e+00,2.624154901491902780e+00,2.592966758191856957e+00,2.550682663241394810e+00,2.495145625328257122e+00,2.422226206360884149e+00,2.323739276911508611e+00,2.306622384936057646e+00,2.376758929476895155e+00,2.432674585776146259e+00,2.481962518170267362e+00,2.527899688104760845e+00,2.570763510790579964e+00,2.609882022400678458e+00,2.644540260349868444e+00,2.673972832790118659e+00,2.697431065909880576e+00,2.714657223650865703e+00,2.726385869974718101e+00
2.688379302754880573e+00,2.688378549125708172e+00,2.688377459671570158e+00,2.688375962913684081e+00,2.688373971427580056e+00,2.688371377794198658e+00,2.688368049361177903e+00,2.688363821408796817e+00,2.688358488155002668e+00,2.688351790800858954e+00,2.688343401473234362e+00,2.688332901403792885e+00,2.688319750891039028e+00,2.688303247354763670e+00,2.688282465815306832e+00,2.688256172889853968e+00,2.688222699929735615e+00,2.688179751381164273e+00,2.688124107145574371e+00,2.688051144876736576e+00,2.687954042442361136e+00,2.687822380793765564e+00,2.687639546446949801e+00,2.687377531241908812e+00,2.686985536632158222e+00,2.686362390924835086e+00,2.685285867579072505e+00,2.683269918406625099e+00,2.679592785574560931e+00,2.673765388436914137e+00,2.665097725784704608e+00,2.651586714274602574e+00,2.629801785936579872e+00,2.597033564712642129e+00,2.552160411004718465e+00,2.493284830110308103e+00,2.416052877535577625e+00,2.311964290965419888e+00,2.297479969720860105e+00,2.366908182594303689e+00,2.424325099377857562e+00,2.475566726108703985e+00,2.524134667475798732e+00,2.569698540821279575e+00,2.611323123756489117e+00,2.648279401777066777e+00,2.679678285443515939e+00,2.704359660086120609e+00,2.721645308547419706e+00,2.732501017381002040e+00
2.688416580920100607e+00,2.688418435461375378e+00,2.688420270935138134e+00,2.688422066112915676e+00,2.688423793673866857e+00,2.688425418488104235e+00,2.688426895366700986e+00,2.688428166090333526e+00,2.688429155452594088e+00,2.688429765942876859e+00,2.688429870528620480e+00,2.688429302747277205e+00,2.688427842934682843e+00,2.688425198813980899e+00,2.688420977700953785e+00,2.688414645984281481e+00,2.688405468823129141e+00,2.688392418221941860e+00,2.688374028866881371e+00,2.688348164197275736e+00,2.688311620605428498e+00,2.688259421609606736e+00,2.688183470714286205e+00,2.688069737106625556e+00,2.687891602820587256e+00,2.687591203349036117e+00,2.687014237004657691e+00,2.685658077176387604e+00,2.682457839340832706e+00,2.677194510084294432e+00,2.669696745435517382e+00,2.657736413550501275e+00,2.636081677559183323e+00,2.601235808741098054e+00,2.553476308675831419e+00,2.491199120488911678e+00,2.409516006457165904e+00,2.299122080164850424e+00,2.286454151157707226e+00,2.354827957160775753e+00,2.414944993754516656e+00,2.468845946508437361e+00,2.520543386820013332e+00,2.568900042970021946e+00,2.613004243249046787e+00,2.652318897384609908e+00,2.685951212588827630e+00,2.712155802937667115e+00,2.729327303063675991e+00,2.738808722533631279e+00
2.688439812404182838e+00,2.688443102028695186e+00,2.688446553910398329e+00,2.688450176757938515e+00,2.688453979232493740e+00,2.688457969693577088e+00,2.688462155830446232e+00,2.688466544131943081e+00,2.688471139126978215e+00,2.688475942297196664e+00,2.688480950517263768e+00,2.688486153807815082e+00,2.688491532076735968e+00,2.688497050351383866e+00,2.688502651724485659e+00,2.688508246772568722e+00,2.688513697414570469e+00,2.688518791782708917e+00,2.688523204115571552e+00,2.688526428745884989e+00,2.688527667152018186e+00,2.688525624738430597e+00,2.688518119679966123e+00,2.688501255233012976e+00,2.688467404151060780e+00,2.688399075780005365e+00,2.688241518198607238e+00,2.687657228078751181e+00,2.684697988203535779e+00,2.679761603391273894e+00,2.673543406055021610e+00,2.664081584114380341e+00,2.642849765324844835e+00,2.604964282059460512e+00,2.554223744523835826e+00,2.488803441268113925e+00,2.402868478035353306e+00,2.285734967362250902e+00,2.273903856705254523e+00,2.339838843568890603e+00,2.402642229906132076e+00,2.462045944811758869e+00,2.517470749754477932e+00,2.568484072143560670e+00,2.614818670414272628e+00,2.656371753459948692e+00,2.692498834148215003e+00,2.720822019332197694e+00,2.737622671845470368e+00,2.744967613395692396e+00
2.688448898601853099e+00,2.688452435600926282e+00,2.688456178053759249e+00,2.688460143689173965e+00,2.688464352263384427e+00,2.688468825847435628e+00,2.688473589162681865e+00,2.688478669973276780e+00,2.688484099546371908e+00,2.688489913192676273e+00,2.688496150902261572e+00,2.688502858092695735e+00,2.688510086488709039e+00,2.688517895153712978e+00,2.688526351692504868e+00,2.688535533638732211e+00,2.688545530025058916e+00,2.688556443098477189e+00,2.688568390067540115e+00,2.688581504610816797e+00,2.688595937547634929e+00,2.688611855375425463e+00,2.688629433843800598e+00,2.688648840151892649e+00,2.688670188119180793e+00,2.688693422028267221e+00,2.688717948113904743e+00,2.688739066373129649e+00,2.685726362518126908e+00,2.680965808143108919e+00,2.675713896088437682e+00,2.669439556928705937e+00,2.649007875564270087e+00,2.606984464567168480e+00,2.553876232883005581e+00,2.486033667196311914e+00,2.396514883935177309e+00,2.272903248661322095e+00,2.261495646069153764e+00,2.322088393983004817e+00,2.389876919262611032e+00,2.456256028687064052e+00,2.515377613208418239e+00,2.568553675876378950e+00,2.616585749620388590e+00,2.659947261194463231e+00,2.698588030513835889e+00,2.730189304303879627e+00,2.746167538812025022e+00,2.750300912981634038e+00
2.688443790463902694e+00,2.688446379830187194e+00,2.688449078378172263e+00,2.688451891642135827e+00,2.688454825209773080e+00,2.688457884605897075e+00,2.688461075121194810e+00,2.688464401562638439e+00,2.688467867891497054e+00,2.688471476698697682e+00,2.688475228442512854e+00,2.688479120334706263e+00,2.688483144699287397e+00,2.688487286526902054e+00,2.688491519778301697e+00,2.688495801697889931e+00,2.688500063876181123e+00,2.688504197830666076e+00,2.688508030990107933e+00,2.688511285097994197e+00,2.688513500567602410e+00,2.688513890166768672e+00,2.688511032477529206e+00,2.688502157432823836e+00,2.688481215059275620e+00,2.688432380360159524e+00,2.688299044202165700e+00,2.687724234085139940e+00,2.684974150162232842e+00,2.680476578122485520e+00,2.675248512347753849e+00,2.668878882423354693e+00,2.648242247377775804e+00,2.605851718450105103e+00,2.552027828433638845e+00,2.482898421532237609e+00,2.390927662775772511e+00,2.262157774843587710e+00,2.253151298676875136e+00,2.303559814951999130e+00,2.381113064916991817e+00,2.453228703779334552e+00,2.514765555333096092e+00,2.569178633102388698e+00,2.618091199017384074e+00,2.662420209499710477e+00,2.702753166241347316e+00,2.738930337229064982e+00,2.753223322311863619e+00,2.753684469616676456e+00
2.688424488950342806e+00,2.688424935798248150e+00,2.688425256126578233e+00,2.688425422076041293e+00,2.688425399824651230e+00,2.688425148125384467e+00,2.688424616422048885e+00,2.688423742399990157e+00,2.688422448770927176e+00,2.688420639007183865e+00,2.688418191615071340e+00,2.688414952346421583e+00,2.688410723451293283e+00,2.688405248604881059e+00,2.688398191376095259e+00,2.688389103821339887e+00,2.688377379561150526e+00,2.688362181688650931e+00,2.688342328312863572e+00,2.688316103579341920e+00,2.688280930469134855e+00,2.688232770083914591e+00,2.688164934368609593e+00,2.688065506387721015e+00,2.687910996378232387e+00,2.687648005052464040e+00,2.687129205500801366e+00,2.685883973250422052e+00,2.682991873268224747e+00,2.678369521627070871e+00,2.672150406063283690e+00,2.662425150134672958e+00,2.640591675082556655e+00,2.601543487065001159e+00,2.548697421225680326e+00,2.479509092290309802e+00,2.386463735741430003e+00,2.254672047049849137e+00,2.253174449074958119e+00,2.309936222021327090e+00,2.382899807341465337e+00,2.454272985053182587e+00,2.515949021884913428e+00,2.570370962691949313e+00,2.619169879259378497e+00,2.663313307957481779e+00,2.703360252723161494e+00,2.738701388101724365e+00,2.753195211307718715e+00,2.754039559199338072e+00
