-2.026069098971956706e+01,-2.025963129061303647e+01,-2.025850314387468742e+01,-2.025730090027675701e+01,-2.025601834678499458e+01,-2.025464863721180819e+01,-2.025318421162091909e+01,-2.025161670200737518e+01,-2.024993682108972592e+01,-2.024813423014594704e+01,-2.024619738062567365e+01,-2.024411332267421315e+01,-2.024186747156287680e+01,-2.023944332013030589e+01,-2.023682208140798622e+01,-2.023398224020695935e+01,-2.023089898496095174e+01,-2.022754348062871443e+01,-2.022388192855339639e+01,-2.021987433769704623e+01,-2.021547290021521093e+01,-2.021061981745761571e+01,-2.020524435123819984e+01,-2.019925876460349556e+01,-2.019255264047922793e+01,-2.018498477960764959e+01,-2.017637139703108318e+01,-2.016646849927311891e+01,-2.015494481594842924e+01,-2.014133882295951494e+01,-2.012498778938416777e+01,-2.010264288251052989e+01,-2.007421141580521251e+01,-2.004213364879548109e+01,-2.000567439198931297e+01,-1.996388698443452370e+01,-1.991812708763336914e+01,-1.989649207300743328e+01,-1.988035128180767330e+01,-1.986782787041360621e+01,-1.985781327887812608e+01,-1.984961084654078434e+01,-1.984276094545067082e+01,-1.983694820435881923e+01,-1.983194912170758073e+01,-1.982760093927138456e+01,-1.982378234632513880e+01,-1.982040108051591076e+01,-1.981738571178165742e+01,-1.981468005171655733e+01
-2.026125111682672397e+01,-2.026020711889795933e+01,-2.025909508434373762e+01,-2.025790935174614660e+01,-2.025664369275876808e+01,-2.025529124284270566e+01,-2.025384442094361148e+01,-2.025229483570211642e+01,-2.025063317512070427e+01,-2.024884907572623050e+01,-2.024693096609433951e+01,-2.024486587803672322e+01,-2.024263921665049537e+01,-2.024023447758874639e+01,-2.023763289604364246e+01,-2.023481300662211169e+01,-2.023175008592861701e+01,-2.022841543934152142e+01,-2.022477547880460236e+01,-2.022079051733435051e+01,-2.021641317504036905e+01,-2.021158624543636506e+01,-2.020623980094554284e+01,-2.020028720811552247e+01,-2.019361955090775496e+01,-2.018609767976383651e+01,-2.017754063306223955e+01,-2.016770836058536176e+01,-2.015627520823383989e+01,-2.014278786204883787e+01,-2.012659600242782787e+01,-2.010601597322459710e+01,-2.007731308591262831e+01,-2.004486195958651606e+01,-2.000789212304389508e+01,-1.996540692854176413e+01,-1.991885938731427785e+01,-1.989673695920751939e+01,-1.988031654806621162e+01,-1.986762415495610412e+01,-1.985750358521422854e+01,-1.984923295124248455e+01,-1.984233845180461486e+01,-1.983649637524905884e+01,-1.983147812751467853e+01,-1.982711774652729630e+01,-1.982329185515191483e+01,-1.981990682919436253e+01,-1.981689032298256237e+01,-1.981418551998131861e+01
-2.026181615066034780e+01,-2.026078831149772697e+01,-2.025969287591756540e+01,-2.025852417018131035e+01,-2.025727594997749748e+01,-2.025594133112120332e+01,-2.025451270936937576e+01,-2.025298166701400504e+01,-2.025133886326398169e+01,-2.024957390456560447e+01,-2.024767518986597636e+01,-2.024562972429164276e+01,-2.024342289265416639e+01,-2.024103818140508082e+01,-2.023845683385992800e+01,-2.023565741828503306e+01,-2.023261528119034480e+01,-2.022930184800565812e+01,-2.022568371888691985e+01,-2.022172148662898650e+01,-2.021736817329370339e+01,-2.021256713698139507e+01,-2.020724923163908215e+01,-2.020132889658975017e+01,-2.019469868394265077e+01,-2.018722145756412800e+01,-2.017871903704795855e+01,-2.016895526282500128e+01,-2.015761002537295710e+01,-2.014423811393802666e+01,-2.012820144689379021e+01,-2.010855220085791117e+01,-2.008051818044670256e+01,-2.004768787905004501e+01,-2.001019538853005741e+01,-1.996699050829625577e+01,-1.991962272530513900e+01,-1.989699131010274158e+01,-1.988028157073629743e+01,-1.986741556876796011e+01,-1.985718673516763033e+01,-1.984884674857357112e+01,-1.984190706949125982e+01,-1.983603537068871603e+01,-1.983099782887884643e+01,-1.982662521026899327e+01,-1.982279203847543769e+01,-1.981940331247171727e+01,-1.981638576480088432e+01,-1.981368194859333443e+01
-2.026238605237786672e+01,-2.026137484497664687e+01,-2.026029651345059079e+01,-2.025914537192550569e+01,-2.025791515979165069e+01,-2.025659897223793848e+01,-2.025518918005966640e+01,-2.025367733647152946e+01,-2.025205406802633945e+01,-2.025030894590284092e+01,-2.024843033270932224e+01,-2.024640519845326736e+01,-2.024421889730940904e+01,-2.024185489408235838e+01,-2.023929442552393709e+01,-2.023651607652523765e+01,-2.023349524406820521e+01,-2.023020345181502933e+01,-2.022660746401263765e+01,-2.022266812696038940e+01,-2.021833883644385210e+01,-2.021356348517466017e+01,-2.020827367704924171e+01,-2.020238489096315249e+01,-2.019579111194602561e+01,-2.018835717896200066e+01,-2.017990764911346346e+01,-2.017021019997570619e+01,-2.015895019500498009e+01,-2.014569042132422183e+01,-2.012980486592408980e+01,-2.011036468505247399e+01,-2.008383163710069397e+01,-2.005061647060978203e+01,-2.001258902445181320e+01,-1.996864165944983682e+01,-1.992041903091455879e+01,-1.989725565032855314e+01,-1.988024637582215703e+01,-1.986720194789111815e+01,-1.985686248696318756e+01,-1.984845196051163896e+01,-1.984146649938852036e+01,-1.983556487588923645e+01,-1.983050789768085664e+01,-1.982612299091521280e+01,-1.982228254761596276e+01,-1.981889017566168576e+01,-1.981587168027369827e+01,-1.981316898245426117e+01
-2.026296076872705854e+01,-2.026196668098742393e+01,-2.026090597650583547e+01,-2.025977295781166276e+01,-2.025856134802800668e+01,-2.025726422110289349e+01,-2.025587392145121512e+01,-2.025438197080899627e+01,-2.025277895949104945e+01,-2.025105441843133391e+01,-2.024919666729987355e+01,-2.024719263253073009e+01,-2.024502762712332427e+01,-2.024268508139869027e+01,-2.024014621022498872e+01,-2.023738959717438490e+01,-2.023439066905337569e+01,-2.023112102440013871e+01,-2.022754756556601663e+01,-2.022363136390168847e+01,-2.021932615823095247e+01,-2.021457634322783292e+01,-2.020931423836085017e+01,-2.020345632607686426e+01,-2.019689798640361289e+01,-2.018950599266971579e+01,-2.018110759385617925e+01,-2.017147424997798311e+01,-2.016029672571578146e+01,-2.014714570212664668e+01,-2.013140706926650836e+01,-2.011217067597420183e+01,-2.008725868169071305e+01,-2.005365312781400533e+01,-2.001507821823149413e+01,-1.997036463559198793e+01,-1.992125038868323017e+01,-1.989753054039792346e+01,-1.988021099231376354e+01,-1.986698312143458978e+01,-1.985653058819622174e+01,-1.984804829618306954e+01,-1.984101642748116490e+01,-1.983508455907108470e+01,-1.983000798674623155e+01,-1.982561072797093971e+01,-1.982176301149588582e+01,-1.981836704070220989e+01,-1.981534768867318519e+01,-1.981264624293071819e+01
-2.026354023096516954e+01,-2.026256376504761292e+01,-2.026152122797996213e+01,-2.026040691162934948e+01,-2.025921452329500738e+01,-2.025793711548974940e+01,-2.025656700524574205e+01,-2.025509568081502465e+01,-2.025351369304722482e+01,-2.025181052794191672e+01,-2.024997445582066646e+01,-2.024799235114449658e+01,-2.024584947507877075e+01,-2.024352921028523511e+01,-2.024101273382599331e+01,-2.023827860910197884e+01,-2.023530227084516397e+01,-2.023205536749202693e+01,-2.022850491151003283e+01,-2.022461216847571919e+01,-2.022033118685812170e+01,-2.021560682766643779e+01,-2.021037208841014277e+01,-2.020454441586270633e+01,-2.019802054402972402e+01,-2.019066913706112487e+01,-2.018232008787759213e+01,-2.017274858267631643e+01,-2.016165071514648233e+01,-2.014860495746780700e+01,-2.013300894081080372e+01,-2.011397092739477799e+01,-2.009011299724577171e+01,-2.005680359867050910e+01,-2.001766853894889664e+01,-1.997216403941779816e+01,-1.992211905340634104e+01,-1.989781657933436065e+01,-1.988017545230920291e+01,-1.986675891116706438e+01,-1.985619077523977793e+01,-1.984763545108240734e+01,-1.984055652383753809e+01,-1.983459407016117027e+01,-1.982949772826062684e+01,-1.982508803819205312e+01,-1.982123303461381170e+01,-1.981783350402010413e+01,-1.981481338335415643e+01,-1.981211332577861128e+01
-2.026412435374898635e+01,-2.026316602527339583e+01,-2.026214221266921101e+01,-2.026104719851329605e+01,-2.025987467518715235e+01,-2.025861767405378799e+01,-2.025726848424458026e+01,-2.025581855899455519e+01,-2.025425840689939605e+01,-2.025257746471139342e+01,-2.025076394727452112e+01,-2.024880466882228092e+01,-2.024668482799017966e+01,-2.024438774633517468e+01,-2.024189454663529375e+01,-2.023918375237431633e+01,-2.023623078303200984e+01,-2.023300731026580479e+01,-2.022948042653088407e+01,-2.022561155822776868e+01,-2.022135502709842925e+01,-2.021665612154531644e+01,-2.021144847604146833e+01,-2.020565045882440103e+01,-2.019916011330154859e+01,-2.019184794763119228e+01,-2.018354644798505149e+01,-2.017403446852953408e+01,-2.016301335893322388e+01,-2.015006928052448387e+01,-2.013461144699898853e+01,-2.011576626236628584e+01,-2.009218570287186978e+01,-2.006007401176169580e+01,-2.002036597046999233e+01,-1.997404485758643133e+01,-1.992302746681647108e+01,-1.989811440745540594e+01,-1.988013979109213736e+01,-1.986652913105848484e+01,-1.985584277260619146e+01,-1.984721310623533697e+01,-1.984008644150334888e+01,-1.983409303937069268e+01,-1.982897673202528566e+01,-1.982455451355290776e+01,-1.982069219479382483e+01,-1.981728913415696525e+01,-1.981426832936531568e+01,-1.981156979884939062e+01
-2.026471303400130708e+01,-2.026377337107572174e+01,-2.026276885578069553e+01,-2.026169376325681171e+01,-2.026054177239032938e+01,-2.025930589422278416e+01,-2.025797839002470724e+01,-2.025655067703730694e+01,-2.025501321934544308e+01,-2.025335540061947626e+01,-2.025156537448430072e+01,-2.024962988694385757e+01,-2.024753406347321416e+01,-2.024526115089852496e+01,-2.024279220074688013e+01,-2.024010567597854404e+01,-2.023717695635259162e+01,-2.023397770830050035e+01,-2.023047507185857441e+01,-2.022663059805871200e+01,-2.022239884227028739e+01,-2.021772547766122585e+01,-2.021254473060529833e+01,-2.020677584381290970e+01,-2.020031812144098637e+01,-2.019304386504870763e+01,-2.018478810011689362e+01,-2.017533328815229510e+01,-2.016438596055868615e+01,-2.015153986633926309e+01,-2.013621564620863325e+01,-2.011755758175415920e+01,-2.009424705389448107e+01,-2.006347090422945456e+01,-2.002317694775469903e+01,-1.997601249964156978e+01,-1.992397827612899519e+01,-1.989842470929648144e+01,-1.988010404714301060e+01,-1.986629358675853396e+01,-1.985548629225731077e+01,-1.984678092730208121e+01,-1.983960581530765666e+01,-1.983358107564314921e+01,-1.982844458353535089e+01,-1.982400971899278375e+01,-1.982014004068068047e+01,-1.981673346912473832e+01,-1.981371206079315428e+01,-1.981101519955163326e+01
-2.026530614976029909e+01,-2.026438569182508687e+01,-2.026340106139468489e+01,-2.026234652855483631e+01,-2.026121576069110120e+01,-2.026000174996200798e+01,-2.025869673045433572e+01,-2.025729208308672469e+01,-2.025577822581220033e+01,-2.025414448597744510e+01,-2.025237895075729710e+01,-2.025046829030307549e+01,-2.024839754648799683e+01,-2.024614987771364483e+01,-2.024370624689126430e+01,-2.024104503504688424e+01,-2.023814155646633495e+01,-2.023496744208168607e+01,-2.023148984469095879e+01,-2.022767040075121514e+01,-2.022346385602371654e+01,-2.021881622171903103e+01,-2.021366226657193010e+01,-2.020792205609065206e+01,-2.020149610186022571e+01,-2.019425844383911084e+01,-2.018604658904663651e+01,-2.017664654276011049e+01,-2.016576994220157459e+01,-2.015301802269037879e+01,-2.013782269921646417e+01,-2.011934587382762984e+01,-2.009629785576238703e+01,-2.006658742943524132e+01,-2.002610839666212783e+01,-1.997807284153693530e+01,-1.992497435467864619e+01,-1.989874821665704019e+01,-1.988006826205569411e+01,-1.986605207499556869e+01,-1.985512103285699581e+01,-1.984633856361868354e+01,-1.983911426057681382e+01,-1.983305776496239758e+01,-1.982790084186239810e+01,-1.982345318991389505e+01,-1.981957608894685308e+01,-1.981616601345379536e+01,-1.981314407780295639e+01,-1.981044903203745022e+01
-2.026590355901946694e+01,-2.026500285549268909e+01,-2.026403871088531261e+01,-2.026300539318319949e+01,-2.026189656089534452e+01,-2.026070518941624243e+01,-2.025942348704795393e+01,-2.025804279880538061e+01,-2.025655349563927388e+01,-2.025494484605261292e+01,-2.025320486619008520e+01,-2.025132014325433616e+01,-2.024927562541308745e+01,-2.024705436902207367e+01,-2.024463723073334265e+01,-2.024200248750763009e+01,-2.023912536115255278e+01,-2.023597741496180191e+01,-2.023252577713597233e+01,-2.022873212710844371e+01,-2.022455135386714886e+01,-2.021992975539705029e+01,-2.021480258822664311e+01,-2.020909068367371475e+01,-2.020269570208447263e+01,-2.019549336173470167e+01,-2.018732358892503242e+01,-2.017797586559464662e+01,-2.016716685667562459e+01,-2.015450518212421827e+01,-2.013943388085813169e+01,-2.012113222503342413e+01,-2.009833899068458152e+01,-2.006901267705885061e+01,-2.002916777760476208e+01,-1.998023227439512439e+01,-1.992601882490649956e+01,-1.989908571174037277e+01,-1.988003248032186221e+01,-1.986580438287512607e+01,-1.985474667895800138e+01,-1.984588564717462589e+01,-1.983861137175358635e+01,-1.983252266851072321e+01,-1.982734503732064013e+01,-1.982288442939940509e+01,-1.981899982117180414e+01,-1.981558623489010529e+01,-1.981256384333503817e+01,-1.980987076407888381e+01
-2.026650509856722593e+01,-2.026562470727719756e+01,-2.026468166130882764e+01,-2.026367023012260304e+01,-2.026258406666332945e+01,-2.026141613243428097e+01,-2.026015861216321667e+01,-2.025880281623502199e+01,-2.025733906860381239e+01,-2.025575657727406664e+01,-2.025404328359074668e+01,-2.025218568541010100e+01,-2.025016862760529790e+01,-2.024797505110934637e+01,-2.024558568854708795e+01,-2.024297869008105977e+01,-2.024012915684643588e+01,-2.023700855047970748e+01,-2.023358393457174031e+01,-2.022981698560915120e+01,-2.022566268434948711e+01,-2.022106755924346189e+01,-2.021596729440116036e+01,-2.021028342393382005e+01,-2.020391869216215852e+01,-2.019675042972966139e+01,-2.018862091472120568e+01,-2.017932303441025965e+01,-2.016857840055510209e+01,-2.015600291526077115e+01,-2.014105059300718636e+01,-2.012291783208905471e+01,-2.010037142821458644e+01,-2.007141869239239895e+01,-2.003236313343984776e+01,-1.998249775923003568e+01,-1.992711508399300158e+01,-1.989943803034426395e+01,-1.987999674893319835e+01,-1.986555028705049253e+01,-1.985436290011434934e+01,-1.984542179152679608e+01,-1.983809672092084142e+01,-1.983197532066768076e+01,-1.982677666889421175e+01,-1.982230290511548532e+01,-1.981841068034680831e+01,-1.981499356069053874e+01,-1.981197077940759144e+01,-1.980927982359417427e+01
-2.026711058283650146e+01,-2.026625106822788069e+01,-2.026532974377029817e+01,-2.026434088463796357e+01,-2.026327814227116875e+01,-2.026213446798377760e+01,-2.026090202604485313e+01,-2.025957209445219931e+01,-2.025813495118134711e+01,-2.025657974310746567e+01,-2.025489433399648576e+01,-2.025306512685618898e+01,-2.025107685439873961e+01,-2.024891232921052620e+01,-2.024655214219055566e+01,-2.024397429352883648e+01,-2.024115373440742971e+01,-2.023806178892587582e+01,-2.023466541330711976e+01,-2.023092623146467162e+01,-2.022679925979388926e+01,-2.022223119531933477e+01,-2.021715808318325358e+01,-2.021150209043290857e+01,-2.020516697356826796e+01,-2.019803160287692378e+01,-2.018994053462694183e+01,-2.018068998510713641e+01,-2.017000642858817372e+01,-2.015751294548707406e+01,-2.014267437900257463e+01,-2.012470401554146449e+01,-2.010239623725721358e+01,-2.007380629458839749e+01,-2.003558505448118865e+01,-1.998487688848688038e+01,-1.992826683247475117e+01,-1.989980606504125404e+01,-1.987996111673551525e+01,-1.986528955272961028e+01,-1.985396934990830786e+01,-1.984494659065221001e+01,-1.983756985623246649e+01,-1.983141522684180913e+01,-1.982619520140099922e+01,-1.982170804585501500e+01,-1.981780806695010710e+01,-1.981438737345533241e+01,-1.981136426296872344e+01,-1.980867559477788475e+01
-2.026771980277616336e+01,-2.026688173387693581e+01,-2.026598276178203051e+01,-2.026501717232647337e+01,-2.026397862031121377e+01,-2.026286005146769753e+01,-2.026165361372408924e+01,-2.026035055602390855e+01,-2.025894111254138608e+01,-2.025741436958950104e+01,-2.025575811176711483e+01,-2.025395864285231795e+01,-2.025200057549547594e+01,-2.024986658171557963e+01,-2.024753709329805318e+01,-2.024498993705535455e+01,-2.024219988400203007e+01,-2.023913808302224382e+01,-2.023577133740472078e+01,-2.023206116494125339e+01,-2.022796255645764063e+01,-2.022342230948376596e+01,-2.021837675653002364e+01,-2.021274861995222238e+01,-2.020644258860142628e+01,-2.019933899186389326e+01,-2.019128458349159061e+01,-2.018207882660088615e+01,-2.017145296950365463e+01,-2.015903716515655120e+01,-2.014430693965696051e+01,-2.012649223494355866e+01,-2.010441459967545441e+01,-2.007617638122761861e+01,-2.003851700763289401e+01,-1.998737795540512607e+01,-1.992947810623393323e+01,-1.990019076826253297e+01,-1.987992563344769792e+01,-1.986502193247152093e+01,-1.985356566487939389e+01,-1.984445961774562051e+01,-1.983703030025905889e+01,-1.983084186112973768e+01,-1.982560006236593964e+01,-1.982109923767369253e+01,-1.981719133452630643e+01,-1.981376700642539390e+01,-1.981074362122996746e+01,-1.980805741378196316e+01
-2.026833252475774572e+01,-2.026751647289533764e+01,-2.026664048962905440e+01,-2.026569887715011831e+01,-2.026468529934718177e+01,-2.026359270195714757e+01,-2.026241322178616855e+01,-2.026113808327212951e+01,-2.025975748028056245e+01,-2.025826044051651564e+01,-2.025663466923784028e+01,-2.025486636798739326e+01,-2.025294002270000959e+01,-2.025083815360708073e+01,-2.024854101659995820e+01,-2.024602624174909238e+01,-2.024326838896764613e+01,-2.024023839256610202e+01,-2.023690285450532400e+01,-2.023322312878537232e+01,-2.022915411396629537e+01,-2.022464263319215760e+01,-2.021962522469023327e+01,-2.021402507966408990e+01,-2.020774773026852245e+01,-2.020067487540378437e+01,-2.019265537735873295e+01,-2.018349185702334125e+01,-2.017292024331982603e+01,-2.016057765341279051e+01,-2.014595015097779651e+01,-2.012828410580438643e+01,-2.010642782568773868e+01,-2.007852994119357248e+01,-2.004141663044103083e+01,-1.999001003239854413e+01,-1.993075331231163005e+01,-1.990059315516798932e+01,-1.987989034823080203e+01,-1.986474716471120772e+01,-1.985315146334056280e+01,-1.984396042397342086e+01,-1.983647754826285592e+01,-1.983025466380049906e+01,-1.982499063857384414e+01,-1.982047581955972504e+01,-1.981655978469038359e+01,-1.981313173815693673e+01,-1.981010812640106877e+01,-1.980742456388686534e+01
-2.026894848953233463e+01,-2.026815502578888228e+01,-2.026730267075958736e+01,-2.026638574947174831e+01,-2.026539794154336249e+01,-2.026433219935935526e+01,-2.026318065502313104e+01,-2.026193451436074966e+01,-2.026058393590148299e+01,-2.025911789228709736e+01,-2.025752401091937216e+01,-2.025578838976212381e+01,-2.025389538295108594e+01,-2.025182734906059778e+01,-2.024956435227464979e+01,-2.024708380294092791e+01,-2.024436001850784095e+01,-2.024136367786521618e+01,-2.023806113046492072e+01,-2.023441350455851762e+01,-2.023037553383779041e+01,-2.022589398464839050e+01,-2.022090551031615746e+01,-2.021533367437729822e+01,-2.020908475264303306e+01,-2.020204171347960553e+01,-2.019405542918143581e+01,-2.018493158135565224e+01,-2.017441068026658968e+01,-2.016213669575308387e+01,-2.014760608372665729e+01,-2.013008141846501431e+01,-2.010843737125401987e+01,-2.008086806951306968e+01,-2.004428469715460182e+01,-1.999293887816133619e+01,-1.993209726907449664e+01,-1.990101430614367217e+01,-1.987985530765615394e+01,-1.986446497193255567e+01,-1.985272634406410575e+01,-1.984344853720286395e+01,-1.983591106642613866e+01,-1.982965303860798301e+01,-1.982436627226834247e+01,-1.981983707856638688e+01,-1.981591266145894892e+01,-1.981248078646759936e+01,-1.980945698973038915e+01,-1.980677627009310626e+01
-2.026956741125421502e+01,-2.026879710365285447e+01,-2.026796901622099512e+01,-2.026707750411659958e+01,-2.026611627029110707e+01,-2.026507828154447566e+01,-2.026395567299427825e+01,-2.026273963922473698e+01,-2.026142031005169386e+01,-2.025998660840473065e+01,-2.025842608723948501e+01,-2.025672474157660119e+01,-2.025486679060696460e+01,-2.025283442313784121e+01,-2.025060749723219899e+01,-2.024816318134574900e+01,-2.024547551905163800e+01,-2.024251489176647567e+01,-2.023924734258413594e+01,-2.023563370765129932e+01,-2.023162847687344978e+01,-2.022717826911430805e+01,-2.022221975211422773e+01,-2.021667675376584938e+01,-2.021045618167311986e+01,-2.020344216147887195e+01,-2.019548746580069221e+01,-2.018640073060271689e+01,-2.017592694143443666e+01,-2.016371680544016343e+01,-2.014927702492773420e+01,-2.013188615903891687e+01,-2.011044485764981005e+01,-2.008319198444297271e+01,-2.004712204872292247e+01,-1.999665932329838824e+01,-1.993351525136530711e+01,-1.990145536871500553e+01,-1.987982055287336891e+01,-1.986417505838438302e+01,-1.985228988481722112e+01,-1.984292346073683788e+01,-1.983533029007105952e+01,-1.982903634994122299e+01,-1.982372625695883173e+01,-1.981918224432073217e+01,-1.981524914478899291e+01,-1.981181330152479703e+01,-1.980878935473693758e+01,-1.980611169305375441e+01
-2.027018897658935614e+01,-2.026944238700606604e+01,-2.026863920316425549e+01,-2.026777381848493320e+01,-2.026683996786001529e+01,-2.026583064145954793e+01,-2.026473798652284941e+01,-2.026355319536805766e+01,-2.026226637754488991e+01,-2.026086641365485264e+01,-2.025934078782803027e+01,-2.025767539510736270e+01,-2.025585431894532462e+01,-2.025385957250404090e+01,-2.025167079522569225e+01,-2.024926489284320041e+01,-2.024661560409084871e+01,-2.024369297005270596e+01,-2.024046267117324760e+01,-2.023688518070272835e+01,-2.023291465914499554e+01,-2.022849747813349097e+01,-2.022357020784398074e+01,-2.021805681946336364e+01,-2.021186472640405896e+01,-2.020487908526000354e+01,-2.019695444628332126e+01,-2.018790228263031850e+01,-2.017747194126659593e+01,-2.016532074685781595e+01,-2.015096550141066345e+01,-2.013370053252793213e+01,-2.011245209341602447e+01,-2.008550304710627898e+01,-2.004992960830016813e+01,-2.000032463552183870e+01,-1.993501304140184160e+01,-1.990191755859684264e+01,-1.987978611571610443e+01,-1.986387710720133626e+01,-1.985184164072414248e+01,-1.984238467209973322e+01,-1.983473462192731773e+01,-1.982840391983135930e+01,-1.982306983279055501e+01,-1.981851048280073613e+01,-1.981456834317461713e+01,-1.981112835791734028e+01,-1.980810428949784807e+01,-1.980542992225809229e+01
-2.027081284392841098e+01,-2.027009052472683592e+01,-2.026931287344293153e+01,-2.026847433074470928e+01,-2.026756867310575672e+01,-2.026658892426397784e+01,-2.026552725416420486e+01,-2.026437486356493878e+01,-2.026312185219563844e+01,-2.026175706798024123e+01,-2.026026793435750761e+01,-2.025864025206809771e+01,-2.025685797084678796e+01,-2.025490292510524881e+01,-2.025275452568480361e+01,-2.025038939674438865e+01,-2.024778094229062120e+01,-2.024489881995189933e+01,-2.024170828915381293e+01,-2.023816938509869345e+01,-2.023423584624851301e+01,-2.022985368736807033e+01,-2.022495925642474290e+01,-2.021947653187043059e+01,-2.021331329056425830e+01,-2.020635557719580788e+01,-2.019845958173372580e+01,-2.018943948480471917e+01,-2.017904887201549258e+01,-2.016695156088795926e+01,-2.015267430543188354e+01,-2.013552698817593267e+01,-2.011446109884165878e+01,-2.008780278399568786e+01,-2.005270839973472263e+01,-2.000393549006743044e+01,-1.993659698637208422e+01,-1.990240215951599012e+01,-1.987975201340022124e+01,-1.986357077674812288e+01,-1.985138114242906937e+01,-1.984183162194219108e+01,-1.983412343052973625e+01,-1.982775502484552632e+01,-1.982239618142315507e+01,-1.981782088924382634e+01,-1.981386928511334489e+01,-1.981042494551414279e+01,-1.980740077782851216e+01,-1.980472996836640931e+01
-2.027143864272520446e+01,-2.027074113311570969e+01,-2.026998963233530660e+01,-2.026917863813713439e+01,-2.026830197927122867e+01,-2.026735272452667047e+01,-2.026632307868819538e+01,-2.026520426350796811e+01,-2.026398638150911680e+01,-2.026265826009081650e+01,-2.026120727296401824e+01,-2.025961913536054482e+01,-2.025787766864175055e+01,-2.025596452874891895e+01,-2.025385889116802574e+01,-2.025153708238440231e+01,-2.024897214364958842e+01,-2.024613330647041920e+01,-2.024298534935021365e+01,-2.023948779016168587e+01,-2.023559384542520334e+01,-2.023124905267438223e+01,-2.022638939884450338e+01,-2.022093871647619778e+01,-2.021480498444474705e+01,-2.020787497324767301e+01,-2.020000635672062828e+01,-2.019101587860353675e+01,-2.018066123029516490e+01,-2.016861259236196702e+01,-2.015440652235773555e+01,-2.013736824704400519e+01,-2.011647413307670718e+01,-2.009009291266255914e+01,-2.005545956961222487e+01,-2.000749258663854846e+01,-1.993827406393171842e+01,-1.990291052133526506e+01,-1.987971824135932053e+01,-1.986325569594830043e+01,-1.985090789403177425e+01,-1.984126373316292558e+01,-1.983349604886150175e+01,-1.982708889291197352e+01,-1.982170442034738400e+01,-1.981711248000975445e+01,-1.981315090920230659e+01,-1.980970195886640184e+01,-1.980667770916158688e+01,-1.980401075458683025e+01
-2.027206597298308210e+01,-2.027139379511143957e+01,-2.027066904742079601e+01,-2.026988629543122755e+01,-2.026903943192254687e+01,-2.026812158353136439e+01,-2.026712500362663150e+01,-2.026604094945674461e+01,-2.026485954127982936e+01,-2.026356960085765735e+01,-2.026215846628883810e+01,-2.026061177963844884e+01,-2.025891324311605501e+01,-2.025704433854345510e+01,-2.025498400333624005e+01,-2.025270825387700313e+01,-2.025018974346892975e+01,-2.024739723622723275e+01,-2.024429496907047010e+01,-2.024084185957111970e+01,-2.023699049506118186e+01,-2.023268580395066607e+01,-2.022786325748118230e+01,-2.022244636943442586e+01,-2.021634313697577312e+01,-2.020944087113573318e+01,-2.020159855250028258e+01,-2.019263532641229020e+01,-2.018231284588175356e+01,-2.017030751960947299e+01,-2.015616556030644446e+01,-2.013922733167088097e+01,-2.011849372386924628e+01,-2.009237537088250036e+01,-2.005818441351210168e+01,-2.001099666808435273e+01,-1.994073728576730886e+01,-1.990344405587629240e+01,-1.987968476361799475e+01,-1.986293145828300766e+01,-1.985042137076668567e+01,-1.984068040038880909e+01,-1.983285177340405880e+01,-1.982640470013639344e+01,-1.982099359654521109e+01,-1.981638418316437367e+01,-1.981241205255616578e+01,-1.980895818485033999e+01,-1.980593386689528401e+01,-1.980327110697942672e+01
-2.027269440491249952e+01,-2.027204805968847978e+01,-2.027135064764466321e+01,-2.027059681356768905e+01,-2.026978052706656186e+01,-2.026889498674352197e+01,-2.026793250994543882e+01,-2.026688440595172125e+01,-2.026574083016669192e+01,-2.026449061655756267e+01,-2.026312108519963573e+01,-2.026161782132763634e+01,-2.025996442169087786e+01,-2.025814220317033332e+01,-2.025612986736239307e+01,-2.025390311286966138e+01,-2.025143418387569483e+01,-2.024869133843136737e+01,-2.024563821151578580e+01,-2.024223303446797217e+01,-2.023842765097220564e+01,-2.023416623617303500e+01,-2.022938357333655546e+01,-2.022400266205133335e+01,-2.021793130786693382e+01,-2.021105714968638978e+01,-2.020324027227640329e+01,-2.019430204079223046e+01,-2.018400791295398022e+01,-2.017204038609598626e+01,-2.015795518152785704e+01,-2.014110759750537838e+01,-2.012052269975345453e+01,-2.009465234951923307e+01,-2.006088440722945521e+01,-2.001444854433015053e+01,-1.994562980449219936e+01,-1.990400422967836391e+01,-1.987965149991226710e+01,-1.986259761404510016e+01,-1.984992101639747730e+01,-1.984008099001331971e+01,-1.983218986381311311e+01,-1.982570156768500169e+01,-1.982026267935888342e+01,-1.981563482747131033e+01,-1.981165143714784804e+01,-1.980819228817332345e+01,-1.980516791494228812e+01,-1.980250974357402427e+01
-2.027332347878393648e+01,-2.027270344146566217e+01,-2.027203392260693349e+01,-2.027130965853501721e+01,-2.027052470950116003e+01,-2.026967236149878460e+01,-2.026874501291019115e+01,-2.026773404366998577e+01,-2.026662966432717283e+01,-2.026542074205317334e+01,-2.026409460027250731e+01,-2.026263678817038638e+01,-2.026103081581916143e+01,-2.025925784998788615e+01,-2.025729636471233519e+01,-2.025512173914641778e+01,-2.025270579263742121e+01,-2.025001624261130573e+01,-2.024701606349339400e+01,-2.024366271259837902e+01,-2.023990716874872575e+01,-2.023569269688714911e+01,-2.023095320053704427e+01,-2.022561094372898793e+01,-2.021957329962299355e+01,-2.021272798945851790e+01,-2.020493596882176490e+01,-2.019602061661452552e+01,-2.018575102403756460e+01,-2.017381563411351308e+01,-2.015977953514429899e+01,-2.014301276554367348e+01,-2.012256422425600633e+01,-2.009692632916997823e+01,-2.006356124379898276e+01,-2.001784912302784392e+01,-1.995042522006429309e+01,-1.990459255274123151e+01,-1.987961830851475753e+01,-1.986225366030198458e+01,-1.984940624030441469e+01,-1.983946484107473651e+01,-1.983150954351518180e+01,-1.982497855882128590e+01,-1.981951055237051307e+01,-1.981486312936523220e+01,-1.981086765355244950e+01,-1.980740279427524797e+01,-1.980437838216980495e+01,-1.980172526220154339e+01
-2.027395270500072399e+01,-2.027335942055669449e+01,-2.027271832211348013e+01,-2.027202425052463397e+01,-2.027127137145455293e+01,-2.027045307497967741e+01,-2.026956185922322717e+01,-2.026858919551233384e+01,-2.026752537220999528e+01,-2.026635931401490254e+01,-2.026507837314206739e+01,-2.026366808839256706e+01,-2.026211190767415005e+01,-2.026039086899977804e+01,-2.025848323426196629e+01,-2.025636406894598451e+01,-2.025400475900567798e+01,-2.025137245267620401e+01,-2.024842940883929288e+01,-2.024513222273690261e+01,-2.024143088127886969e+01,-2.023726756923376513e+01,-2.023257509726303027e+01,-2.022727474274963910e+01,-2.022127316916527562e+01,-2.021445789477058597e+01,-2.020669047490484971e+01,-2.019779606662175553e+01,-2.018754720704327710e+01,-2.017563814047888471e+01,-2.016164319067767607e+01,-2.014494695524701484e+01,-2.012462183129692050e+01,-2.009920012043147608e+01,-2.006621687721620972e+01,-2.002119944878823787e+01,-1.995512402381552519e+01,-1.990521056208332240e+01,-1.987958496338979941e+01,-1.986189902784503758e+01,-1.984887641425368088e+01,-1.983883126736652969e+01,-1.983081000161207541e+01,-1.982423467618183466e+01,-1.981873600398988700e+01,-1.981406767731844099e+01,-1.981005914141583091e+01,-1.980658806904810731e+01,-1.980356364438489081e+01,-1.980091612697345838e+01
-2.027458156441635140e+01,-2.027401544269367406e+01,-2.027340325602843762e+01,-2.027273996341357787e+01,-2.027201985157360653e+01,-2.027123643255388785e+01,-2.027038232451971567e+01,-2.026944911302427599e+01,-2.026842718962355505e+01,-2.026730556431418506e+01,-2.026607164785631809e+01,-2.026471099962829570e+01,-2.026320703624739394e+01,-2.026154069576623584e+01,-2.025969005175922533e+01,-2.025762987089632361e+01,-2.025533110634016154e+01,-2.025276031686925649e+01,-2.024987899688973059e+01,-2.024664279350341189e+01,-2.024300057037734391e+01,-2.023889324934692624e+01,-2.023425231201097674e+01,-2.022899776406433148e+01,-2.022303523866180441e+01,-2.021625171726645576e+01,-2.020850903712664604e+01,-2.019963386122548599e+01,-2.018940196599967507e+01,-2.017751325422676345e+01,-2.016355117154653342e+01,-2.014691471632464115e+01,-2.012669946038467472e+01,-2.010147690722060787e+01,-2.006885357375442780e+01,-2.002450075334315471e+01,-1.995972665503204269e+01,-1.990585979871295663e+01,-1.987955112386544698e+01,-1.986153306417103437e+01,-1.984833086886005304e+01,-1.983817956132257976e+01,-1.983009039659122408e+01,-1.982346885934660108e+01,-1.981793771628007761e+01,-1.981324691278094718e+01,-1.980922416576054701e+01,-1.980574629467061953e+01,-1.980272190349574757e+01,-1.980008065341285217e+01
-2.027520950892029106e+01,-2.027467091965474211e+01,-2.027408809446811233e+01,-2.027345612462576341e+01,-2.027276943432499579e+01,-2.027202167655281428e+01,-2.027120561131919985e+01,-2.027031296326658349e+01,-2.026933425521590948e+01,-2.026825861374332050e+01,-2.026707354240658177e+01,-2.026576465777863945e+01,-2.026431538302415092e+01,-2.026270659339305524e+01,-2.026091620769861379e+01,-2.025891871951996137e+01,-2.025668466129813083e+01,-2.025417999316955076e+01,-2.025136540527872597e+01,-2.024819551554878672e+01,-2.024461793122337383e+01,-2.024057211666129064e+01,-2.023598796375085485e+01,-2.023078388293508922e+01,-2.022486410497122122e+01,-2.021811468115314980e+01,-2.021039735398649029e+01,-2.020153997371171428e+01,-2.019132132642697997e+01,-2.017944683639724701e+01,-2.016550898743981790e+01,-2.014892105730379157e+01,-2.012880148937083291e+01,-2.010376029193852432e+01,-2.007147397167314296e+01,-2.002775451957207409e+01,-1.996423354378269366e+01,-1.990654177638218769e+01,-1.987951629443125157e+01,-1.986115501123052240e+01,-1.984776888979224907e+01,-1.983750900042139520e+01,-1.982934986246284126e+01,-1.982267998267070652e+01,-1.981711425127902970e+01,-1.981239910654306513e+01,-1.980836078797529964e+01,-1.980487544071989703e+01,-1.980185116348714303e+01,-1.979921699236434307e+01
-2.027583596231517049e+01,-2.027532523002632203e+01,-2.027477216837589324e+01,-2.027417201542314373e+01,-2.027351934987522242e+01,-2.027280798557431041e+01,-2.027203084753701745e+01,-2.027117982626393555e+01,-2.027024560652124308e+01,-2.026921746624359599e+01,-2.026808304063937882e+01,-2.026682804602937438e+01,-2.026543595746453263e+01,-2.026388763380512970e+01,-2.026216088375444002e+01,-2.026022996634083029e+01,-2.025806501943414872e+01,-2.025563140971975074e+01,-2.025288899629261508e+01,-2.024979129594209581e+01,-2.024628452805027123e+01,-2.024230649528797343e+01,-2.023778521408678799e+01,-2.023263713283537513e+01,-2.022676464679534902e+01,-2.022005241019310517e+01,-2.021236161926589503e+01,-2.020352093254843595e+01,-2.019331188684950362e+01,-2.018144530227981193e+01,-2.016752266418414763e+01,-2.015097146793441141e+01,-2.013093276134326715e+01,-2.010605434027137051e+01,-2.007408114982602854e+01,-2.003096256301173739e+01,-1.996864517246323700e+01,-1.990725794031626705e+01,-1.987947977150882650e+01,-1.986076397626077394e+01,-1.984718971383017205e+01,-1.983681885711981252e+01,-1.982858751806294251e+01,-1.982186685314517405e+01,-1.981626403363797806e+01,-1.981152232889894549e+01,-1.980746683000011998e+01,-1.980397322959490936e+01,-1.980094920291408656e+01,-1.979832311301722214e+01
-2.027646032150662947e+01,-2.027597772032869372e+01,-2.027545477051716460e+01,-2.027488687167838677e+01,-2.027426877451690856e+01,-2.027359447439659590e+01,-2.027285708566706290e+01,-2.027204869317166924e+01,-2.027116017674579140e+01,-2.027018100385113542e+01,-2.026909898479624772e+01,-2.026789998430605522e+01,-2.026656758258870639e+01,-2.026508267859825452e+01,-2.026342302802026296e+01,-2.026156270873055831e+01,-2.025947150715072809e+01,-2.025711421991477934e+01,-2.025444986599535113e+01,-2.025143080345551994e+01,-2.024800173923531332e+01,-2.024409860415343942e+01,-2.023964722892969448e+01,-2.023456168538476518e+01,-2.022874202814983136e+01,-2.022207095638739105e+01,-2.021440857214034992e+01,-2.020558388322620047e+01,-2.019538087880367172e+01,-2.018351566699158539e+01,-2.016959876947219854e+01,-2.015307193134977481e+01,-2.013309860057823997e+01,-2.010836362192074489e+01,-2.007667870508068830e+01,-2.003412713521829858e+01,-1.997296216316639672e+01,-1.990800961407245140e+01,-1.987944057303745637e+01,-1.986035889345153649e+01,-1.984659252497219128e+01,-1.983610841367228161e+01,-1.982780248033642323e+01,-1.982102820764712447e+01,-1.981538532769463856e+01,-1.981061441132712275e+01,-1.980653982982486028e+01,-1.980303709520566713e+01,-1.980001354378900658e+01,-1.979739678570833306e+01
-2.027708195802436109e+01,-2.027662770653132185e+01,-2.027613515693060009e+01,-2.027559988517863232e+01,-2.027501683170812186e+01,-2.027438019459216534e+01,-2.027368330275185571e+01,-2.027291846531039354e+01,-2.027207679248322236e+01,-2.027114798259666983e+01,-2.027012006896816487e+01,-2.026897911950319298e+01,-2.026770888104427470e+01,-2.026629035986672278e+01,-2.026470132942912628e+01,-2.026291575677548096e+01,-2.026090314008359883e+01,-2.025862775189789744e+01,-2.025604778536915873e+01,-2.025311440333257096e+01,-2.024977068962325788e+01,-2.024595049303624350e+01,-2.024157712640727169e+01,-2.023656181920909702e+01,-2.023080169600876133e+01,-2.022417682996225352e+01,-2.021654555577285706e+01,-2.020773666307606220e+01,-2.019753623901593542e+01,-2.018566559621123346e+01,-2.017174443271137818e+01,-2.015522892049959225e+01,-2.013530481019496676e+01,-2.011069324135297620e+01,-2.007927083737489227e+01,-2.003725105408912199e+01,-1.997718540043614865e+01,-1.990879793292776156e+01,-1.987939734538837300e+01,-1.985993847339694440e+01,-1.984597645091235663e+01,-1.983537698362980350e+01,-1.982699388236495963e+01,-1.982016270815494252e+01,-1.981447620597309722e+01,-1.980967289648725327e+01,-1.980557698599166727e+01,-1.980206413391978870e+01,-1.979904141708579601e+01,-1.979643556568462870e+01
-2.027770021988988702e+01,-2.027727447598082477e+01,-2.027681254886885043e+01,-2.027631020550705898e+01,-2.027576259378938417e+01,-2.027516413592965350e+01,-2.027450840125827369e+01,-2.027378795422504254e+01,-2.027299417256363867e+01,-2.027211702962045337e+01,-2.027114483379135379e+01,-2.027006391688502518e+01,-2.026885826212187780e+01,-2.026750906152442866e+01,-2.026599419188455897e+01,-2.026428759863260609e+01,-2.026235857820774910e+01,-2.026017095239412669e+01,-2.025768213282203689e+01,-2.025484208007058129e+01,-2.025159216760214775e+01,-2.024786396098037855e+01,-2.024357790673013824e+01,-2.023864187338330112e+01,-2.023294936882001238e+01,-2.022637702962881434e+01,-2.021878058643679310e+01,-2.020998789386063166e+01,-2.019978669940451965e+01,-2.018790346552630055e+01,-2.017396735747168535e+01,-2.015744937169058204e+01,-2.013755764109638235e+01,-2.011304884949892369e+01,-2.008186243939683990e+01,-2.004033786680074414e+01,-1.998131620208178560e+01,-1.990962376297871117e+01,-1.987934824035567871e+01,-1.985950113613566259e+01,-1.984534056035473526e+01,-1.983462394234528503e+01,-1.982616089656468361e+01,-1.981926893203333506e+01,-1.981353450430406582e+01,-1.980869497209973318e+01,-1.980457508842251713e+01,-1.980105104704561114e+01,-1.979802972571594211e+01,-1.979543677977347116e+01
-2.027831443384228649e+01,-2.027791728975991603e+01,-2.027748613525681520e+01,-2.027701694254371390e+01,-2.027650508443818822e+01,-2.027594522864810145e+01,-2.027533121097599533e+01,-2.027465588292811915e+01,-2.027391092825021701e+01,-2.027308664178434583e+01,-2.027217166274889237e+01,-2.027115265311681824e+01,-2.027001391027839006e+01,-2.026873690177246701e+01,-2.026729970881650544e+01,-2.026567636507776982e+01,-2.026383607822531374e+01,-2.026174232509200124e+01,-2.025935181763129123e+01,-2.025661334679390890e+01,-2.025346652417924886e+01,-2.024984045283222756e+01,-2.024565235846571554e+01,-2.024080617941574189e+01,-2.023519101082819205e+01,-2.022867907089990425e+01,-2.022112243530664344e+01,-2.021234709866280355e+01,-2.020214190348137961e+01,-2.019023843459893186e+01,-2.017627582588490398e+01,-2.015974062617878815e+01,-2.013986371776933737e+01,-2.011543662295225232e+01,-2.008445918495478111e+01,-2.004339205104639987e+01,-1.998535655450102055e+01,-1.991048760686535957e+01,-1.987929075259846456e+01,-1.985904492182404368e+01,-1.984468386176168053e+01,-1.983384876942568198e+01,-1.982530276252136758e+01,-1.981834535178357726e+01,-1.981255775590248192e+01,-1.980767738269898359e+01,-1.980353043278291381e+01,-1.979999407489413343e+01,-1.979697500690062739e+01,-1.979439751902119227e+01
-2.027892390792841582e+01,-2.027855538549005132e+01,-2.027815507568919529e+01,-2.027771916962035803e+01,-2.027724328191367675e+01,-2.027672234668131779e+01,-2.027615049205033415e+01,-2.027552088848449330e+01,-2.027482556500186917e+01,-2.027405518607820767e+01,-2.027319878047411805e+01,-2.027224341144315645e+01,-2.027117377582242597e+01,-2.026997171751242277e+01,-2.026861563908860120e+01,-2.026707979423727934e+01,-2.026533344415741666e+01,-2.026333986418933364e+01,-2.026105519426794643e+01,-2.025842714000449973e+01,-2.025539355114773343e+01,-2.025188092888713953e+01,-2.024780293412769794e+01,-2.024305896343701150e+01,-2.023753278451287585e+01,-2.023109100816107642e+01,-2.022358072464392365e+01,-2.021482485166577803e+01,-2.020461256195336830e+01,-2.019268054685015912e+01,-2.017867869643747625e+01,-2.016211032884236687e+01,-2.014222990142244640e+01,-2.011786319137074486e+01,-2.008706760573059213e+01,-2.004641925917526635e+01,-1.998930943310483954e+01,-1.991138950035123045e+01,-1.987922150465343307e+01,-1.985856737021583740e+01,-1.984400530411487651e+01,-1.983305110670486826e+01,-1.982441881670395389e+01,-1.981739029369692062e+01,-1.981154309223989429e+01,-1.980661631142829648e+01,-1.980243871616924523e+01,-1.979888892407229051e+01,-1.979587339756795572e+01,-1.979331464191471213e+01
-2.027952793445827595e+01,-2.027918798058368566e+01,-2.027881850398129160e+01,-2.027841592735481413e+01,-2.027797612313419506e+01,-2.027749431189936757e+01,-2.027696493925103738e+01,-2.027638152608746935e+01,-2.027573648601685363e+01,-2.027502090212351860e+01,-2.027422425347468504e+01,-2.027333407957906175e+01,-2.027233556850756457e+01,-2.027121105165601733e+01,-2.026993938541723139e+01,-2.026849519783302966e+01,-2.026684797751753919e+01,-2.026496098427534420e+01,-2.026278996813407218e+01,-2.026028169895722186e+01,-2.025737233550149341e+01,-2.025398570194276004e+01,-2.025003158619255217e+01,-2.024540420722902567e+01,-2.023998096959524418e+01,-2.023362144266144469e+01,-2.022616603864977591e+01,-2.021743297162223385e+01,-2.020721066626820672e+01,-2.019524087258533385e+01,-2.018118540086801005e+01,-2.016456627142285996e+01,-2.014466306472047563e+01,-2.012033548644845737e+01,-2.008969514006725632e+01,-2.004942660670863930e+01,-1.999317923204122849e+01,-1.991232890985811821e+01,-1.987913596202762889e+01,-1.985806535505534853e+01,-1.984330377975069837e+01,-1.983223083582698010e+01,-1.982350851649052004e+01,-1.981640185579061608e+01,-1.981048709157527554e+01,-1.980550722239101091e+01,-1.980129491400014174e+01,-1.979773069269175778e+01,-1.979472060897907681e+01,-1.979218479488826432e+01
-2.028012579331984355e+01,-2.027981427594432162e+01,-2.027947553227730992e+01,-2.027910622817934438e+01,-2.027870250861732870e+01,-2.027825989941964835e+01,-2.027777318756296410e+01,-2.027723627475987911e+01,-2.027664199775969323e+01,-2.027598190707191605e+01,-2.027524599370470426e+01,-2.027442235091486822e+01,-2.027349675485691805e+01,-2.027245214442792687e+01,-2.027126797670940306e+01,-2.026991943065554480e+01,-2.026837642899894121e+01,-2.026660244845567149e+01,-2.026455309410679106e+01,-2.026217442973128513e+01,-2.025940108770678449e+01,-2.025615423561634287e+01,-2.025233955271269792e+01,-2.024784545287247539e+01,-2.024254183154825526e+01,-2.023627950281047916e+01,-2.022889004580584427e+01,-2.022018477157109473e+01,-2.020994978692316124e+01,-2.019793172490400579e+01,-2.018380595398757293e+01,-2.016711616743453206e+01,-2.014716974516758796e+01,-2.012286047747902629e+01,-2.009235013007414139e+01,-2.005242300022125335e+01,-1.999697232828190252e+01,-1.991330465078125656e+01,-1.987902805405810369e+01,-1.985753484984553907e+01,-1.984257812741981297e+01,-1.983138817963183342e+01,-1.982257144083667555e+01,-1.981537774880653302e+01,-1.980938554552745501e+01,-1.980434465378064957e+01,-1.980009314313751290e+01,-1.979651380345888612e+01,-1.979351192044041241e+01,-1.979100445948943943e+01
-2.028071675564045506e+01,-2.028043346010346681e+01,-2.028012525570984081e+01,-2.027978906156396022e+01,-2.027942130829611855e+01,-2.027901784402111574e+01,-2.027857381916266988e+01,-2.027808354479081743e+01,-2.027754031765006459e+01,-2.027693620317602807e+01,-2.027626176540353597e+01,-2.027550572964905484e+01,-2.027465456009857192e+01,-2.027369192988651747e+01,-2.027259805596913722e+01,-2.027134886539171177e+01,-2.026991495425379952e+01,-2.026826029755311609e+01,-2.026634067047965715e+01,-2.026410175539012570e+01,-2.026147694250078501e+01,-2.025838489788046459e+01,-2.025472707985793619e+01,-2.025038553110810824e+01,-2.024522141487535265e+01,-2.023907477401180444e+01,-2.023176562250239030e+01,-2.022309537737775287e+01,-2.021284549368515115e+01,-2.020076699553219512e+01,-2.018655100510548195e+01,-2.016976734808596916e+01,-2.014975563641291956e+01,-2.012544475077810446e+01,-2.009504173657932213e+01,-2.005541948831175603e+01,-2.000069779863118313e+01,-1.991834399355050067e+01,-1.987888966562194071e+01,-1.985697058184636887e+01,-1.984182712814035199e+01,-1.983052383063096258e+01,-1.982160722865270230e+01,-1.981431499352312642e+01,-1.980823309929986920e+01,-1.980312195595308467e+01,-1.979882652711422963e+01,-1.979523196319562572e+01,-1.979224220674294088e+01,-1.978977003882258856e+01
-2.028130008777430504e+01,-2.028104471377419316e+01,-2.028076675759178826e+01,-2.028046339992073399e+01,-2.028013136820604601e+01,-2.027976684767196858e+01,-2.027936537181741272e+01,-2.027892168698557285e+01,-2.027842958405576113e+01,-2.027788168827307302e+01,-2.027726919558714158e+01,-2.027658154044765837e+01,-2.027580597561229325e+01,-2.027492703897833337e+01,-2.027392587563605630e+01,-2.027277937534819330e+01,-2.027145907705381944e+01,-2.026992978433213466e+01,-2.026814783247348117e+01,-2.026605895558924075e+01,-2.026359573285127880e+01,-2.026067466484935409e+01,-2.025719306746042392e+01,-2.025302618823292278e+01,-2.024802522616385403e+01,-2.024201714125160834e+01,-2.023480695464607138e+01,-2.022618212328674758e+01,-2.021591594668183234e+01,-2.020376268491520122e+01,-2.018943198664830518e+01,-2.017252637632932988e+01,-2.015242486915475340e+01,-2.012809388690011048e+01,-2.009777974089231734e+01,-2.005842960291831645e+01,-2.000436828561815972e+01,-1.992368899803186721e+01,-1.987870994770755573e+01,-1.985636548921294775e+01,-1.984104947121422668e+01,-1.982963910672598118e+01,-1.982061537014294927e+01,-1.981320935150294105e+01,-1.980702270326787939e+01,-1.980183098305338163e+01,-1.979748710012146162e+01,-1.979387818030124890e+01,-1.979090601952669459e+01,-1.978847799962796472e+01
-2.028187505558743098e+01,-2.028164721479046406e+01,-2.028139911510875848e+01,-2.028112820515775283e+01,-2.028083151801592976e+01,-2.028050558815372639e+01,-2.028014634870846677e+01,-2.027974900376485934e+01,-2.027930786868233426e+01,-2.027881616936457476e+01,-2.027826578851870210e+01,-2.027764694317580307e+01,-2.027694777276053273e+01,-2.027615381047602128e+01,-2.027524730237487915e+01,-2.027420632798287414e+01,-2.027300366385155783e+01,-2.027160531796221932e+01,-2.026996865147009785e+01,-2.026804000174329090e+01,-2.026575174093267506e+01,-2.026301877253440509e+01,-2.025973462379032952e+01,-2.025576758114429765e+01,-2.025095775889588623e+01,-2.024511648702687339e+01,-2.023802957100663846e+01,-2.022946501885927972e+01,-2.021918271742794104e+01,-2.020693774116485386e+01,-2.019246146437198419e+01,-2.017539859551463621e+01,-2.015517902695994579e+01,-2.013081159873753379e+01,-2.010057422111733771e+01,-2.006146963995819732e+01,-2.000800095531272760e+01,-1.992884619031896065e+01,-1.987847436771081178e+01,-1.985570980314088274e+01,-1.984024362645592277e+01,-1.982873612611140857e+01,-1.981959466332833841e+01,-1.981205426477212583e+01,-1.980574480098767864e+01,-1.980046178413527969e+01,-1.979606582294815453e+01,-1.979244488952435077e+01,-1.978949774795722050e+01,-1.978712509061965719e+01
-2.028244092900341755e+01,-2.028224014339071601e+01,-2.028202140546599352e+01,-2.028178243583328921e+01,-2.028152057935187003e+01,-2.028123272873370198e+01,-2.028091522964118454e+01,-2.028056376209832123e+01,-2.028017319138797703e+01,-2.027973737939815990e+01,-2.027924894439416192e+01,-2.027869895314900006e+01,-2.027807652388710125e+01,-2.027736831110025051e+01,-2.027655783338929751e+01,-2.027562459242749782e+01,-2.027454291442977308e+01,-2.027328042526907481e+01,-2.027179604845740002e+01,-2.027003739748717237e+01,-2.026793743482993193e+01,-2.026541031942081261e+01,-2.026234651865681258e+01,-2.025860760638370195e+01,-2.025402179669009683e+01,-2.024838215821177556e+01,-2.024145022419336470e+01,-2.023296724964121296e+01,-2.022267189842269275e+01,-2.021031537813684409e+01,-2.019565388313635879e+01,-2.017838767407101486e+01,-2.015801583832089960e+01,-2.013359863168432540e+01,-2.010343515655716828e+01,-2.006455882091154663e+01,-2.001161838888658195e+01,-1.993382714151278279e+01,-1.987816338270833683e+01,-1.985498936654120428e+01,-1.983940744122312339e+01,-1.982781797208354391e+01,-1.981854190184677122e+01,-1.981083890622119625e+01,-1.980438620081308443e+01,-1.979900242089613727e+01,-1.979455284252669856e+01,-1.979092425519254661e+01,-1.978801188657179111e+01,-1.978570866324917077e+01
-2.028299698676497798e+01,-2.028282268779343056e+01,-2.028263271242943944e+01,-2.028242505484159253e+01,-2.028219737483785323e+01,-2.028194692880398264e+01,-2.028167048355895119e+01,-2.028136420819819108e+01,-2.028102353737528318e+01,-2.028064299725818742e+01,-2.028021598235500278e+01,-2.027973446720402251e+01,-2.027918863110275893e+01,-2.027856636597109841e+01,-2.027785262624517060e+01,-2.027702856427925227e+01,-2.027607037381894983e+01,-2.027494773657311811e+01,-2.027362173271286494e+01,-2.027204203862949683e+01,-2.027014320649159629e+01,-2.026783983130428979e+01,-2.026502053144681170e+01,-2.026154102923864286e+01,-2.025721741582340840e+01,-2.025182207707551640e+01,-2.024508647630263525e+01,-2.023671560988155704e+01,-2.022641552827223066e+01,-2.021392510772157181e+01,-2.019902706838159645e+01,-2.018149531383702922e+01,-2.016092748549169400e+01,-2.013645152926092408e+01,-2.010637218025498285e+01,-2.006771930948602289e+01,-2.001524909093058824e+01,-1.993865106194425252e+01,-1.987775059403033495e+01,-1.985418233093057694e+01,-1.983853691619651727e+01,-1.982688875611895440e+01,-1.981744872886904574e+01,-1.980954469805185880e+01,-1.980292871596523341e+01,-1.979743919018449816e+01,-1.979293820943505366e+01,-1.978930874655209138e+01,-1.978644343422086038e+01,-1.978422713118708032e+01
-2.028354252135867597e+01,-2.028339405000186701e+01,-2.028323213318645202e+01,-2.028305503754232930e+01,-2.028286073775058185e+01,-2.028264685536938927e+01,-2.028241058223001403e+01,-2.028214858383344321e+01,-2.028185687662274006e+01,-2.028153067085358430e+01,-2.028116416778405906e+01,-2.028075029568771726e+01,-2.028028036322855954e+01,-2.027974360024991896e+01,-2.027912654390928182e+01,-2.027841221077153833e+01,-2.027757897083278138e+01,-2.027659900485349453e+01,-2.027543617920259678e+01,-2.027404311185023644e+01,-2.027235713532165207e+01,-2.027029481290595214e+01,-2.026774470551210428e+01,-2.026455838734572268e+01,-2.026054059561130671e+01,-2.025544132466327341e+01,-2.024895576095101646e+01,-2.024074065149879331e+01,-2.023045325393193394e+01,-2.021780575693803428e+01,-2.020260514939419139e+01,-2.018472155674230706e+01,-2.016389847382043499e+01,-2.013936161935759728e+01,-2.010939506385231113e+01,-2.007097617277162982e+01,-2.001892711467617758e+01,-1.994334685449854305e+01,-1.987720034536150493e+01,-1.985325242465467710e+01,-1.983762231918412766e+01,-1.982595325503822892e+01,-1.981629387006735143e+01,-1.980813955791334280e+01,-1.980134808075488095e+01,-1.979575775445803387e+01,-1.979121336593819436e+01,-1.978759209917585693e+01,-1.978478843344120719e+01,-1.978268063034719049e+01
-2.028407684404300682e+01,-2.028395345176530284e+01,-2.028381878543795125e+01,-2.028367138022705873e+01,-2.028350952215998504e+01,-2.028333119523069072e+01,-2.028313401492572865e+01,-2.028291514405447771e+01,-2.028267118532151869e+01,-2.028239804305605887e+01,-2.028209074365418019e+01,-2.028174320020980659e+01,-2.028134790093253059e+01,-2.028089549240464251e+01,-2.028037421620196668e+01,-2.027976913891693656e+01,-2.027906108824375764e+01,-2.027822516729512969e+01,-2.027722866005600011e+01,-2.027602805645122430e+01,-2.027456481236522023e+01,-2.027275932908425560e+01,-2.027050254560227316e+01,-2.026764466634390516e+01,-2.026398134440155729e+01,-2.025923997330680848e+01,-2.025307357921460749e+01,-2.024507615359171098e+01,-2.023483390078193978e+01,-2.022200961235387950e+01,-2.020642409534143624e+01,-2.018806685470690354e+01,-2.016690301632247539e+01,-2.014231522447775191e+01,-2.011251623673082989e+01,-2.007435758551110894e+01,-2.002269022577340962e+01,-1.994795380702895926e+01,-1.987646532026486668e+01,-1.985213585800362424e+01,-1.983663429350178831e+01,-1.982501457781871324e+01,-1.981502336249620910e+01,-1.980657030676134767e+01,-1.979961455305558360e+01,-1.979394588726361093e+01,-1.978937380796911327e+01,-1.978577080618385864e+01,-1.978304463201373409e+01,-1.978107201445383367e+01
-2.028459928991379613e+01,-2.028450014061550988e+01,-2.028439181462168506e+01,-2.028427310879874668e+01,-2.028414261340237346e+01,-2.028399866767471238e+01,-2.028383930385921374e+01,-2.028366217604772714e+01,-2.028346446898124711e+01,-2.028324278009602821e+01,-2.028299296549118225e+01,-2.028270993670902200e+01,-2.028238738967818122e+01,-2.028201743895739284e+01,-2.028159011810041434e+01,-2.028109268827441980e+01,-2.028050866862115598e+01,-2.027981645761078866e+01,-2.027898734612011467e+01,-2.027798261748373676e+01,-2.027674927112980896e+01,-2.027521368176361705e+01,-2.027327223401838552e+01,-2.027077779242094735e+01,-2.026752127378606261e+01,-2.026320989872943912e+01,-2.025745034597643013e+01,-2.024975727537868053e+01,-2.023961614511864582e+01,-2.022660717675585573e+01,-2.021054171329774363e+01,-2.019153924920602350e+01,-2.016990193083287863e+01,-2.014529799206630400e+01,-2.011575786220319983e+01,-2.007789570233779131e+01,-2.002657627600771661e+01,-1.995251911654874633e+01,-1.987548636730078044e+01,-1.985072255663720497e+01,-1.983546495423620470e+01,-1.982405728227890407e+01,-1.981350439848328193e+01,-1.980475932913160264e+01,-1.979769768480357328e+01,-1.979199841278522243e+01,-1.978742338914021914e+01,-1.978384639968960457e+01,-1.978121221233487503e+01,-1.977940853772008367e+01
-2.028510922293596508e+01,-2.028503339588987231e+01,-2.028495040115588210e+01,-2.028485928752538925e+01,-2.028475893871135938e+01,-2.028464803745091416e+01,-2.028452502010669534e+01,-2.028438801877071640e+01,-2.028423478676765868e+01,-2.028406260187456667e+01,-2.028386813929148857e+01,-2.028364730305476371e+01,-2.028339499962077497e+01,-2.028310482986760377e+01,-2.028276866431676595e+01,-2.028237604858966492e+01,-2.028191335803774109e+01,-2.028136257550440646e+01,-2.028069949317846010e+01,-2.027989101998876365e+01,-2.027889108029916088e+01,-2.027763427476367397e+01,-2.027602599546828444e+01,-2.027392707040161213e+01,-2.027113062913801045e+01,-2.026733028017834570e+01,-2.026208623455097069e+01,-2.025481649794924266e+01,-2.024486681542181543e+01,-2.023169010328983219e+01,-2.021505348343938380e+01,-2.019517699969861724e+01,-2.017283925494420416e+01,-2.014831274487103130e+01,-2.011916717662637666e+01,-2.008162800552327809e+01,-2.003061815344963037e+01,-1.995709111669081537e+01,-1.987419888633562337e+01,-1.984885924167969051e+01,-1.983370783435515250e+01,-1.982270808504797088e+01,-1.981147999795478398e+01,-1.980262263615541585e+01,-1.979557701840898076e+01,-1.978992395437690632e+01,-1.978538078556164947e+01,-1.978182930710944731e+01,-1.977929451067999977e+01,-1.977770523378701384e+01
-2.028560604086712971e+01,-2.028555253464740815e+01,-2.028549376758451572e+01,-2.028542902771673084e+01,-2.028535747781386078e+01,-2.028527812778718697e+01,-2.028518979969332037e+01,-2.028509108295702035e+01,-2.028498027654159230e+01,-2.028485531350697713e+01,-2.028471366151621780e+01,-2.028455219006995947e+01,-2.028436699106783792e+01,-2.028415313290346234e+01,-2.028390431835049057e+01,-2.028361240071258464e+01,-2.028326668716191961e+01,-2.028285291597104134e+01,-2.028235172309592116e+01,-2.028173629090347774e+01,-2.028096865704493723e+01,-2.027999378184665247e+01,-2.027872980704672656e+01,-2.027705182899236291e+01,-2.027476495376431131e+01,-2.027156154233542651e+01,-2.026696314132141907e+01,-2.026027624292514062e+01,-2.025065492196956285e+01,-2.023736610212678499e+01,-2.022010793275546447e+01,-2.019911817167309565e+01,-2.017564020898615595e+01,-2.015144544780574520e+01,-2.012284005917743457e+01,-2.008559643676361262e+01,-2.003483844926448754e+01,-1.996171015771025381e+01,-1.987254776867296968e+01,-1.984643277181871923e+01,-1.983083663575187572e+01,-1.981933725513097500e+01,-1.980875377840049012e+01,-1.980011863861736998e+01,-1.979325515886802833e+01,-1.978775109248079289e+01,-1.978328847400906909e+01,-1.977974728712022312e+01,-1.977729872012066537e+01,-1.977599303851559043e+01
-2.028608917999686057e+01,-2.028605691738094308e+01,-2.028602118550074707e+01,-2.028598149616535906e+01,-2.028593727328571461e+01,-2.028588783317766442e+01,-2.028583235949353281e+01,-2.028576987103038931e+01,-2.028569917998976635e+01,-2.028561883728815474e+01,-2.028552706008323625e+01,-2.028542163453964875e+01,-2.028529978360373320e+01,-2.028515798451959284e+01,-2.028499171286189195e+01,-2.028479507701318596e+01,-2.028456028577128478e+01,-2.028427685573848649e+01,-2.028393040231682320e+01,-2.028350074536724179e+01,-2.028295885208538607e+01,-2.028226174297381590e+01,-2.028134371468019381e+01,-2.028010072052263268e+01,-2.027836189498181696e+01,-2.027583772094192582e+01,-2.027203251733905986e+01,-2.026613671072225387e+01,-2.025704037203617958e+01,-2.024373630480553388e+01,-2.022588668775859944e+01,-2.020376430611663920e+01,-2.017824053458151567e+01,-2.015508182008273153e+01,-2.012692659539728268e+01,-2.008983776869911608e+01,-2.003924509257084807e+01,-1.996640252891529954e+01,-1.987050304525035571e+01,-1.984346595942235680e+01,-1.982725177732433863e+01,-1.981544433807569661e+01,-1.980547311977493763e+01,-1.979728276692008748e+01,-1.979076319191753086e+01,-1.978552938546245699e+01,-1.978122211418064325e+01,-1.977767072512079594e+01,-1.977523736121641562e+01,-1.977434021188394553e+01
-2.028655811962559596e+01,-2.028654595342816336e+01,-2.028653198212318998e+01,-2.028651592318982466e+01,-2.028649744045485903e+01,-2.028647613166343078e+01,-2.028645151257581247e+01,-2.028642299643295388e+01,-2.028638986717983173e+01,-2.028635124417272095e+01,-2.028630603511601649e+01,-2.028625287249632692e+01,-2.028619002651473835e+01,-2.028611528396946184e+01,-2.028602577686223896e+01,-2.028591773519228525e+01,-2.028578612272441006e+01,-2.028562408733000666e+01,-2.028542210877902718e+01,-2.028516663634613337e+01,-2.028483783360786674e+01,-2.028440569460346765e+01,-2.028382304952562265e+01,-2.028301233201460008e+01,-2.028183923262416855e+01,-2.028005795498312835e+01,-2.027719723835997101e+01,-2.027235591892971200e+01,-2.026405925236232264e+01,-2.025085094589019974e+01,-2.023248478174552289e+01,-2.020970062632306963e+01,-2.018387402430073863e+01,-2.015999719009936442e+01,-2.013154633542006167e+01,-2.009436075170333780e+01,-2.004382865738780595e+01,-1.997118158147958766e+01,-1.986806508558695938e+01,-1.984007325601225347e+01,-1.982337120629982863e+01,-1.981144837848770734e+01,-1.980189159444293168e+01,-1.979419913990617630e+01,-1.978815221541047720e+01,-1.978332106367904331e+01,-1.977928650936266308e+01,-1.977579075581961376e+01,-1.977315045319276976e+01,-1.977289389871551606e+01
-2.028701238620924485e+01,-2.028701910598674374e+01,-2.028702554640228684e+01,-2.028703161011928557e+01,-2.028703717664095052e+01,-2.028704209632545030e+01,-2.028704618261517112e+01,-2.028704920185748506e+01,-2.028705085984180556e+01,-2.028705078380504645e+01,-2.028704849810042887e+01,-2.028704339087613917e+01,-2.028703466779413134e+01,-2.028702128673253213e+01,-2.028700186403110806e+01,-2.028697453720404553e+01,-2.028693675938919583e+01,-2.028688498371143467e+01,-2.028681416435692952e+01,-2.028671694109300816e+01,-2.028658225343633603e+01,-2.028639287530547008e+01,-2.028612078528265528e+01,-2.028571789483028454e+01,-2.028509601624505265e+01,-2.028407969560300117e+01,-2.028228568555872613e+01,-2.027881264699041353e+01,-2.027171044493297103e+01,-2.025865410148325552e+01,-2.023972583135094183e+01,-2.021669594481105747e+01,-2.019156505071849850e+01,-2.016602767258154216e+01,-2.013663410538059750e+01,-2.009912201286955380e+01,-2.004856193762931227e+01,-1.997605416011557011e+01,-1.986526009896851619e+01,-1.983637749054727806e+01,-1.981936231391453518e+01,-1.980742801525676455e+01,-1.979817090199000518e+01,-1.979094965391055538e+01,-1.978547899073018357e+01,-1.978118606261854850e+01,-1.977757050964602570e+01,-1.977441473214787493e+01,-1.977214521511870871e+01,-1.977183130706092840e+01
-2.028745155710010195e+01,-2.028747589664356710e+01,-2.028750133453975479e+01,-2.028752793606638605e+01,-2.028755576952795892e+01,-2.028758490571752304e+01,-2.028761541700565019e+01,-2.028764737588062772e+01,-2.028768085267976318e+01,-2.028771591212326797e+01,-2.028775260806346736e+01,-2.028779097554959421e+01,-2.028783101880851802e+01,-2.028787269292433493e+01,-2.028791587563422993e+01,-2.028796032331499077e+01,-2.028800560109692341e+01,-2.028805096948600806e+01,-2.028809519553895768e+01,-2.028813622820360152e+01,-2.028817061805408528e+01,-2.028819242981782267e+01,-2.028819108125199833e+01,-2.028814672048391543e+01,-2.028801936456545363e+01,-2.028772007183544801e+01,-2.028702134702996673e+01,-2.028522385147195806e+01,-2.027994365402278021e+01,-2.026691163790597727e+01,-2.024709301421205865e+01,-2.022379554610737529e+01,-2.019872992613623452e+01,-2.017224286801307187e+01,-2.014194110462570819e+01,-2.010402500377490398e+01,-2.005340273258097028e+01,-1.998102661488828247e+01,-1.986678560414482675e+01,-1.983248782327385129e+01,-1.981533588231260978e+01,-1.980347117836881665e+01,-1.979442420233374378e+01,-1.978759060851221463e+01,-1.978280335492283371e+01,-1.977917470778961118e+01,-1.977608821920349413e+01,-1.977346203479966746e+01,-1.977169182212939802e+01,-1.977110449017222749e+01
-2.028787526382036077e+01,-2.028791590933621691e+01,-2.028795887481416571e+01,-2.028800436384716122e+01,-2.028805260448223535e+01,-2.028810385298727681e+01,-2.028815839832954282e+01,-2.028821656752456803e+01,-2.028827873205424837e+01,-2.028834531560400123e+01,-2.028841680343225917e+01,-2.028849375376547925e+01,-2.028857681170772764e+01,-2.028866672626429946e+01,-2.028876437119143361e+01,-2.028887077046191578e+01,-2.028898712908676671e+01,-2.028911486962196875e+01,-2.028925567334454527e+01,-2.028941152136487247e+01,-2.028958472111442290e+01,-2.028977787746628891e+01,-2.028999369507718242e+01,-2.029023428198556900e+01,-2.029049890719595695e+01,-2.029077639445389281e+01,-2.029101486504167795e+01,-2.029095693442224402e+01,-2.028860262348436549e+01,-2.027496681850327676e+01,-2.025378154572420897e+01,-2.023022236413526542e+01,-2.020511874892522997e+01,-2.017811161138035914e+01,-2.014718849259661582e+01,-2.010894595238822191e+01,-2.005829992380181181e+01,-1.998610659737161299e+01,-1.987202189549444853e+01,-1.982850141174343861e+01,-1.981139679731619907e+01,-1.979970225318857047e+01,-1.979080315155411185e+01,-1.978415466204678452e+01,-1.978022154556718348e+01,-1.977733939327222146e+01,-1.977479913320516403e+01,-1.977266083183835832e+01,-1.977119916790582010e+01,-1.977053018707911747e+01
-2.028828319481338838e+01,-2.028833879367511628e+01,-2.028839777161915947e+01,-2.028846044492478384e+01,-2.028852717065139188e+01,-2.028859835346289486e+01,-2.028867445388041446e+01,-2.028875599832803900e+01,-2.028884359144765881e+01,-2.028893793131027579e+01,-2.028903982836016695e+01,-2.028915022921846401e+01,-2.028927024688347558e+01,-2.028940119945304588e+01,-2.028954466035065352e+01,-2.028970252430444887e+01,-2.028987709524110983e+01,-2.029007120520006069e+01,-2.029028837800651530e+01,-2.029053305890963088e+01,-2.029081094375222705e+01,-2.029112946228743297e+01,-2.029149850722977888e+01,-2.029193156773460771e+01,-2.029244755192856431e+01,-2.029307382642602064e+01,-2.029385147343195683e+01,-2.029484453242728392e+01,-2.029614608883804294e+01,-2.028080830165106363e+01,-2.025885295146614240e+01,-2.023546529899095248e+01,-2.021054148022941632e+01,-2.018338181051042923e+01,-2.015216206614669758e+01,-2.011376537324555613e+01,-2.006320099440837623e+01,-1.999130074747467489e+01,-1.987758714880464339e+01,-1.982449864978960363e+01,-1.980763838505270158e+01,-1.979626791591842760e+01,-1.978760790659467617e+01,-1.978068639896153869e+01,-1.977797228453544776e+01,-1.977574438600749218e+01,-1.977366723942635218e+01,-1.977191316781875940e+01,-1.977067487265143697e+01,-1.977000626123438565e+01
-2.028867509762692123e+01,-2.028874426756733484e+01,-2.028881770863729628e+01,-2.028889582327552432e+01,-2.028897906570893284e+01,-2.028906795052359158e+01,-2.028916306299101890e+01,-2.028926507158245585e+01,-2.028937474322894019e+01,-2.028949296205234276e+01,-2.028962075251668651e+01,-2.028975930825296814e+01,-2.028991002822419532e+01,-2.029007456246336716e+01,-2.029025487039451292e+01,-2.029045329581066426e+01,-2.029067266402494951e+01,-2.029091640860506374e+01,-2.029118873741046514e+01,-2.029149484989918761e+01,-2.029184121794575191e+01,-2.029223593417868798e+01,-2.029268909324822800e+01,-2.029321302610598110e+01,-2.029382166214823613e+01,-2.029452603742915429e+01,-2.029531154252814673e+01,-2.029599908074268200e+01,-2.029476968253207758e+01,-2.028195940071975656e+01,-2.026174540528747769e+01,-2.023928040995566491e+01,-2.021489986548842666e+01,-2.018793289803393520e+01,-2.015672631471268517e+01,-2.011838831028273589e+01,-2.006805843219230567e+01,-1.999661053140826894e+01,-1.988353943851574357e+01,-1.982053093474923244e+01,-1.980411544287447967e+01,-1.979326271957724614e+01,-1.978517099984071237e+01,-1.977916521988060339e+01,-1.977638226271938393e+01,-1.977443036959423850e+01,-1.977267167953847959e+01,-1.977119900817368148e+01,-1.977013117595070923e+01,-1.976949520885534284e+01
