-4.585503431484512227e+00,-4.598712727807622080e+00,-4.614760741192661442e+00,-4.633757255171543576e+00,-4.655754717723271874e+00,-4.680763857606125455e+00,-4.708774317193254788e+00,-4.739775738076455802e+00,-4.773776443382010015e+00,-4.810818879102764178e+00,-4.850992437720880623e+00,-4.894445024863659732e+00,-4.941394972460428470e+00,-4.992144950282119353e+00,-5.047099610424059080e+00,-5.106788966786112383e+00,-5.171900084331928937e+00,-5.243320680277758328e+00,-5.322199967058885761e+00,-5.410034934596370526e+00,-5.508795086276422559e+00,-5.621106939105189326e+00,-5.750534368927983309e+00,-5.902018248742785467e+00,-6.082591964645768456e+00,-6.302598406278707266e+00,-6.577872840354104689e+00,-6.933922598975369667e+00,-7.414618325402513754e+00,-8.102324908323812025e+00,-9.171975978014991426e+00,-1.107196358266874192e+01,-1.232525198610695760e+01,-1.260820819150723260e+01,-1.277455970184847445e+01,-1.288438483663403389e+01,-1.296251627721347432e+01,-1.302108389364334329e+01,-1.306671827765240401e+01,-1.310335176253250822e+01,-1.313346570918357514e+01,-1.315870437344252153e+01,-1.318020127820463472e+01,-1.319876374465530233e+01,-1.321498260729963725e+01,-1.322930024597455656e+01,-1.324205431202811312e+01,-1.325350672622848336e+01,-1.326386345408218759e+01,-1.327328833896286753e+01
-4.581609390658258896e+00,-4.594980985378077420e+00,-4.611405077964009003e+00,-4.630988971672814536e+00,-4.653767891309536608e+00,-4.679726657911271737e+00,-4.708826909563439855e+00,-4.741033292485232309e+00,-4.776335095579175238e+00,-4.814762841931764292e+00,-4.856401196662287312e+00,-4.901400234216674257e+00,-4.949987146598321175e+00,-5.002480341639024886e+00,-5.059307864764289953e+00,-5.121032332166945089e+00,-5.188385200756152393e+00,-5.262314375718431414e+00,-5.344051148003852170e+00,-5.435205777617186484e+00,-5.537906660594717145e+00,-5.655007787940919961e+00,-5.790406791754568516e+00,-5.949548884383570879e+00,-6.140257075800162667e+00,-6.374165008183012127e+00,-6.669333151795767023e+00,-7.055370908939884167e+00,-7.584397392043117136e+00,-8.357427408287422921e+00,-9.599269940521349298e+00,-1.193197352559679203e+01,-1.242314757462975550e+01,-1.266277724896150403e+01,-1.280936682180933595e+01,-1.290857631759756607e+01,-1.298036617278482829e+01,-1.303485043039310654e+01,-1.307770392159595652e+01,-1.311235896431570325e+01,-1.314101510873221912e+01,-1.316514825255341492e+01,-1.318578651915002276e+01,-1.320366865271269496e+01,-1.321933939150502724e+01,-1.323320923723895959e+01,-1.324559322210579992e+01,-1.325673682661817132e+01,-1.326683378741126518e+01,-1.327603864514152399e+01
-4.577612509060480228e+00,-4.591150422549161725e+00,-4.607986804357863342e+00,-4.628222932157044944e+00,-4.651869003561854399e+00,-4.678874877322703796e+00,-4.709166413386520311e+00,-4.742677986140912516e+00,-4.779377126716659596e+00,-4.819281722506659982e+00,-4.862472349979020336e+00,-4.909102714892413566e+00,-4.959410830819246385e+00,-5.013733169778592291e+00,-5.072523885267810506e+00,-5.136381461544329063e+00,-5.206085871069077164e+00,-5.282650681055381270e+00,-5.367396856547681061e+00,-5.462058870961234547e+00,-5.568940314589905682e+00,-5.691147732680300386e+00,-5.832952437480150465e+00,-6.000370017815910728e+00,-6.202127359455073652e+00,-6.451357524587927550e+00,-6.768753610003733989e+00,-7.188892705139601880e+00,-7.774196217591092584e+00,-8.649996116250392220e+00,-1.011047555279381704e+01,-1.212866946702178339e+01,-1.250438224031853807e+01,-1.271016662655252460e+01,-1.284045015850439420e+01,-1.293059717325650482e+01,-1.299684592149218432e+01,-1.304770118290145930e+01,-1.308805075139000706e+01,-1.312090562831376417e+01,-1.314822370260822204e+01,-1.317133451321143767e+01,-1.319117356580940914e+01,-1.320841882706473847e+01,-1.322357389851297427e+01,-1.323702066718526282e+01,-1.324905375314058631e+01,-1.325990372005476914e+01,-1.326975314154259422e+01,-1.327874800644337761e+01
-4.573509313410419885e+00,-4.587217611985716204e+00,-4.604510298733996088e+00,-4.625477027888805992e+00,-4.650091706503323152e+00,-4.678257042076801930e+00,-4.709853515193500151e+00,-4.744779455919321265e+00,-4.782978282787724744e+00,-4.824455274269363159e+00,-4.869288343419425402e+00,-4.917636973898652286e+00,-4.969752508535287383e+00,-5.025992240193054350e+00,-5.086839506336692018e+00,-5.152932273079659176e+00,-5.225103552182490674e+00,-5.304438581927049867e+00,-5.392356385407279795e+00,-5.490727823148071174e+00,-5.602049977662636238e+00,-5.729710381582349576e+00,-5.878399796475744843e+00,-6.054780872333219044e+00,-6.268619075645145422e+00,-6.534797489523971770e+00,-6.877142508353989214e+00,-7.336294533491948933e+00,-7.987681672238555741e+00,-8.988845400221368465e+00,-1.073295470485478376e+01,-1.226249568656361433e+01,-1.257284335632041206e+01,-1.275169372665646250e+01,-1.286837457901418169e+01,-1.295072967284603216e+01,-1.301211275393404065e+01,-1.305973118229984919e+01,-1.309781998868791142e+01,-1.312903325833420887e+01,-1.315512080740197831e+01,-1.317728455921496611e+01,-1.319637846353033872e+01,-1.321302655336966758e+01,-1.322769569954230739e+01,-1.324074210518481465e+01,-1.325244197791485590e+01,-1.326301235341072982e+01,-1.327262561646342398e+01,-1.328141988909186288e+01
-4.569296398622272548e+00,-4.583179154829209345e+00,-4.600982628570313260e+00,-4.622775904879617315e+00,-4.648480131439511887e+00,-4.677934461565057767e+00,-4.710962414738251169e+00,-4.747420413414891627e+00,-4.787226310964353360e+00,-4.830373972583668518e+00,-4.876941129391659580e+00,-4.927096012209033482e+00,-4.981106401977639209e+00,-5.039353610941498474e+00,-5.102353592599090604e+00,-5.170787753045631874e+00,-5.245547077537431768e+00,-5.327795056256179329e+00,-5.419058023536218016e+00,-5.521356786318647458e+00,-5.637402500699970176e+00,-5.770896006654537835e+00,-5.927000153176824604e+00,-6.113114041151417766e+00,-6.340201275182992369e+00,-6.625197660919251774e+00,-6.995682715056622314e+00,-7.499760599951241780e+00,-8.229476454237197203e+00,-9.385801534314664352e+00,-1.150745709072677059e+01,-1.237022633911073299e+01,-1.263129646777168702e+01,-1.278837324009150045e+01,-1.289359749479203643e+01,-1.296921054130934969e+01,-1.302630207125178607e+01,-1.307102402229678084e+01,-1.310706645066161080e+01,-1.313677958373405552e+01,-1.316173342162975501e+01,-1.318301831875562691e+01,-1.320141628550453738e+01,-1.321750345365077095e+01,-1.323171389570707568e+01,-1.324438077554729531e+01,-1.325576370867848119e+01,-1.326606747407752529e+01,-1.327545516044905227e+01,-1.328405764782833387e+01
-4.564970596239540157e+00,-4.579031831834445398e+00,-4.597414962017429829e+00,-4.620153943402176999e+00,-4.647092751701438651e+00,-4.677985040115109072e+00,-4.712583972260059539e+00,-4.750698933872666174e+00,-4.792222467692975663e+00,-4.837139925825153064e+00,-4.885532671496606305e+00,-4.937581579401773446e+00,-4.993574592690465330e+00,-5.053920660310900814e+00,-5.119172110525577857e+00,-5.190058073119482529e+00,-5.267532855033809192e+00,-5.352845388982144570e+00,-5.447639534486852675e+00,-5.554101169913632674e+00,-5.675178726973848065e+00,-5.814923194454443944e+00,-5.979030249543295206e+00,-6.175740061065019049e+00,-6.417404290296831348e+00,-6.723379340877568389e+00,-7.125771285929616283e+00,-7.681957352289694896e+00,-8.505493373862229589e+00,-9.857112093699278432e+00,-1.204130729032325853e+01,-1.245875741620643495e+01,-1.268176310903568726e+01,-1.282099967694304610e+01,-1.291649351394895362e+01,-1.298624001198515998e+01,-1.303953129831415403e+01,-1.308165369384399845e+01,-1.311583950510387631e+01,-1.314417909434765974e+01,-1.316808654380260180e+01,-1.318855444257663301e+01,-1.320630126027200824e+01,-1.322186056973658097e+01,-1.323563717274446461e+01,-1.324794359312704017e+01,-1.325902452014611299e+01,-1.326907364508066145e+01,-1.327824558082249773e+01,-1.328666453488839316e+01
-4.560529271918677630e+00,-4.574772873800675654e+00,-4.593824878096876674e+00,-4.617659828833934554e+00,-4.646007852904986635e+00,-4.678508208523570744e+00,-4.714829397001980560e+00,-4.754730855674017320e+00,-4.798082895176858820e+00,-4.844867553767001844e+00,-4.895175197651485455e+00,-4.949204197852922427e+00,-5.007266947364503729e+00,-5.069803998115785859e+00,-5.137408079483338774e+00,-5.210860619227771551e+00,-5.291185005715104417e+00,-5.379723455836352031e+00,-5.478248634497155045e+00,-5.589128392783674570e+00,-5.715574658764183802e+00,-5.862030690270418454e+00,-6.034795328833701511e+00,-6.243072762255876818e+00,-6.500829927267181674e+00,-6.830293815867493734e+00,-7.269070409105120589e+00,-7.886174912445438778e+00,-8.823420594989052290e+00,-1.042572873031457981e+01,-1.219102534117419268e+01,-1.253275135312378552e+01,-1.272575561050150128e+01,-1.285020432659629641e+01,-1.293737263201473553e+01,-1.300198882604483508e+01,-1.305190296927059457e+01,-1.309168609626883573e+01,-1.312418387639618089e+01,-1.315126350194401539e+01,-1.317420345246247493e+01,-1.319391048161944369e+01,-1.321104688764155988e+01,-1.322610843969716576e+01,-1.323947385107537933e+01,-1.325143719548867338e+01,-1.326222976981101276e+01,-1.327203525815168916e+01,-1.328100055335593233e+01,-1.328924370837763114e+01
-4.555970868832329934e+00,-4.570400459992293385e+00,-4.590240293992996712e+00,-4.615363709490138966e+00,-4.645331273206957157e+00,-4.679631151246510967e+00,-4.717834346913905463e+00,-4.759652058881143510e+00,-4.804939647328948737e+00,-4.853683865087216276e+00,-4.905991085104545846e+00,-4.962082879858457751e+00,-5.022300800193852055e+00,-5.087121190020627459e+00,-5.157181383201247193e+00,-5.233319920284948523e+00,-5.316635436415404925e+00,-5.408571972973468256e+00,-5.511043470530764488e+00,-5.626618678489131220e+00,-5.758802732388748069e+00,-5.912479464688407127e+00,-6.094632625899463640e+00,-6.315575552899722389e+00,-6.591163772570465262e+00,-6.947049106191926171e+00,-7.427573650670130867e+00,-8.116521448933369243e+00,-9.193443829835846515e+00,-1.112516745562010101e+01,-1.231001300996501513e+01,-1.259547404149366834e+01,-1.276442830249320437e+01,-1.287649543730911184e+01,-1.295649385546415466e+01,-1.301660370349529927e+01,-1.306350721966070871e+01,-1.310118029123346695e+01,-1.313214033063631625e+01,-1.315806214153939457e+01,-1.318010595507179517e+01,-1.319910304802349188e+01,-1.321566604532706179e+01,-1.323025716866642476e+01,-1.324323193200576476e+01,-1.325486797205739542e+01,-1.326538461577198547e+01,-1.327495654485846366e+01,-1.328372363042883819e+01,-1.329179824024922141e+01
-4.551295951850191202e+00,-4.565914681919409190e+00,-4.586706444606384103e+00,-4.613368613735045365e+00,-4.645207228100243668e+00,-4.681516317828503304e+00,-4.721763070265049045e+00,-4.765620222601480549e+00,-4.812941055428946235e+00,-4.863728126505672655e+00,-4.918112248510051465e+00,-4.976344461025878019e+00,-5.038800347219489772e+00,-5.105996269349001082e+00,-5.178618427140849079e+00,-5.257567468754968054e+00,-5.344023842253288414e+00,-5.439542711215879400e+00,-5.546193099969939588e+00,-5.666765899949156804e+00,-5.805093216465908590e+00,-5.966555036407288348e+00,-6.158915383167819613e+00,-6.393768834598880346e+00,-6.689190140811885676e+00,-7.074943622148682110e+00,-7.603693140972937137e+00,-8.378195138663816266e+00,-9.629352424169248081e+00,-1.194131135590665771e+01,-1.240676160996398991e+01,-1.264928174211457801e+01,-1.279867789945913437e+01,-1.290028711344117696e+01,-1.297407554289464926e+01,-1.303021166255127916e+01,-1.307442381554244193e+01,-1.311018955092677629e+01,-1.313974626251977362e+01,-1.316460232356098103e+01,-1.318581461166987268e+01,-1.320414796295679594e+01,-1.322017108846571531e+01,-1.323431649540483157e+01,-1.324691914086265143e+01,-1.325824209065744341e+01,-1.326849403224058221e+01,-1.327784158587352437e+01,-1.328641824806463845e+01,-1.329433112413243556e+01
-4.546509361330502763e+00,-4.561319540585365040e+00,-4.583298939075669765e+00,-4.611828875143785922e+00,-4.645832970145298724e+00,-4.684369723260872753e+00,-4.726811823839902615e+00,-4.772815447617404949e+00,-4.822251037140008023e+00,-4.875150693403830893e+00,-4.931678905490573861e+00,-4.992122484273184391e+00,-5.056895719522765731e+00,-5.126559020281697521e+00,-5.201851634377952394e+00,-5.283741430052650401e+00,-5.373497638376522723e+00,-5.472796676055834197e+00,-5.583877975332587340e+00,-5.709778481082189217e+00,-5.854695750517459274e+00,-6.024570090676288459e+00,-6.228057487107003354e+00,-6.478238792033411464e+00,-6.795810347974426513e+00,-7.215508896747911294e+00,-7.800375847092504422e+00,-8.677872415375979642e+00,-1.015029051899009005e+01,-1.210948074062013724e+01,-1.248689681279821428e+01,-1.269591760794361512e+01,-1.282921193462465759e+01,-1.292192046124200466e+01,-1.299030335127339519e+01,-1.304292346146126214e+01,-1.308472381831153264e+01,-1.311876224062642926e+01,-1.314703620216549496e+01,-1.317090964604594561e+01,-1.319134893847991563e+01,-1.320906039450534131e+01,-1.322457394414176868e+01,-1.323829585598190661e+01,-1.325054296788127317e+01,-1.326156552183708648e+01,-1.327156282287030287e+01,-1.328069431844158999e+01,-1.328908773198321924e+01,-1.329684528332936644e+01
-4.541625111625426925e+00,-4.556627507075397432e+00,-4.580149620564666790e+00,-4.610979725856943823e+00,-4.647477241118669333e+00,-4.688448541889741250e+00,-4.733210241325416234e+00,-4.781438915872922024e+00,-4.833046904956076695e+00,-4.888110784927660823e+00,-4.946837621583465960e+00,-5.009555594339060391e+00,-5.076721721824367428e+00,-5.148944030366387814e+00,-5.227018782190698154e+00,-5.311986244200443075e+00,-5.405211824538893595e+00,-5.508504257229671630e+00,-5.624290439119526752e+00,-5.755880364521635428e+00,-5.907881043346263183e+00,-6.086867438930278595e+00,-6.302518838848373051e+00,-6.569647860626118607e+00,-6.912065201884972865e+00,-7.370564378863656785e+00,-8.021260908894975117e+00,-9.024274947321012874e+00,-1.078363941783390345e+01,-1.224128036137882347e+01,-1.255429401768216735e+01,-1.273669935540052123e+01,-1.285659651019985006e+01,-1.294167930470641004e+01,-1.300533641026101961e+01,-1.305483636452478002e+01,-1.309447096049388470e+01,-1.312694256719030150e+01,-1.315404225664932447e+01,-1.317700827465482050e+01,-1.319672759612522128e+01,-1.321385498872934505e+01,-1.322888620309188923e+01,-1.324220444605285074e+01,-1.325411070772589284e+01,-1.326484406139265815e+01,-1.327459563202841331e+01,-1.328351854209017269e+01,-1.329173530283554783e+01,-1.329934357939460554e+01
-4.536679168562830711e+00,-4.551871471846998141e+00,-4.577500791838168936e+00,-4.611182797244285148e+00,-4.650499860806220909e+00,-4.694064810511334507e+00,-4.741218709644632767e+00,-4.791708643259756428e+00,-4.845515273952821111e+00,-4.902773057020122671e+00,-4.963738595425324363e+00,-5.028785444571135521e+00,-5.098416250909089342e+00,-5.173289528289315875e+00,-5.254262193052229080e+00,-5.342452130414725886e+00,-5.439328790591548390e+00,-5.546845354386126026e+00,-5.667635235506440772e+00,-5.805312055733542920e+00,-5.964942752876948084e+00,-6.153823372124811009e+00,-6.382811595535575755e+00,-6.668747253606200687e+00,-7.039162884384243313e+00,-7.542288445227405269e+00,-8.270896002972468963e+00,-9.429019286358697016e+00,-1.156998647080941822e+01,-1.234722391873488156e+01,-1.261171045089226972e+01,-1.277264201323404968e+01,-1.288129030576411971e+01,-1.295980203034821265e+01,-1.301931216851476236e+01,-1.306603638236860476e+01,-1.310372279037543564e+01,-1.313477121843220807e+01,-1.316079449831474157e+01,-1.318292119719083466e+01,-1.320196856676557395e+01,-1.321854599700534649e+01,-1.323311921093038279e+01,-1.324605128338485471e+01,-1.325762949864892626e+01,-1.326808335154319174e+01,-1.327759695411355878e+01,-1.328631792261204936e+01,-1.329436408083280341e+01,-1.330182882185194515e+01
-4.531770187865060251e+00,-4.547143117682908020e+00,-4.575822964120546565e+00,-4.612986811472000959e+00,-4.655363816565644797e+00,-4.701579942374467969e+00,-4.751119482049213083e+00,-4.803851530448318030e+00,-4.859845861655124111e+00,-4.919302969952866533e+00,-4.982532237113726836e+00,-5.049954174134007268e+00,-5.122118442274032901e+00,-5.199736043298662125e+00,-5.283727806039167696e+00,-5.375294512686295434e+00,-5.476018075317231393e+00,-5.588009487789621588e+00,-5.714130046836251253e+00,-5.858331754709649175e+00,-6.026199571171789948e+00,-6.225851467951927454e+00,-6.469507446854271038e+00,-6.776392030301725988e+00,-7.178513787183034012e+00,-7.733311511515210235e+00,-8.555040277149572603e+00,-9.907928470509897778e+00,-1.201674685596825576e+01,-1.243412691543978355e+01,-1.266116183140589158e+01,-1.280454052056236236e+01,-1.290366924530061787e+01,-1.297649062766028472e+01,-1.303235023251253111e+01,-1.307660009914844146e+01,-1.311253163020147383e+01,-1.314228591318283534e+01,-1.316732130978571824e+01,-1.318867045847894737e+01,-1.320708932427543836e+01,-1.322314740292176438e+01,-1.323728416152546039e+01,-1.324984527258120082e+01,-1.326110636248937524e+01,-1.327128890127847782e+01,-1.328057114100937497e+01,-1.328909599433592170e+01,-1.329697709005440309e+01,-1.330430377980115608e+01
-4.527236924668734730e+00,-4.542762887546541783e+00,-4.576054105013316331e+00,-4.617177153625578789e+00,-4.662622003117364855e+00,-4.711383618191950617e+00,-4.763199821674577450e+00,-4.818091502323680331e+00,-4.876223346644107615e+00,-4.937861159116653020e+00,-5.003365209423939142e+00,-5.073201578004232992e+00,-5.147966629163029495e+00,-5.228424942881495951e+00,-5.315564166210175578e+00,-5.410673390990957898e+00,-5.515456094641583817e+00,-5.632195904751321258e+00,-5.764006063470175079e+00,-5.915216586634533869e+00,-6.091997539944070006e+00,-6.303406920583825901e+00,-6.563246125336840819e+00,-6.893559318634457256e+00,-7.331774401123253959e+00,-7.946839691097635772e+00,-8.881097133549763711e+00,-1.048312775867333890e+01,-1.216293608552044070e+01,-1.250660194523030988e+01,-1.270415642653130739e+01,-1.283302670109213572e+01,-1.292404468240936488e+01,-1.299191766786828595e+01,-1.304455543214070978e+01,-1.308659617190910751e+01,-1.312094538263553467e+01,-1.314952187774231440e+01,-1.317364969386091467e+01,-1.319427738080902124e+01,-1.321210700153857864e+01,-1.322767305229665880e+01,-1.324139219561395819e+01,-1.325359527439193741e+01,-1.326454824701106361e+01,-1.327446610652010683e+01,-1.328352240775597970e+01,-1.329185616069178977e+01,-1.329957726282957609e+01,-1.330677119645327089e+01
-4.524834354797023117e+00,-4.540474948311599590e+00,-4.579893103815165567e+00,-4.624731089983132648e+00,-4.672855990170525331e+00,-4.723853277418689878e+00,-4.777727521946752098e+00,-4.834634597968232583e+00,-4.894817968092337601e+00,-4.958597264370546043e+00,-5.026376221842696168e+00,-5.098662152542527082e+00,-5.176096229420383388e+00,-5.259496921879088127e+00,-5.349921378404614458e+00,-5.448752687454438082e+00,-5.557825857494584021e+00,-5.679613693170064259e+00,-5.817508595234589741e+00,-5.976263942282964869e+00,-6.162712622870528456e+00,-6.386991470882746214e+00,-6.664745391099970107e+00,-7.021370477580858527e+00,-7.500903114449822162e+00,-8.186821354337769918e+00,-9.258746766723472632e+00,-1.118653188775071072e+01,-1.227903006964196209e+01,-1.256788281346979907e+01,-1.274184574812314885e+01,-1.285860942790481509e+01,-1.294267700370349949e+01,-1.300623174596149312e+01,-1.305602028602485198e+01,-1.309608656693790962e+01,-1.312900821235981574e+01,-1.315651226109529226e+01,-1.317980555499601536e+01,-1.319976277463082681e+01,-1.321703855901632707e+01,-1.323213679036161849e+01,-1.324545450840936489e+01,-1.325731018264429295e+01,-1.326796207252592907e+01,-1.327762027091638686e+01,-1.328645483651948744e+01,-1.329460169307275486e+01,-1.330216744475389312e+01,-1.330923380804594380e+01
-4.530870221834304878e+00,-4.547020047757576400e+00,-4.589444930098792064e+00,-4.636575288269847661e+00,-4.686561416128018465e+00,-4.739299081476858078e+00,-4.794922555746559567e+00,-4.853653181104576220e+00,-4.915776065123566241e+00,-4.981643886663480458e+00,-5.051691959850162839e+00,-5.126462241328156644e+00,-5.206637695265371235e+00,-5.293090525622592857e+00,-5.386950076308459678e+00,-5.489699598594816266e+00,-5.603316687891036985e+00,-5.730481912831153046e+00,-5.874897731186626615e+00,-6.041792937138653841e+00,-6.238753561106769929e+00,-6.477159025181634888e+00,-6.774812783864805787e+00,-7.161118215266960796e+00,-7.688231853106556102e+00,-8.458175001822690220e+00,-9.700894963349734113e+00,-1.191240967871413226e+01,-1.237329072118084383e+01,-1.262030449132713450e+01,-1.277512458184029143e+01,-1.288170348932126608e+01,-1.295978593832019676e+01,-1.301956176232074824e+01,-1.306682699547523896e+01,-1.310512758255629606e+01,-1.313676112349806147e+01,-1.316328849844291682e+01,-1.318581395776470799e+01,-1.320514714374197851e+01,-1.322190095894004180e+01,-1.323655261083190560e+01,-1.324948247090188680e+01,-1.326099901275644122e+01,-1.327135478540575875e+01,-1.328075662836930881e+01,-1.328937237894671242e+01,-1.329733572799723262e+01,-1.330475040115695862e+01,-1.331169436919254956e+01
-4.546938673793269103e+00,-4.563954107115595349e+00,-4.605849450604890372e+00,-4.653212452025988100e+00,-4.704018911400056346e+00,-4.757910847256198394e+00,-4.814931840389919060e+00,-4.875272401014478341e+00,-4.939212055934486756e+00,-5.007111438455156716e+00,-5.079423563711850775e+00,-5.156717515538922214e+00,-5.239714663048363974e+00,-5.329340789015079238e+00,-5.426800456105398851e+00,-5.533683982921431266e+00,-5.652123969724208941e+00,-5.785029752678574333e+00,-5.936449051487488582e+00,-6.112145995088386741e+00,-6.320565037358377936e+00,-6.574522061849557453e+00,-6.894359500383488104e+00,-7.314299987489946808e+00,-7.896559055046205700e+00,-8.767106492076123914e+00,-1.022513939913320513e+01,-1.204344828609975515e+01,-1.242683438458478129e+01,-1.264586678585168578e+01,-1.278829746353301999e+01,-1.288871366695272691e+01,-1.296350587622108108e+01,-1.302144742915914755e+01,-1.306766389639721382e+01,-1.310535637591658720e+01,-1.313663379927759856e+01,-1.316294910668231566e+01,-1.318534304409036828e+01,-1.320458762090032145e+01,-1.322127397468950960e+01,-1.323586773455984122e+01,-1.324874442350614423e+01,-1.326021206800861840e+01,-1.327052539332570724e+01,-1.327989454411973469e+01,-1.328849052355197458e+01,-1.329644908095906253e+01,-1.330387433768045469e+01,-1.331084291146673948e+01
-4.572503576898158784e+00,-4.590867381849348838e+00,-4.628527746913717600e+00,-4.674501839285767346e+00,-4.725222026142162690e+00,-4.779728583825674448e+00,-4.837814766478150119e+00,-4.899561991377414216e+00,-4.965203248989507934e+00,-5.035084575169166854e+00,-5.109664021113551335e+00,-5.189530992664067810e+00,-5.275442421199069365e+00,-5.368378061437026005e+00,-5.469621415940713938e+00,-5.580877807349146735e+00,-5.704448926124473296e+00,-5.843496717998212908e+00,-6.002454390654965444e+00,-6.187690557794796042e+00,-6.408631171341057531e+00,-6.679758936996085694e+00,-7.024416837734945851e+00,-7.482659421802119404e+00,-8.129271763524785754e+00,-9.121559354819638088e+00,-1.085611566011836793e+01,-1.214352942077487896e+01,-1.247043317325608491e+01,-1.266730234323653903e+01,-1.279946873327402024e+01,-1.289464804758412697e+01,-1.296660770798413509e+01,-1.302296446775038241e+01,-1.306827912289153915e+01,-1.310545537848951980e+01,-1.313643647430831329e+01,-1.316257921867128466e+01,-1.318486724907310936e+01,-1.320403862668211659e+01,-1.322066506566729771e+01,-1.323520235670640055e+01,-1.324802272366115474e+01,-1.325943530434685691e+01,-1.326969860084784436e+01,-1.327902760061304654e+01,-1.328759775389708153e+01,-1.329554769346584386e+01,-1.330298219085705469e+01,-1.330997622380230183e+01
-4.601296298559262254e+00,-4.621039861544717908e+00,-4.655664589931606479e+00,-4.699783224398633941e+00,-4.749907008404940179e+00,-4.804649418267755046e+00,-4.863543919250624015e+00,-4.926535211385819402e+00,-4.993788322258466472e+00,-5.065620635060080090e+00,-5.142486708411735385e+00,-5.224991728807427904e+00,-5.313926776230291971e+00,-5.410327064648781992e+00,-5.515559828161408440e+00,-5.631454666283101318e+00,-5.760498438110058572e+00,-5.906132845335146264e+00,-6.073222645282404741e+00,-6.268820914263162791e+00,-6.503479365119644307e+00,-6.793622213963760537e+00,-7.166155747801655096e+00,-7.668238090809611940e+00,-8.390508057614992410e+00,-9.531868238984293029e+00,-1.162940721706063130e+01,-1.222321057038033842e+01,-1.250735412369887989e+01,-1.268619849710423075e+01,-1.280965223296723465e+01,-1.290026121890649335e+01,-1.296970204590246745e+01,-1.302463109249893414e+01,-1.306912552523317750e+01,-1.310582810107558416e+01,-1.313653372096086791e+01,-1.316251165410853297e+01,-1.318469280219107809e+01,-1.320378359050890182e+01,-1.322033767853029929e+01,-1.323480207054251423e+01,-1.324754679066910690e+01,-1.325888341286928807e+01,-1.326907576959015245e+01,-1.327834530629181309e+01,-1.328687330627923124e+01,-1.329480213651156184e+01,-1.330223735152624265e+01,-1.330925173506671300e+01
-4.642776374928180516e+00,-4.653761171688434395e+00,-4.685591819817198633e+00,-4.728223908503793815e+00,-4.777660100894532746e+00,-4.832465586968708315e+00,-4.892019771963635577e+00,-4.956154691183671801e+00,-5.024969474812982284e+00,-5.098750142056650780e+00,-5.177945134340746769e+00,-5.263174225819909680e+00,-5.355263344661072900e+00,-5.455306200325663823e+00,-5.564759952252886777e+00,-5.685589374545625851e+00,-5.820484898008380981e+00,-5.973198935179573787e+00,-6.149080611455916667e+00,-6.355960136478506328e+00,-6.605684510230779516e+00,-6.916948155875417115e+00,-7.320910183113142011e+00,-7.873440764945152992e+00,-8.685376280182495634e+00,-1.001173114219135130e+01,-1.185254968887273819e+01,-1.228814011777025073e+01,-1.253903599807116898e+01,-1.270300595960952172e+01,-1.281900160597953153e+01,-1.290560374053208115e+01,-1.297280102719481576e+01,-1.302644522246811043e+01,-1.307019659812648982e+01,-1.310646774788985702e+01,-1.313692017094431463e+01,-1.316274306251646742e+01,-1.318481836873117885e+01,-1.320382283268018853e+01,-1.322029318988834845e+01,-1.323466856977459649e+01,-1.324731787466518718e+01,-1.325855657101990559e+01,-1.326865566983153322e+01,-1.327784509917095335e+01,-1.328631376929592456e+01,-1.329420889390641491e+01,-1.330163696222263248e+01,-1.330866779653035081e+01
-4.694854840919157724e+00,-4.707994737177129352e+00,-4.730683352228783001e+00,-4.761460621665419168e+00,-4.808034321904164798e+00,-4.862914718104175194e+00,-4.923093421974543915e+00,-4.988343099490887056e+00,-5.058717459795937010e+00,-5.134479053952368588e+00,-5.216073753157147053e+00,-5.304138494604761611e+00,-5.399537242059818887e+00,-5.503427089800040584e+00,-5.617362974707393874e+00,-5.743457620644724315e+00,-5.884626082329312169e+00,-6.044966783285113721e+00,-6.230373827640314666e+00,-6.449562096087619878e+00,-6.715873559175882690e+00,-7.050667536688401960e+00,-7.490205089668098282e+00,-8.101118415444672038e+00,-9.020255701155612371e+00,-1.057969803201086378e+01,-1.197250107556343579e+01,-1.234205545713823149e+01,-1.256653177283608436e+01,-1.271807543560895937e+01,-1.282764139915686208e+01,-1.291071782001914947e+01,-1.297591506714933018e+01,-1.302840522575320925e+01,-1.307148697069728271e+01,-1.310736886613845620e+01,-1.313759189150650464e+01,-1.316327162954674534e+01,-1.318524428462965759e+01,-1.320415848949745552e+01,-1.322053489679544569e+01,-1.323480546721223128e+01,-1.324733898177082025e+01,-1.325845637080061046e+01,-1.326843801789595112e+01,-1.327752488938354780e+01,-1.328591587401974294e+01,-1.329376450905889762e+01,-1.330117838611711001e+01,-1.330822328250235920e+01
-4.747811945979153236e+00,-4.763170272010744277e+00,-4.786930806927564674e+00,-4.818360595404930891e+00,-4.856180363348860496e+00,-4.899276202074990927e+00,-4.956590164320223479e+00,-5.022995697396185122e+00,-5.094978228735300263e+00,-5.172792175271798243e+00,-5.256889566972129835e+00,-5.347930630616373193e+00,-5.446823088764020326e+00,-5.554794295768617829e+00,-5.673506640147381930e+00,-5.805235651482608006e+00,-5.953145017112927206e+00,-6.121719381304592034e+00,-6.317467387855083771e+00,-6.550113523717248754e+00,-6.834730451235597748e+00,-7.195817944341770023e+00,-7.675790133288678874e+00,-8.354674875385191157e+00,-9.403216318132773921e+00,-1.126152716428902245e+01,-1.206772122883634601e+01,-1.238752797672486672e+01,-1.259062976833672032e+01,-1.273168386760120185e+01,-1.283567358879587950e+01,-1.291563889853069291e+01,-1.297905307145428466e+01,-1.303050974279346974e+01,-1.307299213827710282e+01,-1.310852708486519980e+01,-1.313854617152312265e+01,-1.316409693509223544e+01,-1.318597250783833452e+01,-1.320479457500431231e+01,-1.322106819447503945e+01,-1.323521857163898297e+01,-1.324761520235109380e+01,-1.325858612397152214e+01,-1.326842368308483699e+01,-1.327738313380342206e+01,-1.328567647282073061e+01,-1.329346555958015230e+01,-1.330085926684592579e+01,-1.330791776922851710e+01
-4.801567641656974139e+00,-4.819208561877945662e+00,-4.844461019805248014e+00,-4.877004420727566014e+00,-4.916036038504050687e+00,-4.960738752155664066e+00,-5.010505672860039894e+00,-5.064977740293717723e+00,-5.133679861137859568e+00,-5.213657057584632604e+00,-5.300394158696013491e+00,-5.394583701806049625e+00,-5.497185212992904191e+00,-5.609505148244299910e+00,-5.733324918053892993e+00,-5.871099944640354451e+00,-6.026269796920168176e+00,-6.203751046635808564e+00,-6.410746677664944215e+00,-6.658136056407744974e+00,-6.963001365907773632e+00,-7.353557770285240380e+00,-7.879680554134791848e+00,-8.638205455659338838e+00,-9.844616927211534474e+00,-1.166384082013847845e+01,-1.214508910736522651e+01,-1.242638486752772131e+01,-1.261193191045910211e+01,-1.274405286054383879e+01,-1.284318242621833051e+01,-1.292039686511832386e+01,-1.298222258105256799e+01,-1.303275750658653109e+01,-1.307470819498129977e+01,-1.310993884475652216e+01,-1.313978128882832053e+01,-1.316521978867766940e+01,-1.318700655271753597e+01,-1.320573704456411868e+01,-1.322190078888893439e+01,-1.323591624212374107e+01,-1.324815415522981787e+01,-1.325895129700415787e+01,-1.326861499884311080e+01,-1.327741896041154135e+01,-1.328559252233118393e+01,-1.329330863507725269e+01,-1.330067763330215769e+01,-1.330775180659795964e+01
-4.856062841479441339e+00,-4.876049221443840231e+00,-4.903093187674307352e+00,-4.937123878826377599e+00,-4.977677605049503740e+00,-5.024200582463323350e+00,-5.076244625798514321e+00,-5.133540528046450113e+00,-5.196006859553053303e+00,-5.263741648748327506e+00,-5.346575792828986096e+00,-5.444118728855984024e+00,-5.550677910145624949e+00,-5.667649577439200392e+00,-5.796947632888028501e+00,-5.941226810690258375e+00,-6.104233307109209861e+00,-6.291367430321970211e+00,-6.510617972015608323e+00,-6.774188199526627763e+00,-7.101500255808598006e+00,-7.525182104029368269e+00,-8.104206961024802425e+00,-8.956679362033369785e+00,-1.035797681107466417e+01,-1.180211827068390207e+01,-1.220914506416963263e+01,-1.245996032984074731e+01,-1.263090586077180788e+01,-1.275536188677398641e+01,-1.285023808872887230e+01,-1.292501699262392734e+01,-1.298542986074913941e+01,-1.303514715359465193e+01,-1.307663155698211987e+01,-1.311160110694257952e+01,-1.314129624444259825e+01,-1.316664202487732993e+01,-1.318835138809015106e+01,-1.320699384220472439e+01,-1.322304293438681277e+01,-1.323690982800447102e+01,-1.324896658124623983e+01,-1.325956012977801102e+01,-1.326901623184033596e+01,-1.327763237151641285e+01,-1.328566107342893332e+01,-1.329329032140907252e+01,-1.330063207805842218e+01,-1.330772733295150623e+01
-4.911245680981078721e+00,-4.933637869984051960e+00,-4.962698922761257236e+00,-4.998519099384175490e+00,-5.040879061266558381e+00,-5.089446846988189499e+00,-5.143934196168713058e+00,-5.204179526718632154e+00,-5.270179942516810989e+00,-5.342103066232194664e+00,-5.420300347796454865e+00,-5.505335586036514073e+00,-5.607345612079969399e+00,-5.729309845194260120e+00,-5.864499972761777258e+00,-6.015791855914447872e+00,-6.187272788112064603e+00,-6.384885340818326149e+00,-6.617508819394027242e+00,-6.898867107100812746e+00,-7.251114583715476236e+00,-7.712140781274368528e+00,-8.352076450886064762e+00,-9.316183136843374513e+00,-1.096127967074610510e+01,-1.191175507715779425e+01,-1.226300711331378857e+01,-1.248925163782160297e+01,-1.264792068197125730e+01,-1.276575792953662258e+01,-1.285689946801330485e+01,-1.292952066218241036e+01,-1.298867994005706983e+01,-1.303767702043907484e+01,-1.307875866785621888e+01,-1.311351102948863989e+01,-1.314309044854596920e+01,-1.316836623841721732e+01,-1.319001327331124784e+01,-1.320857490389942690e+01,-1.322450767526514959e+01,-1.323821419543481426e+01,-1.325006712522341346e+01,-1.326042451597660055e+01,-1.326963429580892218e+01,-1.327802457652541790e+01,-1.328587927383638778e+01,-1.329340719798395831e+01,-1.330072205981329247e+01,-1.330784831446525729e+01
-4.967066384301319637e+00,-4.991921358814433773e+00,-5.023176588164464995e+00,-5.061032926202440940e+00,-5.105451576239421918e+00,-5.156284257170089091e+00,-5.213393785231643207e+00,-5.276733873466773694e+00,-5.346393127898137365e+00,-5.422621367221553079e+00,-5.505855552542592513e+00,-5.596759317189552441e+00,-5.696289552937877865e+00,-5.805807393069685851e+00,-5.936101782646785452e+00,-6.094969225089529097e+00,-6.275629170037095861e+00,-6.484632310566501801e+00,-6.731868121322412080e+00,-7.032810058450609247e+00,-7.412811154686602677e+00,-7.916058873142975294e+00,-8.626448242069656658e+00,-9.724250673430336889e+00,-1.148479923060916086e+01,-1.200071137407792321e+01,-1.230888802059048359e+01,-1.251501965073970624e+01,-1.266327182703320808e+01,-1.277536264894530404e+01,-1.286321632698266804e+01,-1.293392592538288355e+01,-1.299197661308496521e+01,-1.304034492292469771e+01,-1.308108567911883569e+01,-1.311566560141067228e+01,-1.314516334281086074e+01,-1.317039543578430028e+01,-1.319199949951340400e+01,-1.321049207575879869e+01,-1.322631105153017472e+01,-1.323984832444183901e+01,-1.325147534557933326e+01,-1.326156125560161847e+01,-1.327047985308720079e+01,-1.327859854581689270e+01,-1.328624439447976435e+01,-1.329365586150787948e+01,-1.330094842144055001e+01,-1.330812174307043705e+01
-5.023475104754582254e+00,-5.050845775002557048e+00,-5.084438392114499550e+00,-5.124534518133715189e+00,-5.171232957641692884e+00,-5.224537700800395257e+00,-5.284450041689924937e+00,-5.351040204650320931e+00,-5.424496134429609207e+00,-5.505159383976601539e+00,-5.593561210510714865e+00,-5.690472120081320639e+00,-5.796979519876161113e+00,-5.914613271560559937e+00,-6.045550229687394861e+00,-6.192951109173927549e+00,-6.369546095633052296e+00,-6.590945821620570300e+00,-6.854165799964620831e+00,-7.176695479037675796e+00,-7.587641893159370987e+00,-8.138759958425596963e+00,-8.931028157816180979e+00,-1.019031854825845329e+01,-1.163835480286009449e+01,-1.207424319977712379e+01,-1.234840244899194417e+01,-1.253785559618223999e+01,-1.267719902884269878e+01,-1.278427779401491371e+01,-1.286923098829539036e+01,-1.293824794064926564e+01,-1.299532240340493061e+01,-1.304314791564542553e+01,-1.308360810125872931e+01,-1.311806122601545255e+01,-1.314751394461583267e+01,-1.317273257844958323e+01,-1.319431799608021549e+01,-1.321275888979318403e+01,-1.322847220120608647e+01,-1.324183592684157063e+01,-1.325321697553721023e+01,-1.326299382918394087e+01,-1.327156904252584191e+01,-1.327935995805350444e+01,-1.328675390270241152e+01,-1.329403300442084834e+01,-1.330131429655041941e+01,-1.330855921554109145e+01
-5.080420977729755094e+00,-5.110355580313565405e+00,-5.146403584930008712e+00,-5.188909084725332299e+00,-5.238079405965556212e+00,-5.294046222707006422e+00,-5.356936323801408939e+00,-5.426934042306151618e+00,-5.504330731233199714e+00,-5.589566489840341212e+00,-5.683274017052868388e+00,-5.786336803969870601e+00,-5.899977031182890741e+00,-6.025895079768663010e+00,-6.166495491907970639e+00,-6.325259055343914305e+00,-6.507369779084489991e+00,-6.720808661690370833e+00,-6.984891929844200931e+00,-7.331243319365625233e+00,-7.776749366412325948e+00,-8.382292602183976982e+00,-9.270187971150175343e+00,-1.072636689524945197e+01,-1.176021707067626743e+01,-1.213596220588353880e+01,-1.238275738426448669e+01,-1.255822667749302468e+01,-1.268989936218172865e+01,-1.279258935302028810e+01,-1.287497967142501842e+01,-1.294249931159614952e+01,-1.299871849962223536e+01,-1.304608203247328468e+01,-1.308632042343387525e+01,-1.312069324848745921e+01,-1.315014030136662804e+01,-1.317537999344585486e+01,-1.319697675729936925e+01,-1.321539012237132837e+01,-1.323101325311786702e+01,-1.324420597549242551e+01,-1.325532540900871581e+01,-1.326475487633885209e+01,-1.327292623456611054e+01,-1.328031888096700008e+01,-1.328740563293972521e+01,-1.329453561053251853e+01,-1.330182674540921717e+01,-1.330917946411390140e+01
-5.137851739644223592e+00,-5.170393285999674404e+00,-5.208994753822957513e+00,-5.254051489019120780e+00,-5.305859471075141442e+00,-5.364659294873913353e+00,-5.430691432078257996e+00,-5.504250224692667004e+00,-5.585731995264336724e+00,-5.675680032975102485e+00,-5.774834120220347700e+00,-5.884195878222366893e+00,-6.005125757141760445e+00,-6.139495455364921916e+00,-6.289934265965908544e+00,-6.460235444538031224e+00,-6.656042598004656696e+00,-6.886048624086168246e+00,-7.164194619819906684e+00,-7.513989152160186258e+00,-7.981371800741777101e+00,-8.648960593907109029e+00,-9.649118125864296402e+00,-1.132338262026054565e+01,-1.185912902984989081e+01,-1.218843386264983231e+01,-1.241287458968945323e+01,-1.257650799271514330e+01,-1.270153695613816147e+01,-1.280037078224476410e+01,-1.288049356275424806e+01,-1.294669034883522230e+01,-1.300216466765789747e+01,-1.304914201066963031e+01,-1.308921570358043418e+01,-1.312355542717539336e+01,-1.315303884829643799e+01,-1.317833863152790208e+01,-1.319998304407452494e+01,-1.321840104636166657e+01,-1.323395885821985907e+01,-1.324699293974239289e+01,-1.325784326127506496e+01,-1.326688954444011692e+01,-1.327458847769065819e+01,-1.328149289227754437e+01,-1.328819817427429939e+01,-1.329516141609512836e+01,-1.330249982464463265e+01,-1.331001244194102284e+01
-5.195713645951049564e+00,-5.230899417082601310e+00,-5.272135790484137274e+00,-5.319862274469008057e+00,-5.374449797076468194e+00,-5.436233737397022203e+00,-5.505558166431025136e+00,-5.582822816509947828e+00,-5.668529028089607458e+00,-5.763326347153030049e+00,-5.868066054707767876e+00,-5.983872194757237750e+00,-6.112246278076268524e+00,-6.255231147604266795e+00,-6.415676096657784377e+00,-6.597675882721147467e+00,-6.807315146050072485e+00,-7.053971454945902053e+00,-7.352704760446856724e+00,-7.728942940452848021e+00,-8.228562505604672950e+00,-8.942480708333011563e+00,-1.007402618697071439e+01,-1.148773901564973876e+01,-1.194088644937066412e+01,-1.223353291907972462e+01,-1.243947189044248525e+01,-1.259300537436582523e+01,-1.271225033831764861e+01,-1.280768555068770276e+01,-1.288579968002080278e+01,-1.295082927215622526e+01,-1.300565914643309817e+01,-1.305232100415550001e+01,-1.309228513502920244e+01,-1.312663935405920590e+01,-1.315620367113475453e+01,-1.318160716293196622e+01,-1.320334232442338873e+01,-1.322180628546369086e+01,-1.323733516589771320e+01,-1.325023639026384537e+01,-1.326082360549884598e+01,-1.326945968667146225e+01,-1.327661267243822962e+01,-1.328291319200623910e+01,-1.328913178542884665e+01,-1.329591002185953919e+01,-1.330336061901774691e+01,-1.331110587474868012e+01
-5.253951567014694568e+00,-5.291812655139203514e+00,-5.335750820015274343e+00,-5.386245236246912427e+00,-5.443732231334321270e+00,-5.508631371509361330e+00,-5.581382022479696836e+00,-5.662484820235388128e+00,-5.752545368031111828e+00,-5.852321482516272155e+00,-5.962779460700754264e+00,-6.085169428066971697e+00,-6.221136229253085403e+00,-6.372892883190829139e+00,-6.543502207846374041e+00,-6.737345975160323519e+00,-6.960925057647564529e+00,-7.224264779492085786e+00,-7.543492457086238723e+00,-7.945880623577609825e+00,-8.480665073564500389e+00,-9.245364874502707053e+00,-1.046211270121854575e+01,-1.161859680752890611e+01,-1.200948643370392510e+01,-1.227266390916373950e+01,-1.246311866232204579e+01,-1.260797206573299256e+01,-1.272215807302019996e+01,-1.281458916753089738e+01,-1.289092157544047801e+01,-1.295492236663646324e+01,-1.300919853459589959e+01,-1.305561029456282007e+01,-1.309551760069082427e+01,-1.312993383724325902e+01,-1.315962568589251802e+01,-1.318518091663808001e+01,-1.320705693799061109e+01,-1.322561819989697796e+01,-1.324116803958000865e+01,-1.325397949792951735e+01,-1.326433006324297814e+01,-1.327254826187888170e+01,-1.327908679215612686e+01,-1.328463728562519641e+01,-1.329021075673950136e+01,-1.329678579185104326e+01,-1.330446168790325601e+01,-1.331253535084642259e+01
-5.312509202099970018e+00,-5.353070105394398759e+00,-5.399763718274933844e+00,-5.453106004594775236e+00,-5.513591954722786070e+00,-5.581717367041227007e+00,-5.658010190737370770e+00,-5.743067913269995550e+00,-5.837599299394573116e+00,-5.942471806799981771e+00,-6.058769685497143342e+00,-6.187872440734500046e+00,-6.331570303622147122e+00,-6.492245046507415296e+00,-6.673165111336120781e+00,-6.878981308432340569e+00,-7.116579185507625027e+00,-7.396584070534820476e+00,-7.736124118601014565e+00,-8.164222181598114858e+00,-8.733315212099659774e+00,-9.547176860134147347e+00,-1.084160889218919444e+01,-1.172505781774032307e+01,-1.206777886350967322e+01,-1.230690307806915840e+01,-1.248427467242197686e+01,-1.262162112021218618e+01,-1.273136314479343945e+01,-1.282113080895909007e+01,-1.289587990898757930e+01,-1.295897410367295599e+01,-1.301277767704909749e+01,-1.305899901192861634e+01,-1.309889923121447630e+01,-1.313342426656424955e+01,-1.316329176098744647e+01,-1.318905069037163180e+01,-1.321112450545567008e+01,-1.322984478748377946e+01,-1.324548036265239759e+01,-1.325826589413483170e+01,-1.326843438372564599e+01,-1.327626177130205853e+01,-1.328214560290571100e+01,-1.328677665886205794e+01,-1.329145047674816382e+01,-1.329780651211569520e+01,-1.330590774347813365e+01,-1.331441799757535094e+01
-5.371329379290859407e+00,-5.414607659170855847e+00,-5.464098012703443530e+00,-5.520351315099236267e+00,-5.583916379159715504e+00,-5.655359207796309740e+00,-5.735290935123626532e+00,-5.824402364022803980e+00,-5.923504226553631291e+00,-6.033574627882510200e+00,-6.155818389295816928e+00,-6.291747616642084928e+00,-6.443300138901226326e+00,-6.613025124384706466e+00,-6.804387888285968522e+00,-7.022287145995202096e+00,-7.273954433687181975e+00,-7.570555180638467441e+00,-7.930135233295831476e+00,-8.383353855957158984e+00,-8.985666759979590523e+00,-9.846711622314318291e+00,-1.121484766132137523e+01,-1.181320406129993827e+01,-1.211785513867719644e+01,-1.233709272130469436e+01,-1.250331788527008747e+01,-1.263413476538882207e+01,-1.273995639567318960e+01,-1.282735462428784246e+01,-1.290069291335137791e+01,-1.296298723594856561e+01,-1.301638956122296165e+01,-1.306247388012248400e+01,-1.310241298890246142e+01,-1.313709199181343479e+01,-1.316718382054931169e+01,-1.319320148261022574e+01,-1.321553615002897608e+01,-1.323448717576525802e+01,-1.325028844945364526e+01,-1.326313454343282849e+01,-1.327320983713642732e+01,-1.328072593752680852e+01,-1.328598572764742514e+01,-1.328955718097842897e+01,-1.329290419414994062e+01,-1.329903559102800159e+01,-1.330791171717890187e+01,-1.331692436564263815e+01
-5.430354421917023444e+00,-5.476360434122906184e+00,-5.528677048204508893e+00,-5.587888763228678002e+00,-5.654594630565187074e+00,-5.729426194219370494e+00,-5.813073380047317329e+00,-5.906317230898253001e+00,-6.010069252575930498e+00,-6.125418987652622604e+00,-6.253694300337505396e+00,-6.396543285098561071e+00,-6.556054159860714492e+00,-6.734942890800770243e+00,-6.936862990935460438e+00,-7.166937579426280180e+00,-7.432698286200430715e+00,-7.745777070339068260e+00,-8.125035534005370152e+00,-8.602636061355608987e+00,-9.236853378386379987e+00,-1.014277465605095863e+01,-1.149200971419150541e+01,-1.188726062795134553e+01,-1.216129034196599612e+01,-1.236390571046707443e+01,-1.252056476701386423e+01,-1.264567155694641443e+01,-1.274801922434942547e+01,-1.283330077391950574e+01,-1.290537676426274771e+01,-1.296696287381524826e+01,-1.302002523419848856e+01,-1.306601900512464276e+01,-1.310603830420298088e+01,-1.314091375084339042e+01,-1.317127798003862260e+01,-1.319761121980982033e+01,-1.322027464482560255e+01,-1.323953689248713417e+01,-1.325559784725426304e+01,-1.326861286198006162e+01,-1.327871948593609908e+01,-1.328606776117898036e+01,-1.329085809133585627e+01,-1.329342505152970766e+01,-1.329481253256728124e+01,-1.330075111028939183e+01,-1.331088535736708778e+01,-1.332026827775129085e+01
-5.489526567853084238e+00,-5.538263279453918386e+00,-5.593424345280490151e+00,-5.655626912582578214e+00,-5.725517487208808376e+00,-5.803789410561606132e+00,-5.891207710350546911e+00,-5.988640914879368005e+00,-6.097100080061980343e+00,-6.217786777258262454e+00,-6.352154291434101374e+00,-6.501990411867383024e+00,-6.669537513866613310e+00,-6.857679359076022330e+00,-7.070250405775022173e+00,-7.312573786261599373e+00,-7.592428625150264843e+00,-7.921824453454752835e+00,-8.320314687295949696e+00,-8.821412014967449977e+00,-9.486002690353517508e+00,-1.043421046622688841e+01,-1.160303296726928934e+01,-1.195026191994091924e+01,-1.219929981610611947e+01,-1.238789076357484298e+01,-1.253628535065833915e+01,-1.265637186947819437e+01,-1.275562568353769777e+01,-1.283900623086662129e+01,-1.290994586385777332e+01,-1.297090054947536331e+01,-1.302367375283725437e+01,-1.306961572690169859e+01,-1.310975079597728055e+01,-1.314486119130987873e+01,-1.317554377450282743e+01,-1.320224956647077441e+01,-1.322531263091115683e+01,-1.324497319261097239e+01,-1.326139910929610899e+01,-1.327470924190616941e+01,-1.328500098161548237e+01,-1.329238131268911971e+01,-1.329699644717095808e+01,-1.329905165218588081e+01,-1.329881604669248141e+01,-1.330455292909535991e+01,-1.331542257123306605e+01,-1.332463963041854171e+01
-5.548788430356614398e+00,-5.600251334716307205e+00,-5.658264101751563580e+00,-5.723475668354649493e+00,-5.796577677885736080e+00,-5.878322092831033352e+00,-5.969545773883513817e+00,-6.071202112028375453e+00,-6.184400333006374595e+00,-6.310454323512797004e+00,-6.450944979510710553e+00,-6.607803800798786042e+00,-6.783432339602688543e+00,-6.980885631076061415e+00,-7.204175048511661572e+00,-7.458800933247883513e+00,-7.752732215708120656e+00,-8.098249915790967535e+00,-8.515448312540426556e+00,-9.039016822476316548e+00,-9.732251078947493639e+00,-1.071993349250625194e+01,-1.169527410775132914e+01,-1.200445296042303056e+01,-1.223284379520982768e+01,-1.240950490661472116e+01,-1.255071452194723847e+01,-1.266636207962918981e+01,-1.276284405922442033e+01,-1.284450536218833427e+01,-1.291441304049536321e+01,-1.297479827470051461e+01,-1.302732217990901376e+01,-1.307324255763757570e+01,-1.311352211019270442e+01,-1.314890053473864739e+01,-1.317994354518782352e+01,-1.320707690903706499e+01,-1.323061105137273330e+01,-1.325076073645635866e+01,-1.326766426314547331e+01,-1.328140691984475730e+01,-1.329205314070333799e+01,-1.329968995443699065e+01,-1.330448421720873320e+01,-1.330678991707735292e+01,-1.330776145885952211e+01,-1.331284454195727740e+01,-1.332181245606670750e+01,-1.333008590560209328e+01
-5.608083489606624283e+00,-5.662260630395474337e+00,-5.723121801772347972e+00,-5.791346851370962057e+00,-5.867670465489230658e+00,-5.952900339624833670e+00,-6.047942064991975286e+00,-6.153831190578180177e+00,-6.271773378115360842e+00,-6.403194590992818291e+00,-6.549805077310425716e+00,-6.713684131100580821e+00,-6.897398756816614629e+00,-7.104181959014959524e+00,-7.338223375629938872e+00,-7.605183150382921475e+00,-7.913160889607277149e+00,-8.274584766899238275e+00,-8.709904073096765842e+00,-9.254786722557451384e+00,-9.974758902192819576e+00,-1.099896246761776020e+01,-1.177300372494748792e+01,-1.205154182976072974e+01,-1.226269939756643090e+01,-1.242913712808648086e+01,-1.256406045688930995e+01,-1.267575766148464389e+01,-1.276973797760473595e+01,-1.284983029640733321e+01,-1.291878966619799840e+01,-1.297865259770756552e+01,-1.303095563966861015e+01,-1.307687523017581910e+01,-1.311731991400405128e+01,-1.315299243522261996e+01,-1.318443205291178977e+01,-1.321204359841482479e+01,-1.323611791323154563e+01,-1.325684782174339915e+01,-1.327434452338732918e+01,-1.328866099084158847e+01,-1.329983076056398161e+01,-1.330793128638878642e+01,-1.331318602740973844e+01,-1.331617011077020507e+01,-1.331841005169207115e+01,-1.332284440102650969e+01,-1.332961281811365772e+01,-1.333645186392083204e+01
-5.667356603680354432e+00,-5.724228717139982159e+00,-5.787924901642501396e+00,-5.859154920779982234e+00,-5.938694452906503329e+00,-6.027404109004430133e+00,-6.126255054447627302e+00,-6.236361993458002573e+00,-6.359024696689642653e+00,-6.495780126609197680e+00,-6.648468741079074817e+00,-6.819321239710884441e+00,-7.011077163156089753e+00,-7.227157650656472754e+00,-7.471939491077138840e+00,-7.751235957197190274e+00,-8.073223913091027271e+00,-8.450337313632998004e+00,-8.903147471081860331e+00,-9.468068149413337409e+00,-1.021272611923627593e+01,-1.127046070424866109e+01,-1.183932691342833721e+01,-1.209286472952610225e+01,-1.228951137871429111e+01,-1.244712570526205120e+01,-1.257651078119282850e+01,-1.268466531862398838e+01,-1.277636706090627250e+01,-1.285501107826245359e+01,-1.292308569299231635e+01,-1.298245866524003134e+01,-1.303455744616547030e+01,-1.308048688027349193e+01,-1.312110808297806130e+01,-1.315709208775621342e+01,-1.318895638937316761e+01,-1.321708952795643555e+01,-1.324176743710825122e+01,-1.326316519330034183e+01,-1.328136929353133944e+01,-1.329639900313477341e+01,-1.330825011200416519e+01,-1.331697786408414252e+01,-1.332283603290421325e+01,-1.332649681405834130e+01,-1.332933837738814553e+01,-1.333311598735046033e+01,-1.333815489970258561e+01,-1.334345460555764440e+01
-5.726554526889239050e+00,-5.786095308766319611e+00,-5.852603564004343006e+00,-5.926817799402499531e+00,-6.009552552697742911e+00,-6.101718441003251669e+00,-6.204348815280083862e+00,-6.318634037765055389e+00,-6.445964818730685053e+00,-6.587986833501622286e+00,-6.746670142046157004e+00,-6.924399119932693303e+00,-7.124092655692990661e+00,-7.349372935742774615e+00,-7.604821661668785815e+00,-7.896415748476642626e+00,-8.232374211545998577e+00,-8.624986080608595174e+00,-9.094646740345556424e+00,-9.678226201995034472e+00,-1.044540887696406806e+01,-1.153378759381203622e+01,-1.189657635853057016e+01,-1.212949772355769440e+01,-1.231382843122746884e+01,-1.246377068310600755e+01,-1.258823677225863946e+01,-1.269318421548818066e+01,-1.278278714254653181e+01,-1.286007561384642273e+01,-1.292730961221282726e+01,-1.298621029680698591e+01,-1.303810931638846249e+01,-1.308404838398864811e+01,-1.312484711770868984e+01,-1.316114964292269995e+01,-1.319345626353937284e+01,-1.322214412647721993e+01,-1.324747961865125667e+01,-1.326962527250810986e+01,-1.328864588937840097e+01,-1.330452367811854231e+01,-1.331720094133959797e+01,-1.332667625873148687e+01,-1.333317020700470046e+01,-1.333732861242529033e+01,-1.334030974839080130e+01,-1.334336884839654580e+01,-1.334697543878794335e+01,-1.335079903242315957e+01
-5.785626422535164792e+00,-5.847802922441466933e+00,-5.917091412220097268e+00,-5.994257757763892691e+00,-6.080153062183034862e+00,-6.175734838212376232e+00,-6.282094874333806978e+00,-6.400495046537843180e+00,-6.532412775810819028e+00,-6.679598589246280582e+00,-6.844149419015515434e+00,-7.028603099596736570e+00,-7.236062597942003904e+00,-7.470364568943416828e+00,-7.736321364600131645e+00,-8.040106935484796935e+00,-8.389985121018716185e+00,-8.797963014559957884e+00,-9.283875638434659905e+00,-9.884651933323496564e+00,-1.067213892746146264e+01,-1.166987057018314644e+01,-1.194656527202710805e+01,-1.216233444594951330e+01,-1.233612894092412304e+01,-1.247934230916314746e+01,-1.259939576276128115e+01,-1.270140634341536234e+01,-1.278905005704591780e+01,-1.286504941801334212e+01,-1.293146834636723419e+01,-1.298990007917018730e+01,-1.304159167765666538e+01,-1.308752886632094814e+01,-1.312849482083715458e+01,-1.316511098387439382e+01,-1.319786475041443019e+01,-1.322712687057999581e+01,-1.325316024693161587e+01,-1.327612157980619578e+01,-1.329605902175375753e+01,-1.331291506505222166e+01,-1.332655748682000940e+01,-1.333687820322544759e+01,-1.334398786881581600e+01,-1.334843648583745157e+01,-1.335123734614064972e+01,-1.335348411279884395e+01,-1.335579606156072074e+01,-1.335823364696194915e+01
-5.844524356506065388e+00,-5.909297498066067966e+00,-5.981326276231064831e+00,-6.061402312974019324e+00,-6.150410783522289648e+00,-6.249352727918715544e+00,-6.359374197572314813e+00,-6.481803706407310628e+00,-6.618199958388352400e+00,-6.770412613529790846e+00,-6.940660019860768415e+00,-7.131629517126089723e+00,-7.346608393981798990e+00,-7.589657633939232539e+00,-7.865848982998987715e+00,-8.181610144016621788e+00,-8.545313958931897602e+00,-8.968616221384206000e+00,-9.470311229727835567e+00,-1.008676734284006749e+01,-1.089235112820506046e+01,-1.173800216236477745e+01,-1.199075758733918384e+01,-1.219214040591733728e+01,-1.235683818980659865e+01,-1.249408578690162841e+01,-1.261013183223128209e+01,-1.270941606855367034e+01,-1.279520304232536887e+01,-1.286995519186100267e+01,-1.293556709101029867e+01,-1.299351949010330642e+01,-1.304498407392928705e+01,-1.309089638809064837e+01,-1.313200725443850203e+01,-1.316891891460448782e+01,-1.320210959961941199e+01,-1.323194846938871727e+01,-1.325870153234640725e+01,-1.328252826537455178e+01,-1.330346913011894650e+01,-1.332142938745156968e+01,-1.333618253178515722e+01,-1.334745323969510444e+01,-1.335515274101121008e+01,-1.335969409074558811e+01,-1.336205211093918166e+01,-1.336336403277041285e+01,-1.336442536293425931e+01,-1.336555212898120537e+01
-5.903203757906521965e+00,-5.970528978133681441e+00,-6.045250900899976187e+00,-6.128185098451798929e+00,-6.220248126107117415e+00,-6.322480920734035337e+00,-6.436079196067156616e+00,-6.562432501430387255e+00,-6.703174181976782720e+00,-6.860245345693814834e+00,-7.035977197733754629e+00,-7.233197860560352410e+00,-7.455372193866269370e+00,-7.706786313232022678e+00,-7.992792847442534487e+00,-8.320141235345717590e+00,-8.697452449374738492e+00,-9.136129878907604862e+00,-9.653418020429166191e+00,-1.028402508530877846e+01,-1.110563371840667024e+01,-1.179723588770855081e+01,-1.203038567107237533e+01,-1.221958880946713144e+01,-1.237633772679303590e+01,-1.250822251207667790e+01,-1.262057490443190488e+01,-1.271728896354198746e+01,-1.280128783053930874e+01,-1.287481227949044005e+01,-1.293960913308701599e+01,-1.299705906056079385e+01,-1.304826566853749625e+01,-1.309411880419155949e+01,-1.313533997852207946e+01,-1.317251478954699273e+01,-1.320611519984133331e+01,-1.323651293234509474e+01,-1.326398368737568134e+01,-1.328870006388821601e+01,-1.331070923881281587e+01,-1.332989257486636347e+01,-1.334592124036682925e+01,-1.335828587823709945e+01,-1.336657544790048924e+01,-1.337101482220253423e+01,-1.337266842453554361e+01,-1.337289402694569063e+01,-1.337269958933274339e+01,-1.337257712203090243e+01
-5.961623833260987659e+00,-6.031451829457242120e+00,-6.108813588375863191e+00,-6.194546661227447792e+00,-6.289596127870359155e+00,-6.395038975078255916e+00,-6.512115623246490514e+00,-6.642270435605731826e+00,-6.787203686818055637e+00,-6.948938430576280467e+00,-7.129907108405945770e+00,-7.333064739727612746e+00,-7.562038299788884643e+00,-7.821325494680833046e+00,-8.116560045519126021e+00,-8.454862031802772293e+00,-8.845282963245312047e+00,-9.299357869787359121e+00,-9.832586322839322435e+00,-1.047589186169923536e+01,-1.131184422832666314e+01,-1.184956259731608341e+01,-1.206652787214685851e+01,-1.224527884288989021e+01,-1.239496706558297134e+01,-1.252194806256797222e+01,-1.263083851500234367e+01,-1.272509011798138268e+01,-1.280733955280576453e+01,-1.287963607639023955e+01,-1.294359568047535980e+01,-1.300050858301544920e+01,-1.305141583124456162e+01,-1.309716476775048299e+01,-1.313844954242132346e+01,-1.317584057696764610e+01,-1.320980526405085698e+01,-1.324072075862880027e+01,-1.326887802368209002e+01,-1.329447363218595868e+01,-1.331758118841453253e+01,-1.333808758538646444e+01,-1.335558185411451504e+01,-1.336926112253729038e+01,-1.337819714496897383e+01,-1.338231455146822313e+01,-1.338295867494787927e+01,-1.338192184107592553e+01,-1.338045234673851880e+01,-1.337914544665937733e+01
-6.019747921826652970e+00,-6.092025489291295948e+00,-6.171968747851144244e+00,-6.260435146096681613e+00,-6.358395334438280422e+00,-6.466958376702734768e+00,-6.587404226785799288e+00,-6.721225433054247134e+00,-6.870180735276362860e+00,-7.036364266526737410e+00,-7.222295618345766499e+00,-7.431038294781019182e+00,-7.666357388561780617e+00,-7.932932050145192093e+00,-8.236644638003406627e+00,-8.584974461763710707e+00,-8.987515899676866482e+00,-9.456532094892075690e+00,-1.000686608724706872e+01,-1.066175716788987948e+01,-1.151141413215923492e+01,-1.189674040731360627e+01,-1.210014385326162945e+01,-1.226973560828522913e+01,-1.241301832008472061e+01,-1.253542766441777090e+01,-1.264101675646220535e+01,-1.273287223457313644e+01,-1.281338563144095133e+01,-1.288443748089710894e+01,-1.294752574254770394e+01,-1.300385737032301137e+01,-1.305441478617987272e+01,-1.310000483266564686e+01,-1.314129516274567244e+01,-1.317884128834980828e+01,-1.321310621970921417e+01,-1.324447342611933109e+01,-1.327325225307729895e+01,-1.329967197530836209e+01,-1.332385406318974574e+01,-1.334573684023703777e+01,-1.336489750418874145e+01,-1.338023369697677012e+01,-1.338997817713151761e+01,-1.339347343783776445e+01,-1.339271729787801135e+01,-1.339023936104666568e+01,-1.338750051229445148e+01,-1.338510032367233826e+01
-6.077543781235804410e+00,-6.152214720596970388e+00,-6.234677329444595628e+00,-6.325806830792829238e+00,-6.426596481401423588e+00,-6.538183449519727297e+00,-6.661882024358837917e+00,-6.799226204279330332e+00,-6.952024450146168100e+00,-7.122430489072922200e+00,-7.313035685127690755e+00,-7.526990928092202715e+00,-7.768169663498595945e+00,-8.041389302978682707e+00,-8.352716945275441063e+00,-8.709898735346282450e+00,-9.122971089916935838e+00,-9.605118691433194300e+00,-1.017342865319464806e+01,-1.084027099348960910e+01,-1.170608409189457966e+01,-1.194036456248650957e+01,-1.213205878511966418e+01,-1.229339324683602008e+01,-1.243072603790659159e+01,-1.254879055905701080e+01,-1.265118117062913505e+01,-1.274067391078334843e+01,-1.281944486408533912e+01,-1.288922248845852181e+01,-1.295139610108145867e+01,-1.300709456391124874e+01,-1.305724428553291538e+01,-1.310261258451308564e+01,-1.314384047867799943e+01,-1.318146762604368760e+01,-1.321595114800012816e+01,-1.324767914799976332e+01,-1.327697850882914921e+01,-1.330411411283652967e+01,-1.332927036591702574e+01,-1.335248710716002662e+01,-1.337346060509356427e+01,-1.339095374640764646e+01,-1.340189084529184349e+01,-1.340426041095166454e+01,-1.340160366087881627e+01,-1.339756957807131776e+01,-1.339364323362755194e+01,-1.339029175924968840e+01
-6.134983795010855445e+00,-6.211989864443686393e+00,-6.296907123857467425e+00,-6.390626483728532925e+00,-6.494160935710188376e+00,-6.608671929151189950e+00,-6.735503093430024180e+00,-6.876223395072821098e+00,-7.032682571450622255e+00,-7.207082791918392850e+00,-7.402072136841086447e+00,-7.620867927817528198e+00,-7.867421626852229899e+00,-8.146642663786312966e+00,-8.464707316416468785e+00,-8.829492445515365162e+00,-9.251194173632992346e+00,-9.743207883412546622e+00,-1.032306142042650521e+01,-1.100658428710804593e+01,-1.176567368640042233e+01,-1.198175026568692481e+01,-1.216290297361087802e+01,-1.231657008367067974e+01,-1.244825675108089946e+01,-1.256212531789813802e+01,-1.266137851147983007e+01,-1.274851853291111325e+01,-1.282552690078655822e+01,-1.289399202017464496e+01,-1.295520140324069658e+01,-1.301020948282907774e+01,-1.305988826411404169e+01,-1.310496571155555223e+01,-1.314605523640559426e+01,-1.318367861593005763e+01,-1.321828393135543145e+01,-1.325025948621011374e+01,-1.327994393382857652e+01,-1.330763149257128042e+01,-1.333356753702623010e+01,-1.335791745804119834e+01,-1.338063660743151395e+01,-1.340084816691424052e+01,-1.341391458670605630e+01,-1.341412312330981749e+01,-1.340907112762192810e+01,-1.340357477809415343e+01,-1.339867660289864837e+01,-1.339458497272992510e+01
-6.192045096348881117e+00,-6.271326981649486321e+00,-6.358632915702099098e+00,-6.454867525459828670e+00,-6.561060866897914678e+00,-6.678395153228475323e+00,-6.808238800736012841e+00,-6.952189891758080442e+00,-7.112131903755349427e+00,-7.290305645473931229e+00,-7.489402939428389416e+00,-7.712689943039944929e+00,-7.964171487638896707e+00,-8.248812991696025776e+00,-8.572844070188649468e+00,-8.944178161975726127e+00,-9.372991433495871050e+00,-9.872485548691036783e+00,-1.045988557817980258e+01,-1.116709514386498903e+01,-1.181890626554731583e+01,-1.202170204367793893e+01,-1.219305314419901798e+01,-1.233945219222940359e+01,-1.246570394620183642e+01,-1.257547820829372931e+01,-1.267163021219981367e+01,-1.275641413455453055e+01,-1.283163226823909753e+01,-1.289874205023907194e+01,-1.295893439370903266e+01,-1.301319199734472853e+01,-1.306233342447410450e+01,-1.310704691895003293e+01,-1.314791673117836091e+01,-1.318544392614193583e+01,-1.322006308972031796e+01,-1.325215594000943220e+01,-1.328206249938535066e+01,-1.331009006687159335e+01,-1.333651943710467158e+01,-1.336160539476017206e+01,-1.338555684024399284e+01,-1.340837599891181853e+01,-1.342602851858413437e+01,-1.342161531341065839e+01,-1.341437171339160628e+01,-1.340791389923247579e+01,-1.340242590888960095e+01,-1.339787500052685587e+01
-6.248709605784401155e+00,-6.330207880455690272e+00,-6.419836485574897722e+00,-6.518511986169269967e+00,-6.627279136339303989e+00,-6.747337850498080769e+00,-6.880077443361862777e+00,-7.027120235946926918e+00,-7.190377369087310733e+00,-7.372120744032662820e+00,-7.575076582783216494e+00,-7.802548419611589736e+00,-8.058580802968636547e+00,-8.348180292645045242e+00,-8.677618840671737388e+00,-9.054860103704143626e+00,-9.490189106276835318e+00,-9.997317518996494456e+00,-1.059670396922901148e+01,-1.133094921810483058e+01,-1.186976801784479818e+01,-1.206047285921080814e+01,-1.222263705149246427e+01,-1.236210004240379057e+01,-1.248309253941200048e+01,-1.258885590949244104e+01,-1.268193401477178206e+01,-1.276435439402692928e+01,-1.283775300925064933e+01,-1.290346405471510138e+01,-1.296258628347575659e+01,-1.301603290394853296e+01,-1.306456970332870249e+01,-1.310884459473122199e+01,-1.314941083932788324e+01,-1.318674555707003293e+01,-1.322126469209611344e+01,-1.325333526391566430e+01,-1.328328544785521537e+01,-1.331141270344644312e+01,-1.333798961091923729e+01,-1.336326551516391170e+01,-1.338745474500698052e+01,-1.341063383330730296e+01,-1.342929702463349351e+01,-1.342416954857659661e+01,-1.341685422994872923e+01,-1.341035891924062717e+01,-1.340478800428042483e+01,-1.340010271748102255e+01
-6.304963983697621899e+00,-6.388620031964469703e+00,-6.480506463474435819e+00,-6.581550263191307870e+00,-6.692808911338609335e+00,-6.815497540979217561e+00,-6.951023324081112342e+00,-7.101029191168648502e+00,-7.267449745543726358e+00,-7.452583336755628451e+00,-7.659185898871682774e+00,-7.890594667847663501e+00,-8.150893910285603283e+00,-8.445141768357762757e+00,-8.779691211136581686e+00,-9.162672321909182571e+00,-9.604813067252212733e+00,-1.012121529152262944e+01,-1.073647398970509848e+01,-1.149941778669137804e+01,-1.191822084241362312e+01,-1.209799736233494905e+01,-1.225161057250311991e+01,-1.238447916111771896e+01,-1.250039278546034005e+01,-1.260223244011248944e+01,-1.269226766475898849e+01,-1.277232071019554915e+01,-1.284387389939344892e+01,-1.290814575506812290e+01,-1.296614723204358732e+01,-1.301872427447450420e+01,-1.306659057851896044e+01,-1.311035315750392449e+01,-1.315053250967531184e+01,-1.318757864353000997e+01,-1.322188379472394892e+01,-1.325379226376743524e+01,-1.328360724884926647e+01,-1.331159342724680528e+01,-1.333797096357332457e+01,-1.336288578237556024e+01,-1.338629104111275936e+01,-1.340736058742630910e+01,-1.342129738233971636e+01,-1.342156486387624348e+01,-1.341649196761796858e+01,-1.341090803340346937e+01,-1.340576331605640981e+01,-1.340126534892646859e+01
-6.360799501907294484e+00,-6.446556379855896246e+00,-6.540638043414600311e+00,-6.643980693811398552e+00,-6.757653028510167914e+00,-6.882883587977381978e+00,-7.021095331364503700e+00,-7.173949586923821009e+00,-7.343402323998519776e+00,-7.531776892929458178e+00,-7.741859237160502616e+00,-7.977024606906261361e+00,-8.241410105769308103e+00,-8.540157714437738079e+00,-8.879775377226698296e+00,-9.268722964846672241e+00,-9.718503719128769092e+00,-1.024607514253484020e+01,-1.087977908570462482e+01,-1.167269070640149309e+01,-1.196423456349117487e+01,-1.213413749478137582e+01,-1.227985528299303120e+01,-1.240650157850717683e+01,-1.251753950556973116e+01,-1.261555879904811484e+01,-1.270259405525942675e+01,-1.278028507812435244e+01,-1.284997410480843705e+01,-1.291277208528024190e+01,-1.296960690238953440e+01,-1.302125975185149898e+01,-1.306839319095114327e+01,-1.311157305071708201e+01,-1.315128565075102074e+01,-1.318795123612970421e+01,-1.322193410090922683e+01,-1.325354930622400929e+01,-1.328306493607501260e+01,-1.331069666435440979e+01,-1.333658557521300914e+01,-1.336073211690252016e+01,-1.338279695488303034e+01,-1.340148828519808255e+01,-1.341347785560184391e+01,-1.341638929661118063e+01,-1.341392181208619938e+01,-1.340979133597505601e+01,-1.340545655359034960e+01,-1.340141592769549916e+01
