"Longitude (x)","Latitude (y)","Station Name","Climate ID","Date/Time (LST)","Year","Month","Day","Time (LST)","Temp (°C)","Temp Flag","Dew Point Temp (°C)","Dew Point Temp Flag","Rel Hum (%)","Rel Hum Flag","Precip. Amount (mm)","Precip. Amount Flag","Wind Dir (10s deg)","Wind Dir Flag","Wind Spd (km/h)","Wind Spd Flag","Visibility (km)","Visibility Flag","Stn Press (kPa)","Stn Press Flag","Hmdx","Hmdx Flag","Wind Chill","Wind Chill Flag","Weather"
"-112.12","49.50","WRENTHAM AGDM","3037675","2012-02-01 00:00","2012","02","01","00:00","-2.1","","-7.1","","69","","","","25","","20","","","","","M","","","-8","","NA"
"-112.12","49.50","WRENTHAM AGDM","3037675","2012-02-01 01:00","2012","02","01","01:00","-1.5","","-7.1","","66","","","","26","","24","","","","","M","","","-8","","NA"
"-112.12","49.50","WRENTHAM AGDM","3037675","2012-02-01 02:00","2012","02","01","02:00","-3.6","","-7.8","","73","","","","21","","17","","","","","M","","","-9","","NA"
"-112.12","49.50","WRENTHAM AGDM","3037675","2012-02-01 03:00","2012","02","01","03:00","-4.1","","-8.0","","74","","","","21","","17","","","","","M","","","-10","","NA"
"-112.12","49.50","WRENTHAM AGDM","3037675","2012-02-01 04:00","2012","02","01","04:00","-2.6","","-7.5","","69","","","","21","","19","","","","","M","","","-8","","NA"
"-112.12","49.50","WRENTHAM AGDM","3037675","2012-02-01 05:00","2012","02","01","05:00","-0.9","","-7.1","","63","","","","21","","22","","","","","M","","","-7","","NA"
"-112.12","49.50","WRENTHAM AGDM","3037675","2012-02-01 06:00","2012","02","01","06:00","-1.3","","-6.6","","67","","","","15","","7","","","","","M","","","-4","","NA"
"-112.12","49.50","WRENTHAM AGDM","3037675","2012-02-01 07:00","2012","02","01","07:00","-1.6","","-6.0","","72","","","","17","","13","","","","","M","","","-6","","NA"
"-112.12","49.50","WRENTHAM AGDM","3037675","2012-02-01 08:00","2012","02","01","08:00","-0.7","","-5.6","","69","","","","16","","9","","","","","M","","","-4","","NA"
"-112.12","49.50","WRENTHAM AGDM","3037675","2012-02-01 09:00","2012","02","01","09:00","-0.1","","-5.1","","69","","","","17","","17","","","","","M","","","-5","","NA"
"-112.12","49.50","WRENTHAM AGDM","3037675","2012-02-01 10:00","2012","02","01","10:00","0.8","","-4.8","","66","","","","17","","17","","","","","M","","","","","NA"
"-112.12","49.50","WRENTHAM AGDM","3037675","2012-02-01 11:00","2012","02","01","11:00","3.9","","-5.2","","51","","","","23","","20","","","","","M","","","","","NA"
"-112.12","49.50","WRENTHAM AGDM","3037675","2012-02-01 12:00","2012","02","01","12:00","4.8","","-5.1","","49","","","","22","","28","","","","","M","","","","","NA"
"-112.12","49.50","WRENTHAM AGDM","3037675","2012-02-01 13:00","2012","02","01","13:00","6.0","","-5.1","","45","","","","22","","26","","","","","M","","","","","NA"
"-112.12","49.50","WRENTHAM AGDM","3037675","2012-02-01 14:00","2012","02","01","14:00","6.7","","-5.7","","41","","","","23","","32","","","","","M","","","","","NA"
"-112.12","49.50","WRENTHAM AGDM","3037675","2012-02-01 15:00","2012","02","01","15:00","6.2","","-5.6","","42","","","","22","","26","","","","","M","","","","","NA"
"-112.12","49.50","WRENTHAM AGDM","3037675","2012-02-01 16:00","2012","02","01","16:00","5.3","","-5.2","","47","","","","21","","28","","","","","M","","","","","NA"
"-112.12","49.50","WRENTHAM AGDM","3037675","2012-02-01 17:00","2012","02","01","17:00","4.6","","-4.5","","52","","","","22","","24","","","","","M","","","","","NA"
"-112.12","49.50","WRENTHAM AGDM","3037675","2012-02-01 18:00","2012","02","01","18:00","3.4","","-4.3","","57","","","","23","","19","","","","","M","","","","","NA"
"-112.12","49.50","WRENTHAM AGDM","3037675","2012-02-01 19:00","2012","02","01","19:00","3.4","","-3.8","","59","","","","24","","24","","","","","M","","","","","NA"
"-112.12","49.50","WRENTHAM AGDM","3037675","2012-02-01 20:00","2012","02","01","20:00","3.2","","-3.8","","60","","","","26","","22","","","","","M","","","","","NA"
"-112.12","49.50","WRENTHAM AGDM","3037675","2012-02-01 21:00","2012","02","01","21:00","3.1","","-3.7","","61","","","","27","","22","","","","","M","","","","","NA"
"-112.12","49.50","WRENTHAM AGDM","3037675","2012-02-01 22:00","2012","02","01","22:00","1.6","","-4.0","","66","","","","28","","19","","","","","M","","","","","NA"
"-112.12","49.50","WRENTHAM AGDM","3037675","2012-02-01 23:00","2012","02","01","23:00","2.0","","-5.3","","58","","","","32","","24","","","","","M","","","","","NA"
"-112.12","49.50","WRENTHAM AGDM","3037675","2012-02-02 00:00","2012","02","02","00:00","-0.2","","-6.4","","63","","","","32","","20","","","","","M","","","-5","","NA"
"-112.12","49.50","WRENTHAM AGDM","3037675","2012-02-02 01:00","2012","02","02","01:00","-0.9","","-7.6","","60","","","","32","","22","","","","","M","","","-7","","NA"
"-112.12","49.50","WRENTHAM AGDM","3037675","2012-02-02 02:00","2012","02","02","02:00","-0.9","","-6.9","","64","","","","33","","22","","","","","M","","","-7","","NA"
"-112.12","49.50","WRENTHAM AGDM","3037675","2012-02-02 03:00","2012","02","02","03:00","-0.9","","-5.2","","73","","","","32","","24","","","","","M","","","-7","","NA"
"-112.12","49.50","WRENTHAM AGDM","3037675","2012-02-02 04:00","2012","02","02","04:00","-2.3","","-5.5","","79","","","","31","","19","","","","","M","","","-8","","NA"
"-112.12","49.50","WRENTHAM AGDM","3037675","2012-02-02 05:00","2012","02","02","05:00","-3.4","","-5.9","","83","","","","30","","15","","","","","M","","","-9","","NA"
"-112.12","49.50","WRENTHAM AGDM","3037675","2012-02-02 06:00","2012","02","02","06:00","-3.9","","-5.3","","90","","","","28","","15","","","","","M","","","-9","","NA"
"-112.12","49.50","WRENTHAM AGDM","3037675","2012-02-02 07:00","2012","02","02","07:00","-2.1","","-4.5","","84","","","","29","","13","","","","","M","","","-7","","NA"
"-112.12","49.50","WRENTHAM AGDM","3037675","2012-02-02 08:00","2012","02","02","08:00","-4.4","","-6.4","","86","","","","28","","11","","","","","M","","","-9","","NA"
"-112.12","49.50","WRENTHAM AGDM","3037675","2012-02-02 09:00","2012","02","02","09:00","-4.3","","-5.4","","92","","","","27","","13","","","","","M","","","-9","","NA"
"-112.12","49.50","WRENTHAM AGDM","3037675","2012-02-02 10:00","2012","02","02","10:00","0.3","","-3.1","","78","","","","28","","7","","","","","M","","","","","NA"
"-112.12","49.50","WRENTHAM AGDM","3037675","2012-02-02 11:00","2012","02","02","11:00","2.0","","-5.8","","56","","","","32","","7","","","","","M","","","","","NA"
"-112.12","49.50","WRENTHAM AGDM","3037675","2012-02-02 12:00","2012","02","02","12:00","3.2","","-7.5","","45","","","","31","","6","","","","","M","","","","","NA"
"-112.12","49.50","WRENTHAM AGDM","3037675","2012-02-02 13:00","2012","02","02","13:00","4.2","","-8.2","","40","","","","32","","2","","","","","M","","","","","NA"
"-112.12","49.50","WRENTHAM AGDM","3037675","2012-02-02 14:00","2012","02","02","14:00","4.6","","-7.7","","40","","","","24","","7","","","","","M","","","","","NA"
"-112.12","49.50","WRENTHAM AGDM","3037675","2012-02-02 15:00","2012","02","02","15:00","5.1","","-9.3","","34","","","","24","","4","","","","","M","","","","","NA"
"-112.12","49.50","WRENTHAM AGDM","3037675","2012-02-02 16:00","2012","02","02","16:00","4.8","","-8.9","","36","","","","17","","4","","","","","M","","","","","NA"
"-112.12","49.50","WRENTHAM AGDM","3037675","2012-02-02 17:00","2012","02","02","17:00","2.3","","-8.4","","45","","","","14","","6","","","","","M","","","","","NA"
"-112.12","49.50","WRENTHAM AGDM","3037675","2012-02-02 18:00","2012","02","02","18:00","-1.2","","-8.8","","56","","","","12","","7","","","","","M","","","-4","","NA"
"-112.12","49.50","WRENTHAM AGDM","3037675","2012-02-02 19:00","2012","02","02","19:00","-3.7","","-9.1","","66","","","","14","","13","","","","","M","","","-9","","NA"
"-112.12","49.50","WRENTHAM AGDM","3037675","2012-02-02 20:00","2012","02","02","20:00","-4.0","","-8.9","","69","","","","15","","17","","","","","M","","","-10","","NA"
"-112.12","49.50","WRENTHAM AGDM","3037675","2012-02-02 21:00","2012","02","02","21:00","-4.9","","-8.7","","75","","","","15","","17","","","","","M","","","-11","","NA"
"-112.12","49.50","WRENTHAM AGDM","3037675","2012-02-02 22:00","2012","02","02","22:00","-4.6","","-8.9","","72","","","","15","","17","","","","","M","","","-10","","NA"
"-112.12","49.50","WRENTHAM AGDM","3037675","2012-02-02 23:00","2012","02","02","23:00","-4.7","","-7.9","","78","","","","15","","17","","","","","M","","","-11","","NA"
"-112.12","49.50","WRENTHAM AGDM","3037675","2012-02-03 00:00","2012","02","03","00:00","-4.7","","-7.0","","84","","","","15","","17","","","","","M","","","-11","","NA"
"-112.12","49.50","WRENTHAM AGDM","3037675","2012-02-03 01:00","2012","02","03","01:00","-5.0","","-7.1","","85","","","","15","","19","","","","","M","","","-11","","NA"
"-112.12","49.50","WRENTHAM AGDM","3037675","2012-02-03 02:00","2012","02","03","02:00","-5.8","","-7.6","","87","","","","16","","17","","","","","M","","","-12","","NA"
"-112.12","49.50","WRENTHAM AGDM","3037675","2012-02-03 03:00","2012","02","03","03:00","-4.8","","-7.7","","80","","","","17","","15","","","","","M","","","-10","","NA"
"-112.12","49.50","WRENTHAM AGDM","3037675","2012-02-03 04:00","2012","02","03","04:00","-5.9","","-8.7","","81","","","","16","","17","","","","","M","","","-12","","NA"
"-112.12","49.50","WRENTHAM AGDM","3037675","2012-02-03 05:00","2012","02","03","05:00","-5.0","","-8.2","","78","","","","17","","19","","","","","M","","","-11","","NA"
"-112.12","49.50","WRENTHAM AGDM","3037675","2012-02-03 06:00","2012","02","03","06:00","-5.5","","-8.3","","81","","","","16","","20","","","","","M","","","-12","","NA"
"-112.12","49.50","WRENTHAM AGDM","3037675","2012-02-03 07:00","2012","02","03","07:00","-6.0","","-7.9","","86","","","","16","","19","","","","","M","","","-13","","NA"
"-112.12","49.50","WRENTHAM AGDM","3037675","2012-02-03 08:00","2012","02","03","08:00","-4.8","","-6.8","","86","","","","17","","24","","","","","M","","","-12","","NA"
"-112.12","49.50","WRENTHAM AGDM","3037675","2012-02-03 09:00","2012","02","03","09:00","-3.7","","-6.2","","83","","","","17","","19","","","","","M","","","-10","","NA"
"-112.12","49.50","WRENTHAM AGDM","3037675","2012-02-03 10:00","2012","02","03","10:00","-0.7","","-4.2","","77","","","","17","","22","","","","","M","","","-6","","NA"
"-112.12","49.50","WRENTHAM AGDM","3037675","2012-02-03 11:00","2012","02","03","11:00","1.7","","-4.1","","65","","","","17","","26","","","","","M","","","","","NA"
"-112.12","49.50","WRENTHAM AGDM","3037675","2012-02-03 12:00","2012","02","03","12:00","3.3","","-5.5","","52","","","","17","","32","","","","","M","","","","","NA"
"-112.12","49.50","WRENTHAM AGDM","3037675","2012-02-03 13:00","2012","02","03","13:00","4.5","","-5.4","","49","","","","17","","28","","","","","M","","","","","NA"
"-112.12","49.50","WRENTHAM AGDM","3037675","2012-02-03 14:00","2012","02","03","14:00","5.2","","-7.0","","41","","","","16","","32","","","","","M","","","","","NA"
"-112.12","49.50","WRENTHAM AGDM","3037675","2012-02-03 15:00","2012","02","03","15:00","5.0","","-7.4","","40","","","","17","","32","","","","","M","","","","","NA"
"-112.12","49.50","WRENTHAM AGDM","3037675","2012-02-03 16:00","2012","02","03","16:00","4.0","","-6.7","","46","","","","16","","28","","","","","M","","","","","NA"
"-112.12","49.50","WRENTHAM AGDM","3037675","2012-02-03 17:00","2012","02","03","17:00","1.6","","-5.4","","60","","","","15","","19","","","","","M","","","","","NA"
"-112.12","49.50","WRENTHAM AGDM","3037675","2012-02-03 18:00","2012","02","03","18:00","-1.2","","-5.7","","71","","","","14","","17","","","","","M","","","-6","","NA"
"-112.12","49.50","WRENTHAM AGDM","3037675","2012-02-03 19:00","2012","02","03","19:00","-2.0","","-5.7","","76","","","","15","","20","","","","","M","","","-8","","NA"
"-112.12","49.50","WRENTHAM AGDM","3037675","2012-02-03 20:00","2012","02","03","20:00","-2.3","","-5.8","","77","","","","15","","20","","","","","M","","","-8","","NA"
"-112.12","49.50","WRENTHAM AGDM","3037675","2012-02-03 21:00","2012","02","03","21:00","-2.4","","-6.1","","76","","","","16","","22","","","","","M","","","-9","","NA"
"-112.12","49.50","WRENTHAM AGDM","3037675","2012-02-03 22:00","2012","02","03","22:00","-3.9","","-7.0","","79","","","","16","","19","","","","","M","","","-10","","NA"
"-112.12","49.50","WRENTHAM AGDM","3037675","2012-02-03 23:00","2012","02","03","23:00","-3.9","","-7.4","","77","","","","16","","20","","","","","M","","","-10","","NA"
"-112.12","49.50","WRENTHAM AGDM","3037675","2012-02-04 00:00","2012","02","04","00:00","-4.0","","-7.7","","75","","","","16","","22","","","","","M","","","-11","","NA"
"-112.12","49.50","WRENTHAM AGDM","3037675","2012-02-04 01:00","2012","02","04","01:00","-3.6","","-7.8","","73","","","","16","","26","","","","","M","","","-11","","NA"
"-112.12","49.50","WRENTHAM AGDM","3037675","2012-02-04 02:00","2012","02","04","02:00","-4.1","","-7.9","","75","","","","16","","24","","","","","M","","","-11","","NA"
"-112.12","49.50","WRENTHAM AGDM","3037675","2012-02-04 03:00","2012","02","04","03:00","-3.7","","-7.7","","74","","","","17","","24","","","","","M","","","-11","","NA"
"-112.12","49.50","WRENTHAM AGDM","3037675","2012-02-04 04:00","2012","02","04","04:00","-4.4","","-7.9","","77","","","","17","","24","","","","","M","","","-11","","NA"
"-112.12","49.50","WRENTHAM AGDM","3037675","2012-02-04 05:00","2012","02","04","05:00","-4.6","","-8.1","","76","","","","17","","28","","","","","M","","","-12","","NA"
"-112.12","49.50","WRENTHAM AGDM","3037675","2012-02-04 06:00","2012","02","04","06:00","-5.4","","-8.7","","78","","","","16","","22","","","","","M","","","-12","","NA"
"-112.12","49.50","WRENTHAM AGDM","3037675","2012-02-04 07:00","2012","02","04","07:00","-6.1","","-9.3","","78","","","","16","","24","","","","","M","","","-14","","NA"
"-112.12","49.50","WRENTHAM AGDM","3037675","2012-02-04 08:00","2012","02","04","08:00","-5.8","","-9.3","","76","","","","16","","28","","","","","M","","","-14","","NA"
"-112.12","49.50","WRENTHAM AGDM","3037675","2012-02-04 09:00","2012","02","04","09:00","-3.9","","-8.6","","70","","","","17","","26","","","","","M","","","-11","","NA"
"-112.12","49.50","WRENTHAM AGDM","3037675","2012-02-04 10:00","2012","02","04","10:00","-1.1","","-7.3","","63","","","","17","","19","","","","","M","","","-6","","NA"
"-112.12","49.50","WRENTHAM AGDM","3037675","2012-02-04 11:00","2012","02","04","11:00","3.1","","-6.3","","50","","","","18","","20","","","","","M","","","","","NA"
"-112.12","49.50","WRENTHAM AGDM","3037675","2012-02-04 12:00","2012","02","04","12:00","5.8","","-6.3","","41","","","","17","","22","","","","","M","","","","","NA"
"-112.12","49.50","WRENTHAM AGDM","3037675","2012-02-04 13:00","2012","02","04","13:00","6.9","","-5.9","","40","","","","15","","22","","","","","M","","","","","NA"
"-112.12","49.50","WRENTHAM AGDM","3037675","2012-02-04 14:00","2012","02","04","14:00","8.1","","-7.1","","33","","","","16","","24","","","","","M","","","","","NA"
"-112.12","49.50","WRENTHAM AGDM","3037675","2012-02-04 15:00","2012","02","04","15:00","7.5","","-6.9","","35","","","","15","","30","","","","","M","","","","","NA"
"-112.12","49.50","WRENTHAM AGDM","3037675","2012-02-04 16:00","2012","02","04","16:00","6.5","","-7.5","","36","","","","16","","30","","","","","M","","","","","NA"
"-112.12","49.50","WRENTHAM AGDM","3037675","2012-02-04 17:00","2012","02","04","17:00","4.2","","-8.5","","39","","","","16","","26","","","","","M","","","","","NA"
"-112.12","49.50","WRENTHAM AGDM","3037675","2012-02-04 18:00","2012","02","04","18:00","1.2","","-8.8","","47","","","","17","","19","","","","","M","","","","","NA"
"-112.12","49.50","WRENTHAM AGDM","3037675","2012-02-04 19:00","2012","02","04","19:00","-0.9","","-8.0","","59","","","","17","","9","","","","","M","","","-4","","NA"
"-112.12","49.50","WRENTHAM AGDM","3037675","2012-02-04 20:00","2012","02","04","20:00","-1.5","","-8.0","","61","","","","18","","15","","","","","M","","","-6","","NA"
"-112.12","49.50","WRENTHAM AGDM","3037675","2012-02-04 21:00","2012","02","04","21:00","-1.1","","-7.8","","60","","","","17","","20","","","","","M","","","-7","","NA"
"-112.12","49.50","WRENTHAM AGDM","3037675","2012-02-04 22:00","2012","02","04","22:00","-2.2","","-8.2","","63","","","","18","","15","","","","","M","","","-7","","NA"
"-112.12","49.50","WRENTHAM AGDM","3037675","2012-02-04 23:00","2012","02","04","23:00","-1.0","","-8.4","","57","","","","21","","20","","","","","M","","","-7","","NA"
"-112.12","49.50","WRENTHAM AGDM","3037675","2012-02-05 00:00","2012","02","05","00:00","-3.2","","-9.1","","64","","","","21","","15","","","","","M","","","-8","","NA"
"-112.12","49.50","WRENTHAM AGDM","3037675","2012-02-05 01:00","2012","02","05","01:00","-3.8","","-9.2","","66","","","","19","","17","","","","","M","","","-10","","NA"
"-112.12","49.50","WRENTHAM AGDM","3037675","2012-02-05 02:00","2012","02","05","02:00","-4.9","","-10.2","","66","","","","23","","15","","","","","M","","","-10","","NA"
"-112.12","49.50","WRENTHAM AGDM","3037675","2012-02-05 03:00","2012","02","05","03:00","-5.1","","-10.0","","68","","","","23","","15","","","","","M","","","-11","","NA"
"-112.12","49.50","WRENTHAM AGDM","3037675","2012-02-05 04:00","2012","02","05","04:00","-3.3","","-9.0","","65","","","","26","","20","","","","","M","","","-9","","NA"
"-112.12","49.50","WRENTHAM AGDM","3037675","2012-02-05 05:00","2012","02","05","05:00","-3.5","","-9.1","","65","","","","27","","22","","","","","M","","","-10","","NA"
"-112.12","49.50","WRENTHAM AGDM","3037675","2012-02-05 06:00","2012","02","05","06:00","-4.7","","-9.6","","69","","","","26","","19","","","","","M","","","-11","","NA"
"-112.12","49.50","WRENTHAM AGDM","3037675","2012-02-05 07:00","2012","02","05","07:00","-5.3","","-9.5","","72","","","","26","","17","","","","","M","","","-11","","NA"
"-112.12","49.50","WRENTHAM AGDM","3037675","2012-02-05 08:00","2012","02","05","08:00","-5.2","","-9.1","","74","","","","28","","17","","","","","M","","","-11","","NA"
"-112.12","49.50","WRENTHAM AGDM","3037675","2012-02-05 09:00","2012","02","05","09:00","-2.8","","-7.3","","71","","","","28","","17","","","","","M","","","-8","","NA"
"-112.12","49.50","WRENTHAM AGDM","3037675","2012-02-05 10:00","2012","02","05","10:00","0.5","","-6.6","","59","","","","29","","22","","","","","M","","","","","NA"
"-112.12","49.50","WRENTHAM AGDM","3037675","2012-02-05 11:00","2012","02","05","11:00","2.1","","-4.8","","60","","","","30","","17","","","","","M","","","","","NA"
"-112.12","49.50","WRENTHAM AGDM","3037675","2012-02-05 12:00","2012","02","05","12:00","3.7","","-3.8","","58","","","","31","","20","","","","","M","","","","","NA"
"-112.12","49.50","WRENTHAM AGDM","3037675","2012-02-05 13:00","2012","02","05","13:00","5.1","","-3.1","","55","","","","32","","20","","","","","M","","","","","NA"
"-112.12","49.50","WRENTHAM AGDM","3037675","2012-02-05 14:00","2012","02","05","14:00","6.0","","-2.5","","54","","","","32","","20","","","","","M","","","","","NA"
"-112.12","49.50","WRENTHAM AGDM","3037675","2012-02-05 15:00","2012","02","05","15:00","6.3","","-2.3","","54","","","","33","","22","","","","","M","","","","","NA"
"-112.12","49.50","WRENTHAM AGDM","3037675","2012-02-05 16:00","2012","02","05","16:00","5.8","","-1.9","","58","","","","34","","22","","","","","M","","","","","NA"
"-112.12","49.50","WRENTHAM AGDM","3037675","2012-02-05 17:00","2012","02","05","17:00","3.6","","-3.4","","60","","","","35","","15","","","","","M","","","","","NA"
"-112.12","49.50","WRENTHAM AGDM","3037675","2012-02-05 18:00","2012","02","05","18:00","-0.8","","-5.1","","73","","","","33","","19","","","","","M","","","-6","","NA"
"-112.12","49.50","WRENTHAM AGDM","3037675","2012-02-05 19:00","2012","02","05","19:00","-0.8","","-4.7","","75","","","","33","","19","","","","","M","","","-6","","NA"
"-112.12","49.50","WRENTHAM AGDM","3037675","2012-02-05 20:00","2012","02","05","20:00","-0.6","","-4.6","","74","","","","34","","19","","","","","M","","","-6","","NA"
"-112.12","49.50","WRENTHAM AGDM","3037675","2012-02-05 21:00","2012","02","05","21:00","1.0","","-4.3","","68","","","","36","","26","","","","","M","","","","","NA"
"-112.12","49.50","WRENTHAM AGDM","3037675","2012-02-05 22:00","2012","02","05","22:00","0.0","","-4.5","","72","","","","36","","26","","","","","M","","","-6","","NA"
"-112.12","49.50","WRENTHAM AGDM","3037675","2012-02-05 23:00","2012","02","05","23:00","-0.8","","-5.1","","73","","","","36","","20","","","","","M","","","-6","","NA"
"-112.12","49.50","WRENTHAM AGDM","3037675","2012-02-06 00:00","2012","02","06","00:00","-1.3","","-5.7","","72","","","","34","","15","","","","","M","","","-6","","NA"
"-112.12","49.50","WRENTHAM AGDM","3037675","2012-02-06 01:00","2012","02","06","01:00","-1.9","","-5.9","","74","","","","35","","15","","","","","M","","","-7","","NA"
"-112.12","49.50","WRENTHAM AGDM","3037675","2012-02-06 02:00","2012","02","06","02:00","-2.3","","-6.0","","76","","","","34","","17","","","","","M","","","-8","","NA"
"-112.12","49.50","WRENTHAM AGDM","3037675","2012-02-06 03:00","2012","02","06","03:00","-2.6","","-6.2","","76","","","","35","","19","","","","","M","","","-8","","NA"
"-112.12","49.50","WRENTHAM AGDM","3037675","2012-02-06 04:00","2012","02","06","04:00","-2.9","","-6.4","","77","","","","35","","19","","","","","M","","","-9","","NA"
"-112.12","49.50","WRENTHAM AGDM","3037675","2012-02-06 05:00","2012","02","06","05:00","-3.2","","-6.7","","77","","","","36","","20","","","","","M","","","-9","","NA"
"-112.12","49.50","WRENTHAM AGDM","3037675","2012-02-06 06:00","2012","02","06","06:00","-3.6","","-7.2","","76","","","","1","","26","","","","","M","","","-11","","NA"
"-112.12","49.50","WRENTHAM AGDM","3037675","2012-02-06 07:00","2012","02","06","07:00","-4.0","","-7.3","","78","","","","1","","26","","","","","M","","","-11","","NA"
"-112.12","49.50","WRENTHAM AGDM","3037675","2012-02-06 08:00","2012","02","06","08:00","-4.7","","-7.9","","78","","","","2","","17","","","","","M","","","-11","","NA"
"-112.12","49.50","WRENTHAM AGDM","3037675","2012-02-06 09:00","2012","02","06","09:00","-4.9","","-7.9","","79","","","","2","","17","","","","","M","","","-11","","NA"
"-112.12","49.50","WRENTHAM AGDM","3037675","2012-02-06 10:00","2012","02","06","10:00","-4.9","","-7.9","","79","","","","1","","17","","","","","M","","","-11","","NA"
"-112.12","49.50","WRENTHAM AGDM","3037675","2012-02-06 11:00","2012","02","06","11:00","-4.9","","-8.3","","77","","","","2","","13","","","","","M","","","-10","","NA"
"-112.12","49.50","WRENTHAM AGDM","3037675","2012-02-06 12:00","2012","02","06","12:00","-4.6","","-8.1","","76","","","","2","","11","","","","","M","","","-9","","NA"
"-112.12","49.50","WRENTHAM AGDM","3037675","2012-02-06 13:00","2012","02","06","13:00","-4.2","","-8.2","","74","","","","36","","11","","","","","M","","","-9","","NA"
"-112.12","49.50","WRENTHAM AGDM","3037675","2012-02-06 14:00","2012","02","06","14:00","-2.4","","-8.6","","62","","","","35","","15","","","","","M","","","-7","","NA"
"-112.12","49.50","WRENTHAM AGDM","3037675","2012-02-06 15:00","2012","02","06","15:00","-1.7","","-11.1","","49","","","","1","","11","","","","","M","","","-6","","NA"
"-112.12","49.50","WRENTHAM AGDM","3037675","2012-02-06 16:00","2012","02","06","16:00","-2.9","","-13.2","","45","","","","3","","11","","","","","M","","","-7","","NA"
"-112.12","49.50","WRENTHAM AGDM","3037675","2012-02-06 17:00","2012","02","06","17:00","-5.7","","-13.6","","54","","","","3","","11","","","","","M","","","-10","","NA"
"-112.12","49.50","WRENTHAM AGDM","3037675","2012-02-06 18:00","2012","02","06","18:00","-7.6","","-13.8","","61","","","","3","","9","","","","","M","","","-12","","NA"
"-112.12","49.50","WRENTHAM AGDM","3037675","2012-02-06 19:00","2012","02","06","19:00","-10.3","","-14.9","","69","","","","6","","13","","","","","M","","","-17","","NA"
"-112.12","49.50","WRENTHAM AGDM","3037675","2012-02-06 20:00","2012","02","06","20:00","-11.6","","-16.0","","70","","","","10","","6","","","","","M","","","-15","","NA"
"-112.12","49.50","WRENTHAM AGDM","3037675","2012-02-06 21:00","2012","02","06","21:00","-12.1","","-16.0","","73","","","","13","","7","","","","","M","","","-16","","NA"
"-112.12","49.50","WRENTHAM AGDM","3037675","2012-02-06 22:00","2012","02","06","22:00","-12.0","","-15.8","","73","","","","13","","6","","","","","M","","","-16","","NA"
"-112.12","49.50","WRENTHAM AGDM","3037675","2012-02-06 23:00","2012","02","06","23:00","-13.1","","-16.3","","77","","","","16","","9","","","","","M","","","-19","","NA"
"-112.12","49.50","WRENTHAM AGDM","3037675","2012-02-07 00:00","2012","02","07","00:00","-13.1","","-16.6","","75","","","","15","","9","","","","","M","","","-19","","NA"
"-112.12","49.50","WRENTHAM AGDM","3037675","2012-02-07 01:00","2012","02","07","01:00","-14.1","","-16.5","","82","","","","18","","7","","","","","M","","","-19","","NA"
"-112.12","49.50","WRENTHAM AGDM","3037675","2012-02-07 02:00","2012","02","07","02:00","-13.7","","-15.9","","83","","","","12","","6","","","","","M","","","-18","","NA"
"-112.12","49.50","WRENTHAM AGDM","3037675","2012-02-07 03:00","2012","02","07","03:00","-14.4","","-16.9","","81","","","","11","","11","","","","","M","","","-21","","NA"
"-112.12","49.50","WRENTHAM AGDM","3037675","2012-02-07 04:00","2012","02","07","04:00","-15.1","","-17.3","","83","","","","12","","11","","","","","M","","","-22","","NA"
"-112.12","49.50","WRENTHAM AGDM","3037675","2012-02-07 05:00","2012","02","07","05:00","-15.5","","-17.6","","84","","","","12","","9","","","","","M","","","-21","","NA"
"-112.12","49.50","WRENTHAM AGDM","3037675","2012-02-07 06:00","2012","02","07","06:00","-15.9","","-18.1","","83","","","","12","","7","","","","","M","","","-21","","NA"
"-112.12","49.50","WRENTHAM AGDM","3037675","2012-02-07 07:00","2012","02","07","07:00","-12.6","","-14.2","","88","","","","17","","20","","","","","M","","","-21","","NA"
"-112.12","49.50","WRENTHAM AGDM","3037675","2012-02-07 08:00","2012","02","07","08:00","-10.1","","-11.5","","89","","","","17","","20","","","","","M","","","-18","","NA"
"-112.12","49.50","WRENTHAM AGDM","3037675","2012-02-07 09:00","2012","02","07","09:00","-9.7","","-11.0","","90","","","","17","","24","","","","","M","","","-18","","NA"
"-112.12","49.50","WRENTHAM AGDM","3037675","2012-02-07 10:00","2012","02","07","10:00","-9.2","","-10.8","","88","","","","17","","30","","","","","M","","","-18","","NA"
"-112.12","49.50","WRENTHAM AGDM","3037675","2012-02-07 11:00","2012","02","07","11:00","-8.4","","-10.7","","83","","","","16","","26","","","","","M","","","-17","","NA"
"-112.12","49.50","WRENTHAM AGDM","3037675","2012-02-07 12:00","2012","02","07","12:00","-6.6","","-9.5","","80","","","","17","","22","","","","","M","","","-14","","NA"
"-112.12","49.50","WRENTHAM AGDM","3037675","2012-02-07 13:00","2012","02","07","13:00","-4.9","","-10.2","","66","","","","17","","24","","","","","M","","","-12","","NA"
"-112.12","49.50","WRENTHAM AGDM","3037675","2012-02-07 14:00","2012","02","07","14:00","-4.1","","-10.8","","60","","","","16","","26","","","","","M","","","-11","","NA"
"-112.12","49.50","WRENTHAM AGDM","3037675","2012-02-07 15:00","2012","02","07","15:00","-4.3","","-11.2","","59","","","","17","","28","","","","","M","","","-12","","NA"
"-112.12","49.50","WRENTHAM AGDM","3037675","2012-02-07 16:00","2012","02","07","16:00","-5.3","","-9.9","","70","","","","17","","30","","","","","M","","","-13","","NA"
"-112.12","49.50","WRENTHAM AGDM","3037675","2012-02-07 17:00","2012","02","07","17:00","-6.6","","-9.6","","79","","","","17","","30","","","","","M","","","-15","","NA"
"-112.12","49.50","WRENTHAM AGDM","3037675","2012-02-07 18:00","2012","02","07","18:00","-7.2","","-9.8","","82","","","","16","","28","","","","","M","","","-16","","NA"
"-112.12","49.50","WRENTHAM AGDM","3037675","2012-02-07 19:00","2012","02","07","19:00","-6.6","","-9.2","","82","","","","17","","28","","","","","M","","","-15","","NA"
"-112.12","49.50","WRENTHAM AGDM","3037675","2012-02-07 20:00","2012","02","07","20:00","-6.5","","-9.3","","80","","","","17","","32","","","","","M","","","-15","","NA"
"-112.12","49.50","WRENTHAM AGDM","3037675","2012-02-07 21:00","2012","02","07","21:00","-6.0","","-9.1","","79","","","","17","","41","","","","","M","","","-16","","NA"
"-112.12","49.50","WRENTHAM AGDM","3037675","2012-02-07 22:00","2012","02","07","22:00","-6.8","","-9.6","","80","","","","17","","24","","","","","M","","","-14","","NA"
"-112.12","49.50","WRENTHAM AGDM","3037675","2012-02-07 23:00","2012","02","07","23:00","-7.0","","-9.7","","81","","","","16","","22","","","","","M","","","-14","","NA"
"-112.12","49.50","WRENTHAM AGDM","3037675","2012-02-08 00:00","2012","02","08","00:00","-7.3","","-9.7","","83","","","","17","","26","","","","","M","","","-15","","NA"
"-112.12","49.50","WRENTHAM AGDM","3037675","2012-02-08 01:00","2012","02","08","01:00","-7.5","","-9.8","","84","","","","16","","28","","","","","M","","","-16","","NA"
"-112.12","49.50","WRENTHAM AGDM","3037675","2012-02-08 02:00","2012","02","08","02:00","-7.9","","-9.9","","86","","","","16","","26","","","","","M","","","-16","","NA"
"-112.12","49.50","WRENTHAM AGDM","3037675","2012-02-08 03:00","2012","02","08","03:00","-8.5","","-10.4","","86","","","","16","","26","","","","","M","","","-17","","NA"
"-112.12","49.50","WRENTHAM AGDM","3037675","2012-02-08 04:00","2012","02","08","04:00","-8.2","","-10.1","","86","","","","16","","24","","","","","M","","","-16","","NA"
"-112.12","49.50","WRENTHAM AGDM","3037675","2012-02-08 05:00","2012","02","08","05:00","-8.0","","-10.0","","85","","","","17","","32","","","","","M","","","-17","","NA"
"-112.12","49.50","WRENTHAM AGDM","3037675","2012-02-08 06:00","2012","02","08","06:00","-8.1","","-10.0","","86","","","","17","","35","","","","","M","","","-18","","NA"
"-112.12","49.50","WRENTHAM AGDM","3037675","2012-02-08 07:00","2012","02","08","07:00","-8.5","","-10.3","","87","","","","17","","24","","","","","M","","","-17","","NA"
"-112.12","49.50","WRENTHAM AGDM","3037675","2012-02-08 08:00","2012","02","08","08:00","-8.6","","-10.4","","87","","","","17","","20","","","","","M","","","-16","","NA"
"-112.12","49.50","WRENTHAM AGDM","3037675","2012-02-08 09:00","2012","02","08","09:00","-6.6","","-9.1","","82","","","","17","","28","","","","","M","","","-15","","NA"
"-112.12","49.50","WRENTHAM AGDM","3037675","2012-02-08 10:00","2012","02","08","10:00","-4.1","","-7.6","","77","","","","17","","33","","","","","M","","","-12","","NA"
"-112.12","49.50","WRENTHAM AGDM","3037675","2012-02-08 11:00","2012","02","08","11:00","-0.9","","-7.0","","63","","","","18","","30","","","","","M","","","-8","","NA"
"-112.12","49.50","WRENTHAM AGDM","3037675","2012-02-08 12:00","2012","02","08","12:00","2.7","","-7.4","","47","","","","18","","26","","","","","M","","","","","NA"
"-112.12","49.50","WRENTHAM AGDM","3037675","2012-02-08 13:00","2012","02","08","13:00","6.9","","-8.1","","33","","","","21","","17","","","","","M","","","","","NA"
"-112.12","49.50","WRENTHAM AGDM","3037675","2012-02-08 14:00","2012","02","08","14:00","9.0","","-11.4","","22","","","","28","","33","","","","","M","","","","","NA"
"-112.12","49.50","WRENTHAM AGDM","3037675","2012-02-08 15:00","2012","02","08","15:00","6.8","","-16.1","","18","","","","30","","26","","","","","M","","","","","NA"
"-112.12","49.50","WRENTHAM AGDM","3037675","2012-02-08 16:00","2012","02","08","16:00","5.0","","-16.0","","20","","","","32","","22","","","","","M","","","","","NA"
"-112.12","49.50","WRENTHAM AGDM","3037675","2012-02-08 17:00","2012","02","08","17:00","1.7","","-14.4","","29","","","","30","","15","","","","","M","","","","","NA"
"-112.12","49.50","WRENTHAM AGDM","3037675","2012-02-08 18:00","2012","02","08","18:00","0.9","","-8.9","","48","","","","28","","19","","","","","M","","","","","NA"
"-112.12","49.50","WRENTHAM AGDM","3037675","2012-02-08 19:00","2012","02","08","19:00","-3.3","","-9.3","","63","","","","25","","11","","","","","M","","","-8","","NA"
"-112.12","49.50","WRENTHAM AGDM","3037675","2012-02-08 20:00","2012","02","08","20:00","1.5","","-6.3","","56","","","","27","","28","","","","","M","","","","","NA"
"-112.12","49.50","WRENTHAM AGDM","3037675","2012-02-08 21:00","2012","02","08","21:00","0.5","","-6.5","","59","","","","27","","24","","","","","M","","","","","NA"
"-112.12","49.50","WRENTHAM AGDM","3037675","2012-02-08 22:00","2012","02","08","22:00","-0.4","","-6.6","","63","","","","29","","24","","","","","M","","","-6","","NA"
"-112.12","49.50","WRENTHAM AGDM","3037675","2012-02-08 23:00","2012","02","08","23:00","-4.0","","-11.2","","57","","","","32","","20","","","","","M","","","-10","","NA"
"-112.12","49.50","WRENTHAM AGDM","3037675","2012-02-09 00:00","2012","02","09","00:00","-6.6","","-11.5","","68","","","","30","","15","","","","","M","","","-13","","NA"
"-112.12","49.50","WRENTHAM AGDM","3037675","2012-02-09 01:00","2012","02","09","01:00","-7.6","","-11.7","","72","","","","28","","17","","","","","M","","","-14","","NA"
"-112.12","49.50","WRENTHAM AGDM","3037675","2012-02-09 02:00","2012","02","09","02:00","-6.4","","-11.2","","69","","","","29","","19","","","","","M","","","-13","","NA"
"-112.12","49.50","WRENTHAM AGDM","3037675","2012-02-09 03:00","2012","02","09","03:00","-6.4","","-10.9","","70","","","","28","","22","","","","","M","","","-14","","NA"
"-112.12","49.50","WRENTHAM AGDM","3037675","2012-02-09 04:00","2012","02","09","04:00","-6.6","","-11.6","","68","","","","30","","17","","","","","M","","","-13","","NA"
"-112.12","49.50","WRENTHAM AGDM","3037675","2012-02-09 05:00","2012","02","09","05:00","-7.4","","-12.0","","70","","","","31","","19","","","","","M","","","-14","","NA"
"-112.12","49.50","WRENTHAM AGDM","3037675","2012-02-09 06:00","2012","02","09","06:00","-8.6","","-12.4","","74","","","","34","","19","","","","","M","","","-16","","NA"
"-112.12","49.50","WRENTHAM AGDM","3037675","2012-02-09 07:00","2012","02","09","07:00","-10.4","","-13.3","","79","","","","33","","19","","","","","M","","","-18","","NA"
"-112.12","49.50","WRENTHAM AGDM","3037675","2012-02-09 08:00","2012","02","09","08:00","-11.1","","-13.9","","80","","","","32","","15","","","","","M","","","-18","","NA"
"-112.12","49.50","WRENTHAM AGDM","3037675","2012-02-09 09:00","2012","02","09","09:00","-7.7","","-11.3","","75","","","","34","","13","","","","","M","","","-13","","NA"
"-112.12","49.50","WRENTHAM AGDM","3037675","2012-02-09 10:00","2012","02","09","10:00","-6.1","","-10.7","","70","","","","33","","17","","","","","M","","","-12","","NA"
"-112.12","49.50","WRENTHAM AGDM","3037675","2012-02-09 11:00","2012","02","09","11:00","-4.5","","-11.1","","60","","","","32","","13","","","","","M","","","-10","","NA"
"-112.12","49.50","WRENTHAM AGDM","3037675","2012-02-09 12:00","2012","02","09","12:00","-3.5","","-11.0","","56","","","","33","","13","","","","","M","","","-8","","NA"
"-112.12","49.50","WRENTHAM AGDM","3037675","2012-02-09 13:00","2012","02","09","13:00","-2.8","","-10.8","","54","","","","34","","15","","","","","M","","","-8","","NA"
"-112.12","49.50","WRENTHAM AGDM","3037675","2012-02-09 14:00","2012","02","09","14:00","-2.0","","-10.6","","52","","","","35","","11","","","","","M","","","-6","","NA"
"-112.12","49.50","WRENTHAM AGDM","3037675","2012-02-09 15:00","2012","02","09","15:00","-2.1","","-11.3","","49","","","","36","","15","","","","","M","","","-7","","NA"
"-112.12","49.50","WRENTHAM AGDM","3037675","2012-02-09 16:00","2012","02","09","16:00","-2.2","","-11.3","","50","","","","35","","15","","","","","M","","","-7","","NA"
"-112.12","49.50","WRENTHAM AGDM","3037675","2012-02-09 17:00","2012","02","09","17:00","-3.1","","-11.6","","52","","","","36","","9","","","","","M","","","-7","","NA"
"-112.12","49.50","WRENTHAM AGDM","3037675","2012-02-09 18:00","2012","02","09","18:00","-6.7","","-12.7","","62","","","","4","","13","","","","","M","","","-12","","NA"
"-112.12","49.50","WRENTHAM AGDM","3037675","2012-02-09 19:00","2012","02","09","19:00","-5.7","","-11.8","","62","","","","4","","7","","","","","M","","","-9","","NA"
"-112.12","49.50","WRENTHAM AGDM","3037675","2012-02-09 20:00","2012","02","09","20:00","-5.9","","-11.5","","65","","","","6","","4","","","","","M","","","-8","","NA"
"-112.12","49.50","WRENTHAM AGDM","3037675","2012-02-09 21:00","2012","02","09","21:00","-8.1","","-12.5","","71","","","","5","","7","","","","","M","","","-12","","NA"
"-112.12","49.50","WRENTHAM AGDM","3037675","2012-02-09 22:00","2012","02","09","22:00","-10.1","","-13.3","","77","","","","6","","19","","","","","M","","","-18","","NA"
"-112.12","49.50","WRENTHAM AGDM","3037675","2012-02-09 23:00","2012","02","09","23:00","-9.9","","-12.7","","80","","","","11","","6","","","","","M","","","-13","","NA"
"-112.12","49.50","WRENTHAM AGDM","3037675","2012-02-10 00:00","2012","02","10","00:00","-9.6","","-12.5","","79","","","","9","","6","","","","","M","","","-13","","NA"
"-112.12","49.50","WRENTHAM AGDM","3037675","2012-02-10 01:00","2012","02","10","01:00","-9.5","","-12.6","","78","","","","","","0","","","","","M","","","","","NA"
"-112.12","49.50","WRENTHAM AGDM","3037675","2012-02-10 02:00","2012","02","10","02:00","-10.2","","-12.9","","81","","","","3","","11","","","","","M","","","-16","","NA"
"-112.12","49.50","WRENTHAM AGDM","3037675","2012-02-10 03:00","2012","02","10","03:00","-10.9","","-13.3","","82","","","","3","","19","","","","","M","","","-19","","NA"
"-112.12","49.50","WRENTHAM AGDM","3037675","2012-02-10 04:00","2012","02","10","04:00","-11.6","","-14.2","","81","","","","3","","13","","","","","M","","","-18","","NA"
"-112.12","49.50","WRENTHAM AGDM","3037675","2012-02-10 05:00","2012","02","10","05:00","-11.7","","-15.2","","75","","","","5","","9","","","","","M","","","-17","","NA"
"-112.12","49.50","WRENTHAM AGDM","3037675","2012-02-10 06:00","2012","02","10","06:00","-12.4","","-15.1","","80","","","","4","","15","","","","","M","","","-20","","NA"
"-112.12","49.50","WRENTHAM AGDM","3037675","2012-02-10 07:00","2012","02","10","07:00","-13.5","","-15.9","","82","","","","4","","11","","","","","M","","","-20","","NA"
"-112.12","49.50","WRENTHAM AGDM","3037675","2012-02-10 08:00","2012","02","10","08:00","-14.3","","-16.3","","85","","","","10","","4","","","","","M","","","-17","","NA"
"-112.12","49.50","WRENTHAM AGDM","3037675","2012-02-10 09:00","2012","02","10","09:00","-13.2","","-15.7","","81","","","","6","","6","","","","","M","","","-17","","NA"
"-112.12","49.50","WRENTHAM AGDM","3037675","2012-02-10 10:00","2012","02","10","10:00","-13.1","","-15.6","","81","","","","3","","9","","","","","M","","","-19","","NA"
"-112.12","49.50","WRENTHAM AGDM","3037675","2012-02-10 11:00","2012","02","10","11:00","-11.9","","-14.9","","78","","","","8","","7","","","","","M","","","-16","","NA"
"-112.12","49.50","WRENTHAM AGDM","3037675","2012-02-10 12:00","2012","02","10","12:00","-9.6","","-13.9","","71","","","","8","","9","","","","","M","","","-14","","NA"
"-112.12","49.50","WRENTHAM AGDM","3037675","2012-02-10 13:00","2012","02","10","13:00","-7.3","","-13.4","","62","","","","9","","11","","","","","M","","","-12","","NA"
"-112.12","49.50","WRENTHAM AGDM","3037675","2012-02-10 14:00","2012","02","10","14:00","-5.4","","-13.9","","51","","","","13","","9","","","","","M","","","-9","","NA"
"-112.12","49.50","WRENTHAM AGDM","3037675","2012-02-10 15:00","2012","02","10","15:00","-4.8","","-14.3","","47","","","","11","","9","","","","","M","","","-9","","NA"
"-112.12","49.50","WRENTHAM AGDM","3037675","2012-02-10 16:00","2012","02","10","16:00","-5.7","","-15.0","","48","","","","8","","20","","","","","M","","","-12","","NA"
"-112.12","49.50","WRENTHAM AGDM","3037675","2012-02-10 17:00","2012","02","10","17:00","-8.0","","-17.3","","47","","","","9","","15","","","","","M","","","-14","","NA"
"-112.12","49.50","WRENTHAM AGDM","3037675","2012-02-10 18:00","2012","02","10","18:00","-10.1","","-17.9","","53","","","","9","","15","","","","","M","","","-17","","NA"
"-112.12","49.50","WRENTHAM AGDM","3037675","2012-02-10 19:00","2012","02","10","19:00","-12.6","","-18.7","","60","","","","9","","11","","","","","M","","","-19","","NA"
"-112.12","49.50","WRENTHAM AGDM","3037675","2012-02-10 20:00","2012","02","10","20:00","-14.2","","-19.3","","65","","","","12","","11","","","","","M","","","-21","","NA"
"-112.12","49.50","WRENTHAM AGDM","3037675","2012-02-10 21:00","2012","02","10","21:00","-15.4","","-19.8","","69","","","","11","","9","","","","","M","","","-21","","NA"
"-112.12","49.50","WRENTHAM AGDM","3037675","2012-02-10 22:00","2012","02","10","22:00","-15.4","","-19.7","","70","","","","13","","9","","","","","M","","","-21","","NA"
"-112.12","49.50","WRENTHAM AGDM","3037675","2012-02-10 23:00","2012","02","10","23:00","-16.0","","-20.0","","71","","","","14","","11","","","","","M","","","-23","","NA"
"-112.12","49.50","WRENTHAM AGDM","3037675","2012-02-11 00:00","2012","02","11","00:00","-16.2","","-19.8","","74","","","","14","","17","","","","","M","","","-25","","NA"
"-112.12","49.50","WRENTHAM AGDM","3037675","2012-02-11 01:00","2012","02","11","01:00","-16.4","","-19.7","","76","","","","16","","15","","","","","M","","","-25","","NA"
"-112.12","49.50","WRENTHAM AGDM","3037675","2012-02-11 02:00","2012","02","11","02:00","-18.3","","-20.8","","81","","","","16","","9","","","","","M","","","-25","","NA"
"-112.12","49.50","WRENTHAM AGDM","3037675","2012-02-11 03:00","2012","02","11","03:00","-15.7","","-18.6","","78","","","","16","","15","","","","","M","","","-24","","NA"
"-112.12","49.50","WRENTHAM AGDM","3037675","2012-02-11 04:00","2012","02","11","04:00","-17.2","","-20.4","","76","","","","13","","13","","","","","M","","","-25","","NA"
"-112.12","49.50","WRENTHAM AGDM","3037675","2012-02-11 05:00","2012","02","11","05:00","-17.8","","-20.6","","79","","","","14","","13","","","","","M","","","-26","","NA"
"-112.12","49.50","WRENTHAM AGDM","3037675","2012-02-11 06:00","2012","02","11","06:00","-18.2","","-21.2","","77","","","","14","","17","","","","","M","","","-27","","NA"
"-112.12","49.50","WRENTHAM AGDM","3037675","2012-02-11 07:00","2012","02","11","07:00","-17.8","","-20.9","","77","","","","14","","17","","","","","M","","","-27","","NA"
"-112.12","49.50","WRENTHAM AGDM","3037675","2012-02-11 08:00","2012","02","11","08:00","-18.4","","-21.4","","77","","","","14","","15","","","","","M","","","-27","","NA"
"-112.12","49.50","WRENTHAM AGDM","3037675","2012-02-11 09:00","2012","02","11","09:00","-15.5","","-19.4","","72","","","","14","","15","","","","","M","","","-24","","NA"
"-112.12","49.50","WRENTHAM AGDM","3037675","2012-02-11 10:00","2012","02","11","10:00","-10.6","","-18.2","","54","","","","16","","39","","","","","M","","","-21","","NA"
"-112.12","49.50","WRENTHAM AGDM","3037675","2012-02-11 11:00","2012","02","11","11:00","-9.2","","-18.0","","49","","","","16","","39","","","","","M","","","-20","","NA"
"-112.12","49.50","WRENTHAM AGDM","3037675","2012-02-11 12:00","2012","02","11","12:00","-7.1","","-16.7","","46","","","","16","","33","","","","","M","","","-16","","NA"
"-112.12","49.50","WRENTHAM AGDM","3037675","2012-02-11 13:00","2012","02","11","13:00","-5.2","","-15.4","","45","","","","15","","35","","","","","M","","","-14","","NA"
"-112.12","49.50","WRENTHAM AGDM","3037675","2012-02-11 14:00","2012","02","11","14:00","-3.8","","-14.7","","42","","","","16","","33","","","","","M","","","-12","","NA"
"-112.12","49.50","WRENTHAM AGDM","3037675","2012-02-11 15:00","2012","02","11","15:00","-3.4","","-14.1","","43","","","","15","","30","","","","","M","","","-11","","NA"
"-112.12","49.50","WRENTHAM AGDM","3037675","2012-02-11 16:00","2012","02","11","16:00","-3.3","","-15.2","","39","","","","15","","33","","","","","M","","","-11","","NA"
"-112.12","49.50","WRENTHAM AGDM","3037675","2012-02-11 17:00","2012","02","11","17:00","-5.0","","-14.4","","48","","","","16","","30","","","","","M","","","-13","","NA"
"-112.12","49.50","WRENTHAM AGDM","3037675","2012-02-11 18:00","2012","02","11","18:00","-7.1","","-14.5","","55","","","","16","","20","","","","","M","","","-14","","NA"
"-112.12","49.50","WRENTHAM AGDM","3037675","2012-02-11 19:00","2012","02","11","19:00","-6.0","","-13.7","","54","","","","16","","28","","","","","M","","","-14","","NA"
"-112.12","49.50","WRENTHAM AGDM","3037675","2012-02-11 20:00","2012","02","11","20:00","-6.5","","-14.1","","55","","","","15","","24","","","","","M","","","-14","","NA"
"-112.12","49.50","WRENTHAM AGDM","3037675","2012-02-11 21:00","2012","02","11","21:00","-5.7","","-13.1","","56","","","","17","","32","","","","","M","","","-14","","NA"
"-112.12","49.50","WRENTHAM AGDM","3037675","2012-02-11 22:00","2012","02","11","22:00","-6.0","","-12.2","","61","","","","17","","32","","","","","M","","","-15","","NA"
"-112.12","49.50","WRENTHAM AGDM","3037675","2012-02-11 23:00","2012","02","11","23:00","-6.4","","-11.9","","65","","","","18","","28","","","","","M","","","-15","","NA"
"-112.12","49.50","WRENTHAM AGDM","3037675","2012-02-12 00:00","2012","02","12","00:00","-7.5","","-12.2","","69","","","","17","","19","","","","","M","","","-15","","NA"
"-112.12","49.50","WRENTHAM AGDM","3037675","2012-02-12 01:00","2012","02","12","01:00","-7.3","","-11.8","","70","","","","19","","13","","","","","M","","","-13","","NA"
"-112.12","49.50","WRENTHAM AGDM","3037675","2012-02-12 02:00","2012","02","12","02:00","-8.6","","-12.2","","75","","","","19","","11","","","","","M","","","-14","","NA"
"-112.12","49.50","WRENTHAM AGDM","3037675","2012-02-12 03:00","2012","02","12","03:00","-9.8","","-12.2","","83","","","","18","","15","","","","","M","","","-16","","NA"
"-112.12","49.50","WRENTHAM AGDM","3037675","2012-02-12 04:00","2012","02","12","04:00","-10.2","","-12.6","","83","","","","19","","13","","","","","M","","","-16","","NA"
"-112.12","49.50","WRENTHAM AGDM","3037675","2012-02-12 05:00","2012","02","12","05:00","-9.8","","-12.0","","84","","","","19","","9","","","","","M","","","-15","","NA"
"-112.12","49.50","WRENTHAM AGDM","3037675","2012-02-12 06:00","2012","02","12","06:00","-10.5","","-12.5","","85","","","","18","","4","","","","","M","","","-13","","NA"
"-112.12","49.50","WRENTHAM AGDM","3037675","2012-02-12 07:00","2012","02","12","07:00","-10.5","","-12.3","","87","","","","21","","6","","","","","M","","","-14","","NA"
"-112.12","49.50","WRENTHAM AGDM","3037675","2012-02-12 08:00","2012","02","12","08:00","-7.5","","-9.4","","86","","","","24","","17","","","","","M","","","-14","","NA"
"-112.12","49.50","WRENTHAM AGDM","3037675","2012-02-12 09:00","2012","02","12","09:00","-5.5","","-7.7","","84","","","","23","","7","","","","","M","","","-9","","NA"
"-112.12","49.50","WRENTHAM AGDM","3037675","2012-02-12 10:00","2012","02","12","10:00","-0.6","","-4.1","","77","","","","25","","7","","","","","M","","","-3","","NA"
"-112.12","49.50","WRENTHAM AGDM","3037675","2012-02-12 11:00","2012","02","12","11:00","3.1","","-3.0","","64","","","","29","","9","","","","","M","","","","","NA"
"-112.12","49.50","WRENTHAM AGDM","3037675","2012-02-12 12:00","2012","02","12","12:00","4.4","","-2.7","","60","","","","28","","9","","","","","M","","","","","NA"
"-112.12","49.50","WRENTHAM AGDM","3037675","2012-02-12 13:00","2012","02","12","13:00","6.6","","-3.9","","47","","","","28","","15","","","","","M","","","","","NA"
"-112.12","49.50","WRENTHAM AGDM","3037675","2012-02-12 14:00","2012","02","12","14:00","7.2","","-5.4","","40","","","","30","","15","","","","","M","","","","","NA"
"-112.12","49.50","WRENTHAM AGDM","3037675","2012-02-12 15:00","2012","02","12","15:00","7.4","","-6.1","","38","","","","31","","9","","","","","M","","","","","NA"
"-112.12","49.50","WRENTHAM AGDM","3037675","2012-02-12 16:00","2012","02","12","16:00","6.9","","-5.3","","41","","","","35","","6","","","","","M","","","","","NA"
"-112.12","49.50","WRENTHAM AGDM","3037675","2012-02-12 17:00","2012","02","12","17:00","5.7","","-5.6","","44","","","","1","","6","","","","","M","","","","","NA"
"-112.12","49.50","WRENTHAM AGDM","3037675","2012-02-12 18:00","2012","02","12","18:00","3.7","","-6.2","","48","","","","3","","2","","","","","M","","","","","NA"
"-112.12","49.50","WRENTHAM AGDM","3037675","2012-02-12 19:00","2012","02","12","19:00","2.2","","-6.2","","54","","","","19","","13","","","","","M","","","","","NA"
"-112.12","49.50","WRENTHAM AGDM","3037675","2012-02-12 20:00","2012","02","12","20:00","2.7","","-5.0","","57","","","","24","","17","","","","","M","","","","","NA"
"-112.12","49.50","WRENTHAM AGDM","3037675","2012-02-12 21:00","2012","02","12","21:00","3.1","","-4.7","","57","","","","25","","20","","","","","M","","","","","NA"
"-112.12","49.50","WRENTHAM AGDM","3037675","2012-02-12 22:00","2012","02","12","22:00","2.9","","-4.5","","58","","","","25","","20","","","","","M","","","","","NA"
"-112.12","49.50","WRENTHAM AGDM","3037675","2012-02-12 23:00","2012","02","12","23:00","2.8","","-4.2","","60","","","","25","","20","","","","","M","","","","","NA"
"-112.12","49.50","WRENTHAM AGDM","3037675","2012-02-13 00:00","2012","02","13","00:00","2.6","","-4.2","","61","","","","26","","20","","","","","M","","","","","NA"
"-112.12","49.50","WRENTHAM AGDM","3037675","2012-02-13 01:00","2012","02","13","01:00","2.3","","-4.2","","62","","","","26","","19","","","","","M","","","","","NA"
"-112.12","49.50","WRENTHAM AGDM","3037675","2012-02-13 02:00","2012","02","13","02:00","2.5","","-4.1","","62","","","","26","","20","","","","","M","","","","","NA"
"-112.12","49.50","WRENTHAM AGDM","3037675","2012-02-13 03:00","2012","02","13","03:00","1.9","","-4.2","","64","","","","26","","9","","","","","M","","","","","NA"
"-112.12","49.50","WRENTHAM AGDM","3037675","2012-02-13 04:00","2012","02","13","04:00","1.0","","-4.3","","68","","","","27","","11","","","","","M","","","","","NA"
"-112.12","49.50","WRENTHAM AGDM","3037675","2012-02-13 05:00","2012","02","13","05:00","1.0","","-4.3","","68","","","","26","","11","","","","","M","","","","","NA"
"-112.12","49.50","WRENTHAM AGDM","3037675","2012-02-13 06:00","2012","02","13","06:00","1.2","","-4.5","","66","","","","26","","17","","","","","M","","","","","NA"
"-112.12","49.50","WRENTHAM AGDM","3037675","2012-02-13 07:00","2012","02","13","07:00","1.4","","-4.7","","64","","","","25","","15","","","","","M","","","","","NA"
"-112.12","49.50","WRENTHAM AGDM","3037675","2012-02-13 08:00","2012","02","13","08:00","1.4","","-4.8","","63","","","","27","","17","","","","","M","","","","","NA"
"-112.12","49.50","WRENTHAM AGDM","3037675","2012-02-13 09:00","2012","02","13","09:00","1.6","","-4.7","","63","","","","28","","13","","","","","M","","","","","NA"
"-112.12","49.50","WRENTHAM AGDM","3037675","2012-02-13 10:00","2012","02","13","10:00","3.0","","-4.4","","58","","","","28","","13","","","","","M","","","","","NA"
"-112.12","49.50","WRENTHAM AGDM","3037675","2012-02-13 11:00","2012","02","13","11:00","3.8","","","M","","M","","","","M","","M","","","","M","","","","","NA"
"-112.12","49.50","WRENTHAM AGDM","3037675","2012-02-13 12:00","2012","02","13","12:00","4.8","","-4.4","","51","","","","30","","15","","","","","M","","","","","NA"
"-112.12","49.50","WRENTHAM AGDM","3037675","2012-02-13 13:00","2012","02","13","13:00","4.5","","-4.3","","53","","","","29","","13","","","","","M","","","","","NA"
"-112.12","49.50","WRENTHAM AGDM","3037675","2012-02-13 14:00","2012","02","13","14:00","4.2","","-2.7","","61","","","","35","","9","","","","","M","","","","","NA"
"-112.12","49.50","WRENTHAM AGDM","3037675","2012-02-13 15:00","2012","02","13","15:00","4.5","","-3.1","","58","","","","29","","7","","","","","M","","","","","NA"
"-112.12","49.50","WRENTHAM AGDM","3037675","2012-02-13 16:00","2012","02","13","16:00","4.1","","-3.1","","59","","","","34","","4","","","","","M","","","","","NA"
"-112.12","49.50","WRENTHAM AGDM","3037675","2012-02-13 17:00","2012","02","13","17:00","3.0","","-3.0","","65","","","","4","","6","","","","","M","","","","","NA"
"-112.12","49.50","WRENTHAM AGDM","3037675","2012-02-13 18:00","2012","02","13","18:00","1.9","","-3.6","","67","","","","3","","2","","","","","M","","","","","NA"
"-112.12","49.50","WRENTHAM AGDM","3037675","2012-02-13 19:00","2012","02","13","19:00","0.7","","-4.0","","71","","","","5","","4","","","","","M","","","","","NA"
"-112.12","49.50","WRENTHAM AGDM","3037675","2012-02-13 20:00","2012","02","13","20:00","0.3","","-4.1","","72","","","","9","","2","","","","","M","","","","","NA"
"-112.12","49.50","WRENTHAM AGDM","3037675","2012-02-13 21:00","2012","02","13","21:00","0.5","","-4.0","","72","","","","2","","15","","","","","M","","","","","NA"
"-112.12","49.50","WRENTHAM AGDM","3037675","2012-02-13 22:00","2012","02","13","22:00","-0.4","","-2.6","","85","","","","36","","17","","","","","M","","","-5","","NA"
"-112.12","49.50","WRENTHAM AGDM","3037675","2012-02-13 23:00","2012","02","13","23:00","-2.1","","-2.9","","94","","","","36","","26","","","","","M","","","-9","","NA"
"-112.12","49.50","WRENTHAM AGDM","3037675","2012-02-14 00:00","2012","02","14","00:00","-2.7","","-3.6","","94","","","","35","","32","","","","","M","","","-10","","NA"
"-112.12","49.50","WRENTHAM AGDM","3037675","2012-02-14 01:00","2012","02","14","01:00","-3.1","","-3.9","","94","","","","34","","28","","","","","M","","","-10","","NA"
"-112.12","49.50","WRENTHAM AGDM","3037675","2012-02-14 02:00","2012","02","14","02:00","-3.3","","-4.0","","95","","","","34","","32","","","","","M","","","-11","","NA"
"-112.12","49.50","WRENTHAM AGDM","3037675","2012-02-14 03:00","2012","02","14","03:00","-3.7","","-4.6","","93","","","","34","","28","","","","","M","","","-11","","NA"
"-112.12","49.50","WRENTHAM AGDM","3037675","2012-02-14 04:00","2012","02","14","04:00","-3.8","","-4.6","","94","","","","33","","20","","","","","M","","","-10","","NA"
"-112.12","49.50","WRENTHAM AGDM","3037675","2012-02-14 05:00","2012","02","14","05:00","-4.2","","-4.9","","95","","","","29","","15","","","","","M","","","-10","","NA"
"-112.12","49.50","WRENTHAM AGDM","3037675","2012-02-14 06:00","2012","02","14","06:00","-4.9","","-5.9","","93","","","","28","","20","","","","","M","","","-11","","NA"
"-112.12","49.50","WRENTHAM AGDM","3037675","2012-02-14 07:00","2012","02","14","07:00","-5.7","","-8.2","","82","","","","29","","19","","","","","M","","","-12","","NA"
"-112.12","49.50","WRENTHAM AGDM","3037675","2012-02-14 08:00","2012","02","14","08:00","-8.1","","-10.4","","83","","","","27","","19","","","","","M","","","-15","","NA"
"-112.12","49.50","WRENTHAM AGDM","3037675","2012-02-14 09:00","2012","02","14","09:00","-8.0","","-11.1","","78","","","","28","","19","","","","","M","","","-15","","NA"
"-112.12","49.50","WRENTHAM AGDM","3037675","2012-02-14 10:00","2012","02","14","10:00","-6.1","","-10.2","","73","","","","27","","17","","","","","M","","","-12","","NA"
"-112.12","49.50","WRENTHAM AGDM","3037675","2012-02-14 11:00","2012","02","14","11:00","-3.9","","-9.5","","65","","","","27","","17","","","","","M","","","-10","","NA"
"-112.12","49.50","WRENTHAM AGDM","3037675","2012-02-14 12:00","2012","02","14","12:00","-2.4","","-9.3","","59","","","","27","","17","","","","","M","","","-8","","NA"
"-112.12","49.50","WRENTHAM AGDM","3037675","2012-02-14 13:00","2012","02","14","13:00","-1.3","","-8.8","","57","","","","28","","13","","","","","M","","","-6","","NA"
"-112.12","49.50","WRENTHAM AGDM","3037675","2012-02-14 14:00","2012","02","14","14:00","-0.1","","-8.9","","51","","","","28","","7","","","","","M","","","-3","","NA"
"-112.12","49.50","WRENTHAM AGDM","3037675","2012-02-14 15:00","2012","02","14","15:00","0.7","","-9.3","","47","","","","22","","6","","","","","M","","","","","NA"
"-112.12","49.50","WRENTHAM AGDM","3037675","2012-02-14 16:00","2012","02","14","16:00","0.8","","-9.5","","46","","","","17","","4","","","","","M","","","","","NA"
"-112.12","49.50","WRENTHAM AGDM","3037675","2012-02-14 17:00","2012","02","14","17:00","-0.9","","-10.3","","49","","","","13","","4","","","","","M","","","-2","","NA"
"-112.12","49.50","WRENTHAM AGDM","3037675","2012-02-14 18:00","2012","02","14","18:00","-6.4","","-11.2","","69","","","","13","","7","","","","","M","","","-10","","NA"
"-112.12","49.50","WRENTHAM AGDM","3037675","2012-02-14 19:00","2012","02","14","19:00","-7.4","","-11.1","","75","","","","14","","11","","","","","M","","","-12","","NA"
"-112.12","49.50","WRENTHAM AGDM","3037675","2012-02-14 20:00","2012","02","14","20:00","-9.8","","-12.4","","81","","","","17","","7","","","","","M","","","-14","","NA"
"-112.12","49.50","WRENTHAM AGDM","3037675","2012-02-14 21:00","2012","02","14","21:00","-10.6","","-13.2","","81","","","","18","","4","","","","","M","","","-13","","NA"
"-112.12","49.50","WRENTHAM AGDM","3037675","2012-02-14 22:00","2012","02","14","22:00","-13.4","","-16.0","","81","","","","24","","13","","","","","M","","","-20","","NA"
"-112.12","49.50","WRENTHAM AGDM","3037675","2012-02-14 23:00","2012","02","14","23:00","-14.1","","-16.1","","85","","","","27","","17","","","","","M","","","-22","","NA"
"-112.12","49.50","WRENTHAM AGDM","3037675","2012-02-15 00:00","2012","02","15","00:00","-13.0","","-15.1","","84","","","","26","","13","","","","","M","","","-20","","NA"
"-112.12","49.50","WRENTHAM AGDM","3037675","2012-02-15 01:00","2012","02","15","01:00","-11.5","","-13.4","","86","","","","26","","19","","","","","M","","","-20","","NA"
"-112.12","49.50","WRENTHAM AGDM","3037675","2012-02-15 02:00","2012","02","15","02:00","-11.3","","-13.5","","84","","","","26","","19","","","","","M","","","-19","","NA"
"-112.12","49.50","WRENTHAM AGDM","3037675","2012-02-15 03:00","2012","02","15","03:00","-11.2","","-13.8","","81","","","","26","","19","","","","","M","","","-19","","NA"
"-112.12","49.50","WRENTHAM AGDM","3037675","2012-02-15 04:00","2012","02","15","04:00","-11.3","","-13.8","","82","","","","25","","13","","","","","M","","","-18","","NA"
"-112.12","49.50","WRENTHAM AGDM","3037675","2012-02-15 05:00","2012","02","15","05:00","-12.1","","-14.5","","82","","","","25","","15","","","","","M","","","-19","","NA"
"-112.12","49.50","WRENTHAM AGDM","3037675","2012-02-15 06:00","2012","02","15","06:00","-11.8","","-14.5","","80","","","","26","","17","","","","","M","","","-19","","NA"
"-112.12","49.50","WRENTHAM AGDM","3037675","2012-02-15 07:00","2012","02","15","07:00","-11.8","","-14.8","","78","","","","26","","17","","","","","M","","","-19","","NA"
"-112.12","49.50","WRENTHAM AGDM","3037675","2012-02-15 08:00","2012","02","15","08:00","-11.0","","-14.4","","76","","","","25","","19","","","","","M","","","-19","","NA"
"-112.12","49.50","WRENTHAM AGDM","3037675","2012-02-15 09:00","2012","02","15","09:00","-7.5","","-12.4","","68","","","","25","","17","","","","","M","","","-14","","NA"
"-112.12","49.50","WRENTHAM AGDM","3037675","2012-02-15 10:00","2012","02","15","10:00","-4.4","","-11.3","","59","","","","25","","17","","","","","M","","","-10","","NA"
"-112.12","49.50","WRENTHAM AGDM","3037675","2012-02-15 11:00","2012","02","15","11:00","-2.8","","-9.7","","59","","","","24","","19","","","","","M","","","-9","","NA"
"-112.12","49.50","WRENTHAM AGDM","3037675","2012-02-15 12:00","2012","02","15","12:00","0.3","","-8.7","","51","","","","24","","11","","","","","M","","","","","NA"
"-112.12","49.50","WRENTHAM AGDM","3037675","2012-02-15 13:00","2012","02","15","13:00","0.5","","-8.0","","53","","","","25","","30","","","","","M","","","","","NA"
"-112.12","49.50","WRENTHAM AGDM","3037675","2012-02-15 14:00","2012","02","15","14:00","1.3","","-7.0","","54","","","","27","","28","","","","","M","","","","","NA"
"-112.12","49.50","WRENTHAM AGDM","3037675","2012-02-15 15:00","2012","02","15","15:00","1.8","","-6.5","","54","","","","27","","26","","","","","M","","","","","NA"
"-112.12","49.50","WRENTHAM AGDM","3037675","2012-02-15 16:00","2012","02","15","16:00","1.9","","-6.0","","56","","","","27","","28","","","","","M","","","","","NA"
"-112.12","49.50","WRENTHAM AGDM","3037675","2012-02-15 17:00","2012","02","15","17:00","1.2","","-6.1","","58","","","","26","","22","","","","","M","","","","","NA"
"-112.12","49.50","WRENTHAM AGDM","3037675","2012-02-15 18:00","2012","02","15","18:00","-1.0","","-6.5","","66","","","","26","","24","","","","","M","","","-7","","NA"
"-112.12","49.50","WRENTHAM AGDM","3037675","2012-02-15 19:00","2012","02","15","19:00","-2.6","","-8.0","","66","","","","25","","24","","","","","M","","","-9","","NA"
"-112.12","49.50","WRENTHAM AGDM","3037675","2012-02-15 20:00","2012","02","15","20:00","-5.2","","-9.8","","70","","","","26","","13","","","","","M","","","-10","","NA"
"-112.12","49.50","WRENTHAM AGDM","3037675","2012-02-15 21:00","2012","02","15","21:00","-7.4","","-10.8","","77","","","","26","","13","","","","","M","","","-13","","NA"
"-112.12","49.50","WRENTHAM AGDM","3037675","2012-02-15 22:00","2012","02","15","22:00","-5.1","","-10.1","","68","","","","25","","22","","","","","M","","","-12","","NA"
"-112.12","49.50","WRENTHAM AGDM","3037675","2012-02-15 23:00","2012","02","15","23:00","-3.5","","-9.6","","63","","","","26","","26","","","","","M","","","-11","","NA"
"-112.12","49.50","WRENTHAM AGDM","3037675","2012-02-16 00:00","2012","02","16","00:00","-3.6","","-9.6","","63","","","","25","","26","","","","","M","","","-11","","NA"
"-112.12","49.50","WRENTHAM AGDM","3037675","2012-02-16 01:00","2012","02","16","01:00","-3.7","","-9.7","","63","","","","26","","28","","","","","M","","","-11","","NA"
"-112.12","49.50","WRENTHAM AGDM","3037675","2012-02-16 02:00","2012","02","16","02:00","-4.5","","-9.4","","69","","","","28","","28","","","","","M","","","-12","","NA"
"-112.12","49.50","WRENTHAM AGDM","3037675","2012-02-16 03:00","2012","02","16","03:00","-4.1","","-8.9","","69","","","","28","","28","","","","","M","","","-12","","NA"
"-112.12","49.50","WRENTHAM AGDM","3037675","2012-02-16 04:00","2012","02","16","04:00","-5.0","","-9.4","","71","","","","26","","20","","","","","M","","","-12","","NA"
"-112.12","49.50","WRENTHAM AGDM","3037675","2012-02-16 05:00","2012","02","16","05:00","-7.4","","-10.6","","78","","","","28","","19","","","","","M","","","-14","","NA"
"-112.12","49.50","WRENTHAM AGDM","3037675","2012-02-16 06:00","2012","02","16","06:00","-10.4","","-12.6","","84","","","","25","","15","","","","","M","","","-17","","NA"
"-112.12","49.50","WRENTHAM AGDM","3037675","2012-02-16 07:00","2012","02","16","07:00","-9.6","","-12.8","","77","","","","26","","15","","","","","M","","","-16","","NA"
"-112.12","49.50","WRENTHAM AGDM","3037675","2012-02-16 08:00","2012","02","16","08:00","-9.4","","-12.3","","79","","","","26","","11","","","","","M","","","-15","","NA"
"-112.12","49.50","WRENTHAM AGDM","3037675","2012-02-16 09:00","2012","02","16","09:00","-3.5","","-8.8","","67","","","","29","","11","","","","","M","","","-8","","NA"
"-112.12","49.50","WRENTHAM AGDM","3037675","2012-02-16 10:00","2012","02","16","10:00","-1.8","","-7.7","","64","","","","21","","9","","","","","M","","","-5","","NA"
"-112.12","49.50","WRENTHAM AGDM","3037675","2012-02-16 11:00","2012","02","16","11:00","1.8","","-6.7","","53","","","","23","","9","","","","","M","","","","","NA"
"-112.12","49.50","WRENTHAM AGDM","3037675","2012-02-16 12:00","2012","02","16","12:00","3.0","","-5.4","","54","","","","28","","26","","","","","M","","","","","NA"
"-112.12","49.50","WRENTHAM AGDM","3037675","2012-02-16 13:00","2012","02","16","13:00","3.4","","-5.6","","52","","","","28","","32","","","","","M","","","","","NA"
"-112.12","49.50","WRENTHAM AGDM","3037675","2012-02-16 14:00","2012","02","16","14:00","4.5","","-5.0","","50","","","","29","","30","","","","","M","","","","","NA"
"-112.12","49.50","WRENTHAM AGDM","3037675","2012-02-16 15:00","2012","02","16","15:00","5.2","","-5.4","","46","","","","28","","28","","","","","M","","","","","NA"
"-112.12","49.50","WRENTHAM AGDM","3037675","2012-02-16 16:00","2012","02","16","16:00","3.7","","-4.6","","55","","","","28","","19","","","","","M","","","","","NA"
"-112.12","49.50","WRENTHAM AGDM","3037675","2012-02-16 17:00","2012","02","16","17:00","1.7","","-4.7","","62","","","","28","","15","","","","","M","","","","","NA"
"-112.12","49.50","WRENTHAM AGDM","3037675","2012-02-16 18:00","2012","02","16","18:00","-0.7","","-5.1","","72","","","","29","","11","","","","","M","","","-4","","NA"
"-112.12","49.50","WRENTHAM AGDM","3037675","2012-02-16 19:00","2012","02","16","19:00","-1.8","","-5.8","","74","","","","26","","9","","","","","M","","","-5","","NA"
"-112.12","49.50","WRENTHAM AGDM","3037675","2012-02-16 20:00","2012","02","16","20:00","-3.0","","-5.7","","82","","","","17","","9","","","","","M","","","-7","","NA"
"-112.12","49.50","WRENTHAM AGDM","3037675","2012-02-16 21:00","2012","02","16","21:00","-1.9","","-5.8","","75","","","","22","","17","","","","","M","","","-7","","NA"
"-112.12","49.50","WRENTHAM AGDM","3037675","2012-02-16 22:00","2012","02","16","22:00","-2.6","","-6.3","","76","","","","21","","15","","","","","M","","","-8","","NA"
"-112.12","49.50","WRENTHAM AGDM","3037675","2012-02-16 23:00","2012","02","16","23:00","-1.8","","-5.7","","75","","","","25","","17","","","","","M","","","-7","","NA"
"-112.12","49.50","WRENTHAM AGDM","3037675","2012-02-17 00:00","2012","02","17","00:00","-1.0","","-5.6","","71","","","","27","","24","","","","","M","","","-7","","NA"
"-112.12","49.50","WRENTHAM AGDM","3037675","2012-02-17 01:00","2012","02","17","01:00","-1.6","","-5.7","","74","","","","28","","28","","","","","M","","","-8","","NA"
"-112.12","49.50","WRENTHAM AGDM","3037675","2012-02-17 02:00","2012","02","17","02:00","-1.2","","-5.8","","71","","","","28","","28","","","","","M","","","-8","","NA"
"-112.12","49.50","WRENTHAM AGDM","3037675","2012-02-17 03:00","2012","02","17","03:00","-1.6","","-6.3","","70","","","","27","","26","","","","","M","","","-8","","NA"
"-112.12","49.50","WRENTHAM AGDM","3037675","2012-02-17 04:00","2012","02","17","04:00","-2.4","","-6.5","","73","","","","27","","20","","","","","M","","","-8","","NA"
"-112.12","49.50","WRENTHAM AGDM","3037675","2012-02-17 05:00","2012","02","17","05:00","-4.7","","-7.5","","81","","","","31","","13","","","","","M","","","-10","","NA"
"-112.12","49.50","WRENTHAM AGDM","3037675","2012-02-17 06:00","2012","02","17","06:00","-5.6","","-8.0","","83","","","","30","","15","","","","","M","","","-11","","NA"
"-112.12","49.50","WRENTHAM AGDM","3037675","2012-02-17 07:00","2012","02","17","07:00","-6.2","","-8.2","","86","","","","29","","6","","","","","M","","","-9","","NA"
"-112.12","49.50","WRENTHAM AGDM","3037675","2012-02-17 08:00","2012","02","17","08:00","-5.2","","-8.0","","81","","","","27","","17","","","","","M","","","-11","","NA"
"-112.12","49.50","WRENTHAM AGDM","3037675","2012-02-17 09:00","2012","02","17","09:00","-2.3","","-6.4","","73","","","","28","","19","","","","","M","","","-8","","NA"
"-112.12","49.50","WRENTHAM AGDM","3037675","2012-02-17 10:00","2012","02","17","10:00","-0.7","","-5.8","","68","","","","28","","19","","","","","M","","","-6","","NA"
"-112.12","49.50","WRENTHAM AGDM","3037675","2012-02-17 11:00","2012","02","17","11:00","1.1","","-5.6","","61","","","","29","","19","","","","","M","","","","","NA"
"-112.12","49.50","WRENTHAM AGDM","3037675","2012-02-17 12:00","2012","02","17","12:00","2.4","","-5.2","","57","","","","29","","22","","","","","M","","","","","NA"
"-112.12","49.50","WRENTHAM AGDM","3037675","2012-02-17 13:00","2012","02","17","13:00","3.5","","-5.0","","54","","","","30","","19","","","","","M","","","","","NA"
"-112.12","49.50","WRENTHAM AGDM","3037675","2012-02-17 14:00","2012","02","17","14:00","4.5","","-5.0","","50","","","","31","","13","","","","","M","","","","","NA"
"-112.12","49.50","WRENTHAM AGDM","3037675","2012-02-17 15:00","2012","02","17","15:00","5.4","","-6.8","","41","","","","28","","15","","","","","M","","","","","NA"
"-112.12","49.50","WRENTHAM AGDM","3037675","2012-02-17 16:00","2012","02","17","16:00","5.2","","-8.2","","37","","","","27","","11","","","","","M","","","","","NA"
"-112.12","49.50","WRENTHAM AGDM","3037675","2012-02-17 17:00","2012","02","17","17:00","4.5","","-7.1","","43","","","","26","","7","","","","","M","","","","","NA"
"-112.12","49.50","WRENTHAM AGDM","3037675","2012-02-17 18:00","2012","02","17","18:00","1.5","","-7.2","","52","","","","31","","2","","","","","M","","","","","NA"
"-112.12","49.50","WRENTHAM AGDM","3037675","2012-02-17 19:00","2012","02","17","19:00","-2.7","","-7.9","","67","","","","16","","9","","","","","M","","","-6","","NA"
"-112.12","49.50","WRENTHAM AGDM","3037675","2012-02-17 20:00","2012","02","17","20:00","-3.7","","-8.1","","71","","","","17","","13","","","","","M","","","-9","","NA"
"-112.12","49.50","WRENTHAM AGDM","3037675","2012-02-17 21:00","2012","02","17","21:00","-4.5","","-8.0","","76","","","","20","","11","","","","","M","","","-9","","NA"
"-112.12","49.50","WRENTHAM AGDM","3037675","2012-02-17 22:00","2012","02","17","22:00","-5.6","","-8.5","","80","","","","19","","11","","","","","M","","","-10","","NA"
"-112.12","49.50","WRENTHAM AGDM","3037675","2012-02-17 23:00","2012","02","17","23:00","-7.2","","-9.6","","83","","","","20","","7","","","","","M","","","-11","","NA"
"-112.12","49.50","WRENTHAM AGDM","3037675","2012-02-18 00:00","2012","02","18","00:00","-7.2","","-9.4","","84","","","","19","","11","","","","","M","","","-12","","NA"
"-112.12","49.50","WRENTHAM AGDM","3037675","2012-02-18 01:00","2012","02","18","01:00","-6.9","","-9.4","","82","","","","18","","7","","","","","M","","","-10","","NA"
"-112.12","49.50","WRENTHAM AGDM","3037675","2012-02-18 02:00","2012","02","18","02:00","-5.5","","-8.5","","79","","","","14","","13","","","","","M","","","-11","","NA"
"-112.12","49.50","WRENTHAM AGDM","3037675","2012-02-18 03:00","2012","02","18","03:00","-5.2","","-8.4","","78","","","","17","","15","","","","","M","","","-11","","NA"
"-112.12","49.50","WRENTHAM AGDM","3037675","2012-02-18 04:00","2012","02","18","04:00","-5.0","","-7.5","","83","","","","","","0","","","","","M","","","","","NA"
"-112.12","49.50","WRENTHAM AGDM","3037675","2012-02-18 05:00","2012","02","18","05:00","-3.7","","-6.9","","78","","","","14","","11","","","","","M","","","-8","","NA"
"-112.12","49.50","WRENTHAM AGDM","3037675","2012-02-18 06:00","2012","02","18","06:00","-2.6","","-6.3","","76","","","","16","","15","","","","","M","","","-8","","NA"
"-112.12","49.50","WRENTHAM AGDM","3037675","2012-02-18 07:00","2012","02","18","07:00","-0.8","","-5.6","","70","","","","17","","20","","","","","M","","","-6","","NA"
"-112.12","49.50","WRENTHAM AGDM","3037675","2012-02-18 08:00","2012","02","18","08:00","-1.2","","-6.1","","69","","","","17","","22","","","","","M","","","-7","","NA"
"-112.12","49.50","WRENTHAM AGDM","3037675","2012-02-18 09:00","2012","02","18","09:00","-0.1","","-4.7","","71","","","","18","","19","","","","","M","","","-5","","NA"
"-112.12","49.50","WRENTHAM AGDM","3037675","2012-02-18 10:00","2012","02","18","10:00","2.3","","-3.2","","67","","","","20","","19","","","","","M","","","","","NA"
"-112.12","49.50","WRENTHAM AGDM","3037675","2012-02-18 11:00","2012","02","18","11:00","4.5","","-6.0","","46","","","","22","","32","","","","","M","","","","","NA"
"-112.12","49.50","WRENTHAM AGDM","3037675","2012-02-18 12:00","2012","02","18","12:00","6.2","","-5.8","","42","","","","24","","41","","","","","M","","","","","NA"
"-112.12","49.50","WRENTHAM AGDM","3037675","2012-02-18 13:00","2012","02","18","13:00","6.8","","-7.7","","35","","","","25","","37","","","","","M","","","","","NA"
"-112.12","49.50","WRENTHAM AGDM","3037675","2012-02-18 14:00","2012","02","18","14:00","6.6","","-7.7","","35","","","","24","","33","","","","","M","","","","","NA"
"-112.12","49.50","WRENTHAM AGDM","3037675","2012-02-18 15:00","2012","02","18","15:00","5.6","","-8.2","","36","","","","24","","43","","","","","M","","","","","NA"
"-112.12","49.50","WRENTHAM AGDM","3037675","2012-02-18 16:00","2012","02","18","16:00","5.5","","-8.9","","35","","","","24","","41","","","","","M","","","","","NA"
"-112.12","49.50","WRENTHAM AGDM","3037675","2012-02-18 17:00","2012","02","18","17:00","4.3","","-7.8","","41","","","","23","","30","","","","","M","","","","","NA"
"-112.12","49.50","WRENTHAM AGDM","3037675","2012-02-18 18:00","2012","02","18","18:00","1.0","","-7.4","","53","","","","23","","19","","","","","M","","","","","NA"
"-112.12","49.50","WRENTHAM AGDM","3037675","2012-02-18 19:00","2012","02","18","19:00","-1.4","","-7.7","","62","","","","22","","20","","","","","M","","","-7","","NA"
"-112.12","49.50","WRENTHAM AGDM","3037675","2012-02-18 20:00","2012","02","18","20:00","-3.2","","-7.9","","70","","","","21","","19","","","","","M","","","-9","","NA"
"-112.12","49.50","WRENTHAM AGDM","3037675","2012-02-18 21:00","2012","02","18","21:00","-3.0","","-7.6","","71","","","","23","","20","","","","","M","","","-9","","NA"
"-112.12","49.50","WRENTHAM AGDM","3037675","2012-02-18 22:00","2012","02","18","22:00","-2.8","","-8.0","","67","","","","23","","20","","","","","M","","","-9","","NA"
"-112.12","49.50","WRENTHAM AGDM","3037675","2012-02-18 23:00","2012","02","18","23:00","-2.7","","-8.1","","66","","","","23","","24","","","","","M","","","-9","","NA"
"-112.12","49.50","WRENTHAM AGDM","3037675","2012-02-19 00:00","2012","02","19","00:00","-3.3","","-8.1","","69","","","","22","","19","","","","","M","","","-9","","NA"
"-112.12","49.50","WRENTHAM AGDM","3037675","2012-02-19 01:00","2012","02","19","01:00","-2.8","","-7.9","","68","","","","22","","22","","","","","M","","","-9","","NA"
"-112.12","49.50","WRENTHAM AGDM","3037675","2012-02-19 02:00","2012","02","19","02:00","-4.2","","-8.5","","72","","","","21","","17","","","","","M","","","-10","","NA"
"-112.12","49.50","WRENTHAM AGDM","3037675","2012-02-19 03:00","2012","02","19","03:00","-4.4","","-8.3","","74","","","","21","","19","","","","","M","","","-11","","NA"
"-112.12","49.50","WRENTHAM AGDM","3037675","2012-02-19 04:00","2012","02","19","04:00","-4.0","","-8.7","","70","","","","22","","19","","","","","M","","","-10","","NA"
"-112.12","49.50","WRENTHAM AGDM","3037675","2012-02-19 05:00","2012","02","19","05:00","-4.9","","-8.9","","73","","","","21","","17","","","","","M","","","-11","","NA"
"-112.12","49.50","WRENTHAM AGDM","3037675","2012-02-19 06:00","2012","02","19","06:00","-5.7","","-9.3","","76","","","","22","","17","","","","","M","","","-12","","NA"
"-112.12","49.50","WRENTHAM AGDM","3037675","2012-02-19 07:00","2012","02","19","07:00","-6.4","","-9.7","","77","","","","20","","19","","","","","M","","","-13","","NA"
"-112.12","49.50","WRENTHAM AGDM","3037675","2012-02-19 08:00","2012","02","19","08:00","-4.3","","-8.7","","71","","","","24","","17","","","","","M","","","-10","","NA"
"-112.12","49.50","WRENTHAM AGDM","3037675","2012-02-19 09:00","2012","02","19","09:00","-0.9","","-6.9","","64","","","","23","","15","","","","","M","","","-6","","NA"
"-112.12","49.50","WRENTHAM AGDM","3037675","2012-02-19 10:00","2012","02","19","10:00","2.6","","-7.4","","48","","","","26","","33","","","","","M","","","","","NA"
"-112.12","49.50","WRENTHAM AGDM","3037675","2012-02-19 11:00","2012","02","19","11:00","3.7","","-9.1","","39","","","","27","","41","","","","","M","","","","","NA"
"-112.12","49.50","WRENTHAM AGDM","3037675","2012-02-19 12:00","2012","02","19","12:00","5.0","","-9.9","","33","","","","27","","37","","","","","M","","","","","NA"
"-112.12","49.50","WRENTHAM AGDM","3037675","2012-02-19 13:00","2012","02","19","13:00","5.8","","-11.2","","28","","","","26","","32","","","","","M","","","","","NA"
"-112.12","49.50","WRENTHAM AGDM","3037675","2012-02-19 14:00","2012","02","19","14:00","6.2","","-11.0","","28","","","","26","","33","","","","","M","","","","","NA"
"-112.12","49.50","WRENTHAM AGDM","3037675","2012-02-19 15:00","2012","02","19","15:00","6.1","","-11.6","","27","","","","27","","32","","","","","M","","","","","NA"
"-112.12","49.50","WRENTHAM AGDM","3037675","2012-02-19 16:00","2012","02","19","16:00","4.8","","-10.9","","31","","","","26","","37","","","","","M","","","","","NA"
"-112.12","49.50","WRENTHAM AGDM","3037675","2012-02-19 17:00","2012","02","19","17:00","3.4","","-10.9","","34","","","","27","","35","","","","","M","","","","","NA"
"-112.12","49.50","WRENTHAM AGDM","3037675","2012-02-19 18:00","2012","02","19","18:00","1.9","","-10.2","","40","","","","26","","30","","","","","M","","","","","NA"
"-112.12","49.50","WRENTHAM AGDM","3037675","2012-02-19 19:00","2012","02","19","19:00","-1.4","","-9.0","","56","","","","24","","20","","","","","M","","","-7","","NA"
"-112.12","49.50","WRENTHAM AGDM","3037675","2012-02-19 20:00","2012","02","19","20:00","-0.6","","-8.6","","55","","","","25","","26","","","","","M","","","-7","","NA"
"-112.12","49.50","WRENTHAM AGDM","3037675","2012-02-19 21:00","2012","02","19","21:00","-1.1","","-8.9","","55","","","","25","","28","","","","","M","","","-8","","NA"
"-112.12","49.50","WRENTHAM AGDM","3037675","2012-02-19 22:00","2012","02","19","22:00","-2.1","","-9.0","","59","","","","24","","24","","","","","M","","","-8","","NA"
"-112.12","49.50","WRENTHAM AGDM","3037675","2012-02-19 23:00","2012","02","19","23:00","-1.5","","-8.6","","58","","","","25","","22","","","","","M","","","-7","","NA"
"-112.12","49.50","WRENTHAM AGDM","3037675","2012-02-20 00:00","2012","02","20","00:00","0.1","","-8.4","","53","","","","25","","33","","","","","M","","","","","NA"
"-112.12","49.50","WRENTHAM AGDM","3037675","2012-02-20 01:00","2012","02","20","01:00","-1.6","","-9.3","","56","","","","25","","26","","","","","M","","","-8","","NA"
"-112.12","49.50","WRENTHAM AGDM","3037675","2012-02-20 02:00","2012","02","20","02:00","0.0","","-9.3","","50","","","","27","","30","","","","","M","","","-6","","NA"
"-112.12","49.50","WRENTHAM AGDM","3037675","2012-02-20 03:00","2012","02","20","03:00","-0.2","","-9.4","","50","","","","28","","17","","","","","M","","","-5","","NA"
"-112.12","49.50","WRENTHAM AGDM","3037675","2012-02-20 04:00","2012","02","20","04:00","-0.5","","-8.3","","56","","","","32","","24","","","","","M","","","-6","","NA"
"-112.12","49.50","WRENTHAM AGDM","3037675","2012-02-20 05:00","2012","02","20","05:00","-4.1","","-7.0","","80","","","","36","","17","","","","","M","","","-10","","NA"
"-112.12","49.50","WRENTHAM AGDM","3037675","2012-02-20 06:00","2012","02","20","06:00","-5.1","","-6.9","","87","","","","35","","11","","","","","M","","","-10","","NA"
"-112.12","49.50","WRENTHAM AGDM","3037675","2012-02-20 07:00","2012","02","20","07:00","-4.9","","-6.2","","91","","","","33","","9","","","","","M","","","-9","","NA"
"-112.12","49.50","WRENTHAM AGDM","3037675","2012-02-20 08:00","2012","02","20","08:00","-4.3","","-5.3","","93","","","","30","","7","","","","","M","","","-7","","NA"
"-112.12","49.50","WRENTHAM AGDM","3037675","2012-02-20 09:00","2012","02","20","09:00","-3.4","","-4.5","","92","","","","29","","11","","","","","M","","","-8","","NA"
"-112.12","49.50","WRENTHAM AGDM","3037675","2012-02-20 10:00","2012","02","20","10:00","-2.2","","-4.9","","82","","","","30","","15","","","","","M","","","-7","","NA"
"-112.12","49.50","WRENTHAM AGDM","3037675","2012-02-20 11:00","2012","02","20","11:00","-2.0","","-5.1","","79","","","","29","","13","","","","","M","","","-6","","NA"
"-112.12","49.50","WRENTHAM AGDM","3037675","2012-02-20 12:00","2012","02","20","12:00","-1.2","","-5.8","","71","","","","30","","13","","","","","M","","","-5","","NA"
"-112.12","49.50","WRENTHAM AGDM","3037675","2012-02-20 13:00","2012","02","20","13:00","-0.7","","-7.6","","60","","","","26","","7","","","","","M","","","-3","","NA"
"-112.12","49.50","WRENTHAM AGDM","3037675","2012-02-20 14:00","2012","02","20","14:00","1.2","","-7.4","","53","","","","25","","13","","","","","M","","","","","NA"
"-112.12","49.50","WRENTHAM AGDM","3037675","2012-02-20 15:00","2012","02","20","15:00","-0.2","","-8.2","","55","","","","24","","13","","","","","M","","","-4","","NA"
"-112.12","49.50","WRENTHAM AGDM","3037675","2012-02-20 16:00","2012","02","20","16:00","0.5","","-7.5","","55","","","","26","","9","","","","","M","","","","","NA"
"-112.12","49.50","WRENTHAM AGDM","3037675","2012-02-20 17:00","2012","02","20","17:00","1.2","","-7.6","","52","","","","22","","2","","","","","M","","","","","NA"
"-112.12","49.50","WRENTHAM AGDM","3037675","2012-02-20 18:00","2012","02","20","18:00","-3.3","","-9.1","","64","","","","19","","6","","","","","M","","","-6","","NA"
"-112.12","49.50","WRENTHAM AGDM","3037675","2012-02-20 19:00","2012","02","20","19:00","-5.1","","-9.5","","71","","","","16","","7","","","","","M","","","-8","","NA"
"-112.12","49.50","WRENTHAM AGDM","3037675","2012-02-20 20:00","2012","02","20","20:00","-7.1","","-9.8","","81","","","","15","","15","","","","","M","","","-13","","NA"
"-112.12","49.50","WRENTHAM AGDM","3037675","2012-02-20 21:00","2012","02","20","21:00","-6.3","","-8.9","","82","","","","17","","20","","","","","M","","","-13","","NA"
"-112.12","49.50","WRENTHAM AGDM","3037675","2012-02-20 22:00","2012","02","20","22:00","-5.8","","-8.4","","82","","","","18","","17","","","","","M","","","-12","","NA"
"-112.12","49.50","WRENTHAM AGDM","3037675","2012-02-20 23:00","2012","02","20","23:00","-5.0","","-8.5","","76","","","","20","","15","","","","","M","","","-11","","NA"
"-112.12","49.50","WRENTHAM AGDM","3037675","2012-02-21 00:00","2012","02","21","00:00","-5.3","","-8.8","","76","","","","20","","15","","","","","M","","","-11","","NA"
"-112.12","49.50","WRENTHAM AGDM","3037675","2012-02-21 01:00","2012","02","21","01:00","-5.6","","-8.7","","79","","","","21","","17","","","","","M","","","-12","","NA"
"-112.12","49.50","WRENTHAM AGDM","3037675","2012-02-21 02:00","2012","02","21","02:00","-4.3","","-8.3","","74","","","","22","","19","","","","","M","","","-10","","NA"
"-112.12","49.50","WRENTHAM AGDM","3037675","2012-02-21 03:00","2012","02","21","03:00","-5.0","","-8.8","","75","","","","21","","17","","","","","M","","","-11","","NA"
"-112.12","49.50","WRENTHAM AGDM","3037675","2012-02-21 04:00","2012","02","21","04:00","-5.4","","-9.0","","76","","","","20","","17","","","","","M","","","-11","","NA"
"-112.12","49.50","WRENTHAM AGDM","3037675","2012-02-21 05:00","2012","02","21","05:00","-5.1","","-8.7","","76","","","","21","","15","","","","","M","","","-11","","NA"
"-112.12","49.50","WRENTHAM AGDM","3037675","2012-02-21 06:00","2012","02","21","06:00","-3.2","","-7.3","","73","","","","26","","20","","","","","M","","","-9","","NA"
"-112.12","49.50","WRENTHAM AGDM","3037675","2012-02-21 07:00","2012","02","21","07:00","-0.1","","-5.8","","65","","","","27","","28","","","","","M","","","-6","","NA"
"-112.12","49.50","WRENTHAM AGDM","3037675","2012-02-21 08:00","2012","02","21","08:00","2.0","","-5.4","","58","","","","27","","30","","","","","M","","","","","NA"
"-112.12","49.50","WRENTHAM AGDM","3037675","2012-02-21 09:00","2012","02","21","09:00","4.2","","-5.8","","48","","","","27","","39","","","","","M","","","","","NA"
"-112.12","49.50","WRENTHAM AGDM","3037675","2012-02-21 10:00","2012","02","21","10:00","5.9","","-5.7","","43","","","","26","","44","","","","","M","","","","","NA"
"-112.12","49.50","WRENTHAM AGDM","3037675","2012-02-21 11:00","2012","02","21","11:00","7.5","","-6.4","","37","","","","27","","52","","","","","M","","","","","NA"
"-112.12","49.50","WRENTHAM AGDM","3037675","2012-02-21 12:00","2012","02","21","12:00","7.3","","-7.1","","35","","","","26","","56","","","","","M","","","","","NA"
"-112.12","49.50","WRENTHAM AGDM","3037675","2012-02-21 13:00","2012","02","21","13:00","6.5","","-7.4","","36","","","","26","","50","","","","","M","","","","","NA"
"-112.12","49.50","WRENTHAM AGDM","3037675","2012-02-21 14:00","2012","02","21","14:00","6.6","","-7.2","","37","","","","26","","43","","","","","M","","","","","NA"
"-112.12","49.50","WRENTHAM AGDM","3037675","2012-02-21 15:00","2012","02","21","15:00","6.3","","-6.1","","41","","","","26","","44","","","","","M","","","","","NA"
"-112.12","49.50","WRENTHAM AGDM","3037675","2012-02-21 16:00","2012","02","21","16:00","7.2","","-6.8","","36","","","","26","","44","","","","","M","","","","","NA"
"-112.12","49.50","WRENTHAM AGDM","3037675","2012-02-21 17:00","2012","02","21","17:00","6.4","","-6.8","","38","","","","26","","46","","","","","M","","","","","NA"
"-112.12","49.50","WRENTHAM AGDM","3037675","2012-02-21 18:00","2012","02","21","18:00","5.6","","-6.2","","42","","","","26","","44","","","","","M","","","","","NA"
"-112.12","49.50","WRENTHAM AGDM","3037675","2012-02-21 19:00","2012","02","21","19:00","4.9","","-6.5","","43","","","","26","","41","","","","","M","","","","","NA"
"-112.12","49.50","WRENTHAM AGDM","3037675","2012-02-21 20:00","2012","02","21","20:00","5.3","","-6.1","","44","","","","26","","43","","","","","M","","","","","NA"
"-112.12","49.50","WRENTHAM AGDM","3037675","2012-02-21 21:00","2012","02","21","21:00","4.7","","-6.0","","46","","","","26","","37","","","","","M","","","","","NA"
"-112.12","49.50","WRENTHAM AGDM","3037675","2012-02-21 22:00","2012","02","21","22:00","3.1","","-5.4","","54","","","","26","","32","","","","","M","","","","","NA"
"-112.12","49.50","WRENTHAM AGDM","3037675","2012-02-21 23:00","2012","02","21","23:00","1.9","","-5.3","","59","","","","26","","26","","","","","M","","","","","NA"
"-112.12","49.50","WRENTHAM AGDM","3037675","2012-02-22 00:00","2012","02","22","00:00","2.4","","-4.5","","60","","","","26","","30","","","","","M","","","","","NA"
"-112.12","49.50","WRENTHAM AGDM","3037675","2012-02-22 01:00","2012","02","22","01:00","3.7","","-4.5","","55","","","","26","","28","","","","","M","","","","","NA"
"-112.12","49.50","WRENTHAM AGDM","3037675","2012-02-22 02:00","2012","02","22","02:00","5.0","","-4.9","","49","","","","26","","28","","","","","M","","","","","NA"
"-112.12","49.50","WRENTHAM AGDM","3037675","2012-02-22 03:00","2012","02","22","03:00","3.8","","-4.3","","55","","","","25","","24","","","","","M","","","","","NA"
"-112.12","49.50","WRENTHAM AGDM","3037675","2012-02-22 04:00","2012","02","22","04:00","2.1","","-4.6","","61","","","","23","","19","","","","","M","","","","","NA"
"-112.12","49.50","WRENTHAM AGDM","3037675","2012-02-22 05:00","2012","02","22","05:00","0.3","","-4.7","","69","","","","24","","20","","","","","M","","","","","NA"
"-112.12","49.50","WRENTHAM AGDM","3037675","2012-02-22 06:00","2012","02","22","06:00","-0.4","","-4.9","","72","","","","25","","15","","","","","M","","","-5","","NA"
"-112.12","49.50","WRENTHAM AGDM","3037675","2012-02-22 07:00","2012","02","22","07:00","-0.6","","-4.8","","73","","","","18","","9","","","","","M","","","-4","","NA"
"-112.12","49.50","WRENTHAM AGDM","3037675","2012-02-22 08:00","2012","02","22","08:00","0.1","","-3.2","","78","","","","23","","17","","","","","M","","","","","NA"
"-112.12","49.50","WRENTHAM AGDM","3037675","2012-02-22 09:00","2012","02","22","09:00","3.8","","-1.4","","69","","","","23","","17","","","","","M","","","","","NA"
"-112.12","49.50","WRENTHAM AGDM","3037675","2012-02-22 10:00","2012","02","22","10:00","7.4","","-2.0","","51","","","","26","","37","","","","","M","","","","","NA"
"-112.12","49.50","WRENTHAM AGDM","3037675","2012-02-22 11:00","2012","02","22","11:00","4.0","","-1.5","","67","","","","35","","43","","","","","M","","","","","NA"
"-112.12","49.50","WRENTHAM AGDM","3037675","2012-02-22 12:00","2012","02","22","12:00","-1.3","","-2.1","","94","","","","35","","50","","","","","M","","","-10","","NA"
"-112.12","49.50","WRENTHAM AGDM","3037675","2012-02-22 13:00","2012","02","22","13:00","-1.0","","-3.8","","81","","","","33","","28","","","","","M","","","-8","","NA"
"-112.12","49.50","WRENTHAM AGDM","3037675","2012-02-22 14:00","2012","02","22","14:00","0.0","","-3.1","","80","","","","31","","11","","","","","M","","","-4","","NA"
"-112.12","49.50","WRENTHAM AGDM","3037675","2012-02-22 15:00","2012","02","22","15:00","0.6","","-2.5","","80","","","","26","","19","","","","","M","","","","","NA"
"-112.12","49.50","WRENTHAM AGDM","3037675","2012-02-22 16:00","2012","02","22","16:00","0.4","","-1.7","","86","","","","27","","19","","","","","M","","","","","NA"
"-112.12","49.50","WRENTHAM AGDM","3037675","2012-02-22 17:00","2012","02","22","17:00","0.0","","-2.1","","86","","","","26","","26","","","","","M","","","-6","","NA"
"-112.12","49.50","WRENTHAM AGDM","3037675","2012-02-22 18:00","2012","02","22","18:00","-1.2","","-3.0","","88","","","","27","","19","","","","","M","","","-7","","NA"
"-112.12","49.50","WRENTHAM AGDM","3037675","2012-02-22 19:00","2012","02","22","19:00","-2.1","","-3.9","","87","","","","28","","15","","","","","M","","","-7","","NA"
"-112.12","49.50","WRENTHAM AGDM","3037675","2012-02-22 20:00","2012","02","22","20:00","-3.2","","-4.6","","90","","","","29","","15","","","","","M","","","-8","","NA"
"-112.12","49.50","WRENTHAM AGDM","3037675","2012-02-22 21:00","2012","02","22","21:00","-2.4","","-4.3","","87","","","","30","","13","","","","","M","","","-7","","NA"
"-112.12","49.50","WRENTHAM AGDM","3037675","2012-02-22 22:00","2012","02","22","22:00","-1.2","","-5.5","","73","","","","28","","13","","","","","M","","","-5","","NA"
"-112.12","49.50","WRENTHAM AGDM","3037675","2012-02-22 23:00","2012","02","22","23:00","-1.8","","-5.0","","79","","","","27","","15","","","","","M","","","-7","","NA"
"-112.12","49.50","WRENTHAM AGDM","3037675","2012-02-23 00:00","2012","02","23","00:00","-2.1","","-2.9","","94","","","","28","","26","","","","","M","","","-9","","NA"
"-112.12","49.50","WRENTHAM AGDM","3037675","2012-02-23 01:00","2012","02","23","01:00","-2.1","","-3.0","","94","","","","30","","20","","","","","M","","","-8","","NA"
"-112.12","49.50","WRENTHAM AGDM","3037675","2012-02-23 02:00","2012","02","23","02:00","-2.5","","-3.2","","95","","","","27","","17","","","","","M","","","-8","","NA"
"-112.12","49.50","WRENTHAM AGDM","3037675","2012-02-23 03:00","2012","02","23","03:00","-2.5","","-3.8","","91","","","","27","","19","","","","","M","","","-8","","NA"
"-112.12","49.50","WRENTHAM AGDM","3037675","2012-02-23 04:00","2012","02","23","04:00","-2.9","","-4.3","","90","","","","27","","17","","","","","M","","","-8","","NA"
"-112.12","49.50","WRENTHAM AGDM","3037675","2012-02-23 05:00","2012","02","23","05:00","-3.1","","-4.6","","89","","","","28","","19","","","","","M","","","-9","","NA"
"-112.12","49.50","WRENTHAM AGDM","3037675","2012-02-23 06:00","2012","02","23","06:00","-3.9","","-6.3","","83","","","","28","","17","","","","","M","","","-10","","NA"
"-112.12","49.50","WRENTHAM AGDM","3037675","2012-02-23 07:00","2012","02","23","07:00","-4.1","","-6.9","","81","","","","28","","19","","","","","M","","","-10","","NA"
"-112.12","49.50","WRENTHAM AGDM","3037675","2012-02-23 08:00","2012","02","23","08:00","-4.2","","-7.5","","78","","","","30","","15","","","","","M","","","-10","","NA"
"-112.12","49.50","WRENTHAM AGDM","3037675","2012-02-23 09:00","2012","02","23","09:00","-3.0","","-6.8","","75","","","","28","","17","","","","","M","","","-9","","NA"
"-112.12","49.50","WRENTHAM AGDM","3037675","2012-02-23 10:00","2012","02","23","10:00","-1.9","","-5.7","","75","","","","27","","17","","","","","M","","","-7","","NA"
"-112.12","49.50","WRENTHAM AGDM","3037675","2012-02-23 11:00","2012","02","23","11:00","0.0","","-5.0","","69","","","","28","","19","","","","","M","","","-5","","NA"
"-112.12","49.50","WRENTHAM AGDM","3037675","2012-02-23 12:00","2012","02","23","12:00","1.4","","-4.1","","67","","","","27","","22","","","","","M","","","","","NA"
"-112.12","49.50","WRENTHAM AGDM","3037675","2012-02-23 13:00","2012","02","23","13:00","1.4","","-4.0","","67","","","","30","","17","","","","","M","","","","","NA"
"-112.12","49.50","WRENTHAM AGDM","3037675","2012-02-23 14:00","2012","02","23","14:00","1.5","","-5.5","","60","","","","31","","13","","","","","M","","","","","NA"
"-112.12","49.50","WRENTHAM AGDM","3037675","2012-02-23 15:00","2012","02","23","15:00","1.8","","-5.5","","58","","","","30","","13","","","","","M","","","","","NA"
"-112.12","49.50","WRENTHAM AGDM","3037675","2012-02-23 16:00","2012","02","23","16:00","1.2","","-4.8","","64","","","","34","","13","","","","","M","","","","","NA"
"-112.12","49.50","WRENTHAM AGDM","3037675","2012-02-23 17:00","2012","02","23","17:00","0.1","","-3.6","","76","","","","","","0","","","","","M","","","","","NA"
"-112.12","49.50","WRENTHAM AGDM","3037675","2012-02-23 18:00","2012","02","23","18:00","-0.8","","-4.2","","78","","","","9","","4","","","","","M","","","-2","","NA"
"-112.12","49.50","WRENTHAM AGDM","3037675","2012-02-23 19:00","2012","02","23","19:00","-1.9","","-3.9","","86","","","","7","","6","","","","","M","","","-4","","NA"
"-112.12","49.50","WRENTHAM AGDM","3037675","2012-02-23 20:00","2012","02","23","20:00","-2.5","","-3.7","","91","","","","5","","15","","","","","M","","","-7","","NA"
"-112.12","49.50","WRENTHAM AGDM","3037675","2012-02-23 21:00","2012","02","23","21:00","-2.6","","-3.3","","95","","","","4","","13","","","","","M","","","-7","","NA"
"-112.12","49.50","WRENTHAM AGDM","3037675","2012-02-23 22:00","2012","02","23","22:00","-3.4","","-4.0","","96","","","","6","","4","","","","","M","","","-5","","NA"
"-112.12","49.50","WRENTHAM AGDM","3037675","2012-02-23 23:00","2012","02","23","23:00","-4.2","","-4.9","","95","","","","31","","7","","","","","M","","","-7","","NA"
"-112.12","49.50","WRENTHAM AGDM","3037675","2012-02-24 00:00","2012","02","24","00:00","-3.6","","-4.3","","95","","","","34","","11","","","","","M","","","-8","","NA"
"-112.12","49.50","WRENTHAM AGDM","3037675","2012-02-24 01:00","2012","02","24","01:00","-3.6","","-4.2","","96","","","","29","","11","","","","","M","","","-8","","NA"
"-112.12","49.50","WRENTHAM AGDM","3037675","2012-02-24 02:00","2012","02","24","02:00","-4.4","","-5.0","","96","","","","30","","9","","","","","M","","","-8","","NA"
"-112.12","49.50","WRENTHAM AGDM","3037675","2012-02-24 03:00","2012","02","24","03:00","-4.6","","-5.3","","95","","","","28","","7","","","","","M","","","-8","","NA"
"-112.12","49.50","WRENTHAM AGDM","3037675","2012-02-24 04:00","2012","02","24","04:00","-4.7","","-5.3","","96","","","","28","","7","","","","","M","","","-8","","NA"
"-112.12","49.50","WRENTHAM AGDM","3037675","2012-02-24 05:00","2012","02","24","05:00","-4.5","","-5.2","","95","","","","1","","9","","","","","M","","","-8","","NA"
"-112.12","49.50","WRENTHAM AGDM","3037675","2012-02-24 06:00","2012","02","24","06:00","-4.7","","-5.4","","95","","","","2","","6","","","","","M","","","-7","","NA"
"-112.12","49.50","WRENTHAM AGDM","3037675","2012-02-24 07:00","2012","02","24","07:00","-5.5","","-6.3","","94","","","","","","0","","","","","M","","","","","NA"
"-112.12","49.50","WRENTHAM AGDM","3037675","2012-02-24 08:00","2012","02","24","08:00","-9.5","","-10.7","","91","","","","25","","11","","","","","M","","","-15","","NA"
"-112.12","49.50","WRENTHAM AGDM","3037675","2012-02-24 09:00","2012","02","24","09:00","-8.2","","-9.3","","92","","","","23","","11","","","","","M","","","-13","","NA"
"-112.12","49.50","WRENTHAM AGDM","3037675","2012-02-24 10:00","2012","02","24","10:00","-4.1","","-6.0","","87","","","","19","","9","","","","","M","","","-8","","NA"
"-112.12","49.50","WRENTHAM AGDM","3037675","2012-02-24 11:00","2012","02","24","11:00","-1.8","","-5.1","","78","","","","17","","9","","","","","M","","","-5","","NA"
"-112.12","49.50","WRENTHAM AGDM","3037675","2012-02-24 12:00","2012","02","24","12:00","-1.3","","-6.1","","70","","","","18","","17","","","","","M","","","-6","","NA"
"-112.12","49.50","WRENTHAM AGDM","3037675","2012-02-24 13:00","2012","02","24","13:00","-0.9","","-6.1","","68","","","","16","","24","","","","","M","","","-7","","NA"
"-112.12","49.50","WRENTHAM AGDM","3037675","2012-02-24 14:00","2012","02","24","14:00","-0.6","","-5.9","","67","","","","16","","22","","","","","M","","","-6","","NA"
"-112.12","49.50","WRENTHAM AGDM","3037675","2012-02-24 15:00","2012","02","24","15:00","-0.3","","-5.5","","68","","","","15","","22","","","","","M","","","-6","","NA"
"-112.12","49.50","WRENTHAM AGDM","3037675","2012-02-24 16:00","2012","02","24","16:00","-0.3","","-4.9","","71","","","","15","","20","","","","","M","","","-6","","NA"
"-112.12","49.50","WRENTHAM AGDM","3037675","2012-02-24 17:00","2012","02","24","17:00","-1.6","","-2.8","","92","","","","15","","20","","","","","M","","","-7","","NA"
"-112.12","49.50","WRENTHAM AGDM","3037675","2012-02-24 18:00","2012","02","24","18:00","-1.8","","-2.6","","94","","","","13","","13","","","","","M","","","-6","","NA"
"-112.12","49.50","WRENTHAM AGDM","3037675","2012-02-24 19:00","2012","02","24","19:00","-1.8","","-2.6","","94","","","","13","","15","","","","","M","","","-7","","NA"
"-112.12","49.50","WRENTHAM AGDM","3037675","2012-02-24 20:00","2012","02","24","20:00","-1.9","","-2.7","","94","","","","13","","17","","","","","M","","","-7","","NA"
"-112.12","49.50","WRENTHAM AGDM","3037675","2012-02-24 21:00","2012","02","24","21:00","-1.7","","-2.8","","92","","","","12","","17","","","","","M","","","-7","","NA"
"-112.12","49.50","WRENTHAM AGDM","3037675","2012-02-24 22:00","2012","02","24","22:00","-1.4","","-3.0","","89","","","","13","","17","","","","","M","","","-7","","NA"
"-112.12","49.50","WRENTHAM AGDM","3037675","2012-02-24 23:00","2012","02","24","23:00","-1.3","","-3.4","","86","","","","14","","20","","","","","M","","","-7","","NA"
"-112.12","49.50","WRENTHAM AGDM","3037675","2012-02-25 00:00","2012","02","25","00:00","-1.5","","-3.4","","87","","","","14","","13","","","","","M","","","-6","","NA"
"-112.12","49.50","WRENTHAM AGDM","3037675","2012-02-25 01:00","2012","02","25","01:00","-0.7","","-4.1","","78","","","","14","","22","","","","","M","","","-6","","NA"
"-112.12","49.50","WRENTHAM AGDM","3037675","2012-02-25 02:00","2012","02","25","02:00","-0.7","","-4.6","","75","","","","15","","30","","","","","M","","","-7","","NA"
"-112.12","49.50","WRENTHAM AGDM","3037675","2012-02-25 03:00","2012","02","25","03:00","-0.6","","-4.6","","74","","","","16","","22","","","","","M","","","-6","","NA"
"-112.12","49.50","WRENTHAM AGDM","3037675","2012-02-25 04:00","2012","02","25","04:00","-0.6","","-4.2","","77","","","","17","","30","","","","","M","","","-7","","NA"
"-112.12","49.50","WRENTHAM AGDM","3037675","2012-02-25 05:00","2012","02","25","05:00","-0.6","","-4.2","","77","","","","15","","28","","","","","M","","","-7","","NA"
"-112.12","49.50","WRENTHAM AGDM","3037675","2012-02-25 06:00","2012","02","25","06:00","-0.7","","-4.0","","78","","","","17","","19","","","","","M","","","-6","","NA"
"-112.12","49.50","WRENTHAM AGDM","3037675","2012-02-25 07:00","2012","02","25","07:00","-1.1","","-3.8","","82","","","","13","","11","","","","","M","","","-5","","NA"
"-112.12","49.50","WRENTHAM AGDM","3037675","2012-02-25 08:00","2012","02","25","08:00","-1.3","","-3.4","","86","","","","15","","20","","","","","M","","","-7","","NA"
"-112.12","49.50","WRENTHAM AGDM","3037675","2012-02-25 09:00","2012","02","25","09:00","-1.0","","-2.5","","90","","","","16","","11","","","","","M","","","-5","","NA"
"-112.12","49.50","WRENTHAM AGDM","3037675","2012-02-25 10:00","2012","02","25","10:00","-1.1","","-2.3","","92","","","","30","","26","","","","","M","","","-7","","NA"
"-112.12","49.50","WRENTHAM AGDM","3037675","2012-02-25 11:00","2012","02","25","11:00","-1.5","","-2.9","","90","","","","29","","35","","","","","M","","","-9","","NA"
"-112.12","49.50","WRENTHAM AGDM","3037675","2012-02-25 12:00","2012","02","25","12:00","-2.2","","-3.4","","91","","","","31","","39","","","","","M","","","-10","","NA"
"-112.12","49.50","WRENTHAM AGDM","3037675","2012-02-25 13:00","2012","02","25","13:00","-3.2","","-4.5","","91","","","","32","","44","","","","","M","","","-12","","NA"
"-112.12","49.50","WRENTHAM AGDM","3037675","2012-02-25 14:00","2012","02","25","14:00","-4.0","","-5.6","","89","","","","32","","48","","","","","M","","","-13","","NA"
"-112.12","49.50","WRENTHAM AGDM","3037675","2012-02-25 15:00","2012","02","25","15:00","-6.2","","-8.2","","86","","","","32","","52","","","","","M","","","-17","","NA"
"-112.12","49.50","WRENTHAM AGDM","3037675","2012-02-25 16:00","2012","02","25","16:00","-7.2","","-9.3","","85","","","","32","","46","","","","","M","","","-18","","NA"
"-112.12","49.50","WRENTHAM AGDM","3037675","2012-02-25 17:00","2012","02","25","17:00","-7.9","","-10.1","","84","","","","31","","44","","","","","M","","","-18","","NA"
"-112.12","49.50","WRENTHAM AGDM","3037675","2012-02-25 18:00","2012","02","25","18:00","-8.6","","-10.8","","84","","","","31","","41","","","","","M","","","-19","","NA"
"-112.12","49.50","WRENTHAM AGDM","3037675","2012-02-25 19:00","2012","02","25","19:00","-9.3","","-11.5","","84","","","","31","","41","","","","","M","","","-20","","NA"
"-112.12","49.50","WRENTHAM AGDM","3037675","2012-02-25 20:00","2012","02","25","20:00","-10.0","","-12.3","","83","","","","31","","39","","","","","M","","","-21","","NA"
"-112.12","49.50","WRENTHAM AGDM","3037675","2012-02-25 21:00","2012","02","25","21:00","-10.7","","-12.9","","84","","","","31","","39","","","","","M","","","-22","","NA"
"-112.12","49.50","WRENTHAM AGDM","3037675","2012-02-25 22:00","2012","02","25","22:00","-11.3","","-13.5","","84","","","","31","","35","","","","","M","","","-22","","NA"
"-112.12","49.50","WRENTHAM AGDM","3037675","2012-02-25 23:00","2012","02","25","23:00","-11.7","","-13.9","","84","","","","31","","33","","","","","M","","","-22","","NA"
"-112.12","49.50","WRENTHAM AGDM","3037675","2012-02-26 00:00","2012","02","26","00:00","-13.1","","-15.2","","84","","","","30","","22","","","","","M","","","-22","","NA"
"-112.12","49.50","WRENTHAM AGDM","3037675","2012-02-26 01:00","2012","02","26","01:00","-13.8","","-15.8","","85","","","","30","","22","","","","","M","","","-23","","NA"
"-112.12","49.50","WRENTHAM AGDM","3037675","2012-02-26 02:00","2012","02","26","02:00","-13.8","","-15.8","","85","","","","31","","20","","","","","M","","","-23","","NA"
"-112.12","49.50","WRENTHAM AGDM","3037675","2012-02-26 03:00","2012","02","26","03:00","-13.7","","-15.6","","86","","","","30","","17","","","","","M","","","-22","","NA"
"-112.12","49.50","WRENTHAM AGDM","3037675","2012-02-26 04:00","2012","02","26","04:00","-13.5","","-15.3","","86","","","","30","","15","","","","","M","","","-21","","NA"
"-112.12","49.50","WRENTHAM AGDM","3037675","2012-02-26 05:00","2012","02","26","05:00","-13.5","","-15.3","","86","","","","30","","13","","","","","M","","","-20","","NA"
"-112.12","49.50","WRENTHAM AGDM","3037675","2012-02-26 06:00","2012","02","26","06:00","-13.4","","-15.3","","86","","","","31","","15","","","","","M","","","-21","","NA"
"-112.12","49.50","WRENTHAM AGDM","3037675","2012-02-26 07:00","2012","02","26","07:00","-13.4","","-15.3","","86","","","","31","","9","","","","","M","","","-19","","NA"
"-112.12","49.50","WRENTHAM AGDM","3037675","2012-02-26 08:00","2012","02","26","08:00","-13.4","","-15.4","","85","","","","32","","9","","","","","M","","","-19","","NA"
"-112.12","49.50","WRENTHAM AGDM","3037675","2012-02-26 09:00","2012","02","26","09:00","-12.8","","-15.2","","82","","","","32","","6","","","","","M","","","-17","","NA"
"-112.12","49.50","WRENTHAM AGDM","3037675","2012-02-26 10:00","2012","02","26","10:00","-12.1","","-14.9","","80","","","","32","","6","","","","","M","","","-16","","NA"
"-112.12","49.50","WRENTHAM AGDM","3037675","2012-02-26 11:00","2012","02","26","11:00","-11.4","","-14.7","","77","","","","31","","7","","","","","M","","","-16","","NA"
"-112.12","49.50","WRENTHAM AGDM","3037675","2012-02-26 12:00","2012","02","26","12:00","-11.1","","-14.7","","75","","","","31","","7","","","","","M","","","-15","","NA"
"-112.12","49.50","WRENTHAM AGDM","3037675","2012-02-26 13:00","2012","02","26","13:00","-10.8","","-14.6","","74","","","","33","","7","","","","","M","","","-15","","NA"
"-112.12","49.50","WRENTHAM AGDM","3037675","2012-02-26 14:00","2012","02","26","14:00","-10.8","","-14.1","","77","","","","35","","7","","","","","M","","","-15","","NA"
"-112.12","49.50","WRENTHAM AGDM","3037675","2012-02-26 15:00","2012","02","26","15:00","-10.9","","-14.1","","77","","","","36","","6","","","","","M","","","-15","","NA"
"-112.12","49.50","WRENTHAM AGDM","3037675","2012-02-26 16:00","2012","02","26","16:00","-10.8","","-13.8","","79","","","","2","","4","","","","","M","","","-13","","NA"
"-112.12","49.50","WRENTHAM AGDM","3037675","2012-02-26 17:00","2012","02","26","17:00","-10.2","","-13.5","","77","","","","","","0","","","","","M","","","","","NA"
"-112.12","49.50","WRENTHAM AGDM","3037675","2012-02-26 18:00","2012","02","26","18:00","-11.9","","-14.6","","80","","","","","","0","","","","","M","","","","","NA"
"-112.12","49.50","WRENTHAM AGDM","3037675","2012-02-26 19:00","2012","02","26","19:00","-14.1","","-15.5","","89","","","","","","0","","","","","M","","","","","NA"
"-112.12","49.50","WRENTHAM AGDM","3037675","2012-02-26 20:00","2012","02","26","20:00","-16.5","","-18.1","","87","","","","","","0","","","","","M","","","","","NA"
"-112.12","49.50","WRENTHAM AGDM","3037675","2012-02-26 21:00","2012","02","26","21:00","-18.8","","-20.7","","85","","","","18","","7","","","","","M","","","-24","","NA"
"-112.12","49.50","WRENTHAM AGDM","3037675","2012-02-26 22:00","2012","02","26","22:00","-19.5","","-21.7","","83","","","","21","","4","","","","","M","","","-23","","NA"
"-112.12","49.50","WRENTHAM AGDM","3037675","2012-02-26 23:00","2012","02","26","23:00","-20.2","","-22.6","","81","","","","22","","4","","","","","M","","","-24","","NA"
"-112.12","49.50","WRENTHAM AGDM","3037675","2012-02-27 00:00","2012","02","27","00:00","-20.8","","-23.2","","81","","","","23","","2","","","","","M","","","-23","","NA"
"-112.12","49.50","WRENTHAM AGDM","3037675","2012-02-27 01:00","2012","02","27","01:00","-20.5","","-23.0","","80","","","","20","","2","","","","","M","","","-22","","NA"
"-112.12","49.50","WRENTHAM AGDM","3037675","2012-02-27 02:00","2012","02","27","02:00","-17.9","","-20.0","","84","","","","19","","2","","","","","M","","","-19","","NA"
"-112.12","49.50","WRENTHAM AGDM","3037675","2012-02-27 03:00","2012","02","27","03:00","-15.3","","-17.3","","85","","","","16","","6","","","","","M","","","-20","","NA"
"-112.12","49.50","WRENTHAM AGDM","3037675","2012-02-27 04:00","2012","02","27","04:00","-14.2","","-16.0","","86","","","","15","","7","","","","","M","","","-19","","NA"
"-112.12","49.50","WRENTHAM AGDM","3037675","2012-02-27 05:00","2012","02","27","05:00","-14.2","","-16.2","","85","","","","16","","17","","","","","M","","","-22","","NA"
"-112.12","49.50","WRENTHAM AGDM","3037675","2012-02-27 06:00","2012","02","27","06:00","-15.0","","-17.0","","85","","","","17","","15","","","","","M","","","-23","","NA"
"-112.12","49.50","WRENTHAM AGDM","3037675","2012-02-27 07:00","2012","02","27","07:00","-15.3","","-17.4","","84","","","","15","","19","","","","","M","","","-24","","NA"
"-112.12","49.50","WRENTHAM AGDM","3037675","2012-02-27 08:00","2012","02","27","08:00","-13.7","","-15.6","","86","","","","17","","22","","","","","M","","","-23","","NA"
"-112.12","49.50","WRENTHAM AGDM","3037675","2012-02-27 09:00","2012","02","27","09:00","-11.4","","-13.5","","84","","","","18","","22","","","","","M","","","-20","","NA"
"-112.12","49.50","WRENTHAM AGDM","3037675","2012-02-27 10:00","2012","02","27","10:00","-8.9","","-12.1","","78","","","","18","","24","","","","","M","","","-17","","NA"
"-112.12","49.50","WRENTHAM AGDM","3037675","2012-02-27 11:00","2012","02","27","11:00","-6.9","","-11.2","","71","","","","19","","20","","","","","M","","","-14","","NA"
"-112.12","49.50","WRENTHAM AGDM","3037675","2012-02-27 12:00","2012","02","27","12:00","-5.6","","-10.8","","67","","","","20","","17","","","","","M","","","-12","","NA"
"-112.12","49.50","WRENTHAM AGDM","3037675","2012-02-27 13:00","2012","02","27","13:00","-3.6","","-10.1","","61","","","","20","","15","","","","","M","","","-9","","NA"
"-112.12","49.50","WRENTHAM AGDM","3037675","2012-02-27 14:00","2012","02","27","14:00","-2.7","","-9.4","","60","","","","20","","17","","","","","M","","","-8","","NA"
"-112.12","49.50","WRENTHAM AGDM","3037675","2012-02-27 15:00","2012","02","27","15:00","-1.7","","-8.7","","59","","","","20","","19","","","","","M","","","-7","","NA"
"-112.12","49.50","WRENTHAM AGDM","3037675","2012-02-27 16:00","2012","02","27","16:00","-1.4","","-8.4","","59","","","","19","","15","","","","","M","","","-6","","NA"
"-112.12","49.50","WRENTHAM AGDM","3037675","2012-02-27 17:00","2012","02","27","17:00","-4.1","","-9.6","","65","","","","19","","11","","","","","M","","","-9","","NA"
"-112.12","49.50","WRENTHAM AGDM","3037675","2012-02-27 18:00","2012","02","27","18:00","-7.3","","-12.3","","67","","","","19","","13","","","","","M","","","-13","","NA"
"-112.12","49.50","WRENTHAM AGDM","3037675","2012-02-27 19:00","2012","02","27","19:00","-10.1","","-14.4","","71","","","","18","","13","","","","","M","","","-16","","NA"
"-112.12","49.50","WRENTHAM AGDM","3037675","2012-02-27 20:00","2012","02","27","20:00","-8.8","","-14.4","","64","","","","21","","11","","","","","M","","","-14","","NA"
"-112.12","49.50","WRENTHAM AGDM","3037675","2012-02-27 21:00","2012","02","27","21:00","-10.3","","-15.6","","65","","","","20","","19","","","","","M","","","-18","","NA"
"-112.12","49.50","WRENTHAM AGDM","3037675","2012-02-27 22:00","2012","02","27","22:00","-10.0","","-16.2","","60","","","","22","","19","","","","","M","","","-18","","NA"
"-112.12","49.50","WRENTHAM AGDM","3037675","2012-02-27 23:00","2012","02","27","23:00","-11.4","","-17.4","","61","","","","22","","15","","","","","M","","","-18","","NA"
"-112.12","49.50","WRENTHAM AGDM","3037675","2012-02-28 00:00","2012","02","28","00:00","-13.5","","-17.9","","69","","","","19","","17","","","","","M","","","-22","","NA"
"-112.12","49.50","WRENTHAM AGDM","3037675","2012-02-28 01:00","2012","02","28","01:00","-14.4","","-18.5","","71","","","","19","","19","","","","","M","","","-23","","NA"
"-112.12","49.50","WRENTHAM AGDM","3037675","2012-02-28 02:00","2012","02","28","02:00","-13.9","","-18.5","","68","","","","20","","17","","","","","M","","","-22","","NA"
"-112.12","49.50","WRENTHAM AGDM","3037675","2012-02-28 03:00","2012","02","28","03:00","-14.2","","-18.4","","70","","","","20","","17","","","","","M","","","-22","","NA"
"-112.12","49.50","WRENTHAM AGDM","3037675","2012-02-28 04:00","2012","02","28","04:00","-14.0","","-18.4","","69","","","","20","","17","","","","","M","","","-22","","NA"
"-112.12","49.50","WRENTHAM AGDM","3037675","2012-02-28 05:00","2012","02","28","05:00","-13.9","","-18.5","","68","","","","18","","19","","","","","M","","","-23","","NA"
"-112.12","49.50","WRENTHAM AGDM","3037675","2012-02-28 06:00","2012","02","28","06:00","-14.8","","-19.2","","69","","","","17","","17","","","","","M","","","-23","","NA"
"-112.12","49.50","WRENTHAM AGDM","3037675","2012-02-28 07:00","2012","02","28","07:00","-14.8","","-19.1","","70","","","","18","","20","","","","","M","","","-24","","NA"
"-112.12","49.50","WRENTHAM AGDM","3037675","2012-02-28 08:00","2012","02","28","08:00","-13.5","","-18.5","","66","","","","19","","17","","","","","M","","","-22","","NA"
"-112.12","49.50","WRENTHAM AGDM","3037675","2012-02-28 09:00","2012","02","28","09:00","-8.9","","-17.0","","52","","","","20","","7","","","","","M","","","-13","","NA"
"-112.12","49.50","WRENTHAM AGDM","3037675","2012-02-28 10:00","2012","02","28","10:00","-5.3","","-14.9","","47","","","","21","","6","","","","","M","","","-8","","NA"
"-112.12","49.50","WRENTHAM AGDM","3037675","2012-02-28 11:00","2012","02","28","11:00","-2.0","","-12.2","","46","","","","17","","7","","","","","M","","","-5","","NA"
"-112.12","49.50","WRENTHAM AGDM","3037675","2012-02-28 12:00","2012","02","28","12:00","-1.2","","-10.6","","49","","","","13","","6","","","","","M","","","-3","","NA"
"-112.12","49.50","WRENTHAM AGDM","3037675","2012-02-28 13:00","2012","02","28","13:00","-0.3","","-10.5","","46","","","","19","","19","","","","","M","","","-5","","NA"
"-112.12","49.50","WRENTHAM AGDM","3037675","2012-02-28 14:00","2012","02","28","14:00","0.0","","-10.2","","46","","","","21","","19","","","","","M","","","-5","","NA"
"-112.12","49.50","WRENTHAM AGDM","3037675","2012-02-28 15:00","2012","02","28","15:00","1.3","","-9.2","","45","","","","21","","13","","","","","M","","","","","NA"
"-112.12","49.50","WRENTHAM AGDM","3037675","2012-02-28 16:00","2012","02","28","16:00","1.0","","-9.2","","46","","","","22","","17","","","","","M","","","","","NA"
"-112.12","49.50","WRENTHAM AGDM","3037675","2012-02-28 17:00","2012","02","28","17:00","-1.4","","-9.0","","56","","","","21","","15","","","","","M","","","-6","","NA"
"-112.12","49.50","WRENTHAM AGDM","3037675","2012-02-28 18:00","2012","02","28","18:00","-4.4","","-11.2","","59","","","","23","","17","","","","","M","","","-10","","NA"
"-112.12","49.50","WRENTHAM AGDM","3037675","2012-02-28 19:00","2012","02","28","19:00","-7.5","","-13.0","","65","","","","22","","15","","","","","M","","","-14","","NA"
"-112.12","49.50","WRENTHAM AGDM","3037675","2012-02-28 20:00","2012","02","28","20:00","-7.4","","-14.1","","59","","","","21","","19","","","","","M","","","-14","","NA"
"-112.12","49.50","WRENTHAM AGDM","3037675","2012-02-28 21:00","2012","02","28","21:00","-8.2","","-15.5","","56","","","","22","","19","","","","","M","","","-15","","NA"
"-112.12","49.50","WRENTHAM AGDM","3037675","2012-02-28 22:00","2012","02","28","22:00","-9.9","","-15.5","","64","","","","20","","15","","","","","M","","","-17","","NA"
"-112.12","49.50","WRENTHAM AGDM","3037675","2012-02-28 23:00","2012","02","28","23:00","-9.6","","-16.2","","59","","","","21","","15","","","","","M","","","-16","","NA"
"-112.12","49.50","WRENTHAM AGDM","3037675","2012-02-29 00:00","2012","02","29","00:00","-9.2","","-15.7","","59","","","","20","","17","","","","","M","","","-16","","NA"
"-112.12","49.50","WRENTHAM AGDM","3037675","2012-02-29 01:00","2012","02","29","01:00","-10.2","","-16.0","","62","","","","22","","19","","","","","M","","","-18","","NA"
"-112.12","49.50","WRENTHAM AGDM","3037675","2012-02-29 02:00","2012","02","29","02:00","-11.8","","-16.6","","67","","","","19","","17","","","","","M","","","-19","","NA"
"-112.12","49.50","WRENTHAM AGDM","3037675","2012-02-29 03:00","2012","02","29","03:00","-11.2","","-16.0","","68","","","","20","","15","","","","","M","","","-18","","NA"
"-112.12","49.50","WRENTHAM AGDM","3037675","2012-02-29 04:00","2012","02","29","04:00","-9.5","","-14.9","","65","","","","19","","4","","","","","M","","","-12","","NA"
"-112.12","49.50","WRENTHAM AGDM","3037675","2012-02-29 05:00","2012","02","29","05:00","-11.0","","-15.4","","70","","","","16","","15","","","","","M","","","-18","","NA"
"-112.12","49.50","WRENTHAM AGDM","3037675","2012-02-29 06:00","2012","02","29","06:00","-10.2","","-14.3","","72","","","","17","","9","","","","","M","","","-15","","NA"
"-112.12","49.50","WRENTHAM AGDM","3037675","2012-02-29 07:00","2012","02","29","07:00","-9.4","","-13.2","","74","","","","17","","13","","","","","M","","","-15","","NA"
"-112.12","49.50","WRENTHAM AGDM","3037675","2012-02-29 08:00","2012","02","29","08:00","-7.5","","-12.3","","68","","","","13","","11","","","","","M","","","-13","","NA"
"-112.12","49.50","WRENTHAM AGDM","3037675","2012-02-29 09:00","2012","02","29","09:00","-6.8","","-11.1","","71","","","","17","","9","","","","","M","","","-11","","NA"
"-112.12","49.50","WRENTHAM AGDM","3037675","2012-02-29 10:00","2012","02","29","10:00","-4.1","","-8.8","","70","","","","17","","15","","","","","M","","","-9","","NA"
"-112.12","49.50","WRENTHAM AGDM","3037675","2012-02-29 11:00","2012","02","29","11:00","-0.4","","-5.8","","67","","","","18","","11","","","","","M","","","-4","","NA"
"-112.12","49.50","WRENTHAM AGDM","3037675","2012-02-29 12:00","2012","02","29","12:00","1.3","","-5.4","","61","","","","20","","15","","","","","M","","","","","NA"
"-112.12","49.50","WRENTHAM AGDM","3037675","2012-02-29 13:00","2012","02","29","13:00","1.7","","-4.8","","62","","","","20","","13","","","","","M","","","","","NA"
"-112.12","49.50","WRENTHAM AGDM","3037675","2012-02-29 14:00","2012","02","29","14:00","3.7","","-4.2","","56","","","","21","","11","","","","","M","","","","","NA"
"-112.12","49.50","WRENTHAM AGDM","3037675","2012-02-29 15:00","2012","02","29","15:00","4.0","","-4.7","","53","","","","24","","17","","","","","M","","","","","NA"
"-112.12","49.50","WRENTHAM AGDM","3037675","2012-02-29 16:00","2012","02","29","16:00","2.4","","-5.5","","56","","","","26","","24","","","","","M","","","","","NA"
"-112.12","49.50","WRENTHAM AGDM","3037675","2012-02-29 17:00","2012","02","29","17:00","2.3","","-4.3","","62","","","","25","","22","","","","","M","","","","","NA"
"-112.12","49.50","WRENTHAM AGDM","3037675","2012-02-29 18:00","2012","02","29","18:00","-0.1","","-7.6","","57","","","","26","","28","","","","","M","","","-6","","NA"
"-112.12","49.50","WRENTHAM AGDM","3037675","2012-02-29 19:00","2012","02","29","19:00","-1.4","","-6.9","","66","","","","25","","19","","","","","M","","","-7","","NA"
"-112.12","49.50","WRENTHAM AGDM","3037675","2012-02-29 20:00","2012","02","29","20:00","-1.6","","-7.8","","63","","","","24","","26","","","","","M","","","-8","","NA"
"-112.12","49.50","WRENTHAM AGDM","3037675","2012-02-29 21:00","2012","02","29","21:00","-2.4","","-8.1","","65","","","","25","","24","","","","","M","","","-9","","NA"
"-112.12","49.50","WRENTHAM AGDM","3037675","2012-02-29 22:00","2012","02","29","22:00","-3.2","","-8.8","","65","","","","24","","20","","","","","M","","","-9","","NA"
"-112.12","49.50","WRENTHAM AGDM","3037675","2012-02-29 23:00","2012","02","29","23:00","-4.9","","-9.8","","68","","","","24","","19","","","","","M","","","-11","","NA"
