"Longitude (x)","Latitude (y)","Station Name","Climate ID","Date/Time (LST)","Year","Month","Day","Time (LST)","Temp (°C)","Temp Flag","Dew Point Temp (°C)","Dew Point Temp Flag","Rel Hum (%)","Rel Hum Flag","Precip. Amount (mm)","Precip. Amount Flag","Wind Dir (10s deg)","Wind Dir Flag","Wind Spd (km/h)","Wind Spd Flag","Visibility (km)","Visibility Flag","Stn Press (kPa)","Stn Press Flag","Hmdx","Hmdx Flag","Wind Chill","Wind Chill Flag","Weather"
"-82.57","45.88","GORE BAY CLIMATE","6092920","2012-02-01 00:00","2012","02","01","00:00","3.1","","2.7","","97","","","","24","","9","","","","98.04","","","","","","NA"
"-82.57","45.88","GORE BAY CLIMATE","6092920","2012-02-01 01:00","2012","02","01","01:00","2.9","","1.8","","92","","","","26","","20","","","","98.06","","","","","","NA"
"-82.57","45.88","GORE BAY CLIMATE","6092920","2012-02-01 02:00","2012","02","01","02:00","2.2","","0.6","","89","","","","28","","15","","","","98.13","","","","","","NA"
"-82.57","45.88","GORE BAY CLIMATE","6092920","2012-02-01 03:00","2012","02","01","03:00","1.8","","0.3","","90","","","","28","","17","","","","98.22","","","","","","NA"
"-82.57","45.88","GORE BAY CLIMATE","6092920","2012-02-01 04:00","2012","02","01","04:00","1.4","","0.0","","90","","","","28","","22","","","","98.26","","","","","","NA"
"-82.57","45.88","GORE BAY CLIMATE","6092920","2012-02-01 05:00","2012","02","01","05:00","1.2","","0.3","","94","","","","27","","19","","","","98.33","","","","","","NA"
"-82.57","45.88","GORE BAY CLIMATE","6092920","2012-02-01 06:00","2012","02","01","06:00","1.0","","0.4","","96","","","","26","","19","","","","98.38","","","","","","NA"
"-82.57","45.88","GORE BAY CLIMATE","6092920","2012-02-01 07:00","2012","02","01","07:00","1.4","","0.7","","95","","","","28","","24","","","","98.46","","","","","","NA"
"-82.57","45.88","GORE BAY CLIMATE","6092920","2012-02-01 08:00","2012","02","01","08:00","1.4","","-0.2","","89","","","","29","","32","","","","98.61","","","","","","NA"
"-82.57","45.88","GORE BAY CLIMATE","6092920","2012-02-01 09:00","2012","02","01","09:00","0.7","","-1.6","","85","","","","30","","33","","","","98.74","","","","","","NA"
"-82.57","45.88","GORE BAY CLIMATE","6092920","2012-02-01 10:00","2012","02","01","10:00","0.4","","-2.0","","84","","","","29","","33","","","","98.84","","","","","","NA"
"-82.57","45.88","GORE BAY CLIMATE","6092920","2012-02-01 11:00","2012","02","01","11:00","0.6","","-2.0","","83","","","","29","","30","","","","98.94","","","","","","NA"
"-82.57","45.88","GORE BAY CLIMATE","6092920","2012-02-01 12:00","2012","02","01","12:00","0.4","","-2.6","","80","","","","29","","28","","","","99.02","","","","","","NA"
"-82.57","45.88","GORE BAY CLIMATE","6092920","2012-02-01 13:00","2012","02","01","13:00","0.5","","-3.0","","77","","","","30","","30","","","","99.02","","","","","","NA"
"-82.57","45.88","GORE BAY CLIMATE","6092920","2012-02-01 14:00","2012","02","01","14:00","0.4","","-3.2","","77","","","","30","","26","","","","99.10","","","","","","NA"
"-82.57","45.88","GORE BAY CLIMATE","6092920","2012-02-01 15:00","2012","02","01","15:00","1.0","","-3.2","","73","","","","30","","20","","","","99.25","","","","","","NA"
"-82.57","45.88","GORE BAY CLIMATE","6092920","2012-02-01 16:00","2012","02","01","16:00","0.6","","-3.5","","74","","","","30","","20","","","","99.35","","","","","","NA"
"-82.57","45.88","GORE BAY CLIMATE","6092920","2012-02-01 17:00","2012","02","01","17:00","-0.3","","-3.4","","80","","","","30","","15","","","","99.46","","","","-5","","NA"
"-82.57","45.88","GORE BAY CLIMATE","6092920","2012-02-01 18:00","2012","02","01","18:00","-1.6","","-3.5","","87","","","","33","","9","","","","99.56","","","","-5","","NA"
"-82.57","45.88","GORE BAY CLIMATE","6092920","2012-02-01 19:00","2012","02","01","19:00","-2.1","","-4.5","","84","","","","4","","7","","","","99.63","","","","-5","","NA"
"-82.57","45.88","GORE BAY CLIMATE","6092920","2012-02-01 20:00","2012","02","01","20:00","-3.0","","-4.8","","87","","","","2","","9","","","","99.68","","","","-7","","NA"
"-82.57","45.88","GORE BAY CLIMATE","6092920","2012-02-01 21:00","2012","02","01","21:00","-3.1","","-5.5","","83","","","","4","","9","","","","99.70","","","","-7","","NA"
"-82.57","45.88","GORE BAY CLIMATE","6092920","2012-02-01 22:00","2012","02","01","22:00","-3.5","","-6.0","","83","","","","4","","11","","","","99.74","","","","-8","","NA"
"-82.57","45.88","GORE BAY CLIMATE","6092920","2012-02-01 23:00","2012","02","01","23:00","-3.7","","-6.2","","83","","","","3","","13","","","","99.74","","","","-9","","NA"
"-82.57","45.88","GORE BAY CLIMATE","6092920","2012-02-02 00:00","2012","02","02","00:00","-4.4","","-6.5","","85","","","","5","","11","","","","99.77","","","","-9","","NA"
"-82.57","45.88","GORE BAY CLIMATE","6092920","2012-02-02 01:00","2012","02","02","01:00","-4.7","","-6.7","","86","","","","5","","11","","","","99.81","","","","-9","","NA"
"-82.57","45.88","GORE BAY CLIMATE","6092920","2012-02-02 02:00","2012","02","02","02:00","-5.0","","-7.2","","85","","","","6","","7","","","","99.90","","","","-8","","NA"
"-82.57","45.88","GORE BAY CLIMATE","6092920","2012-02-02 03:00","2012","02","02","03:00","-5.4","","-7.0","","88","","","","6","","6","","","","99.92","","","","-8","","NA"
"-82.57","45.88","GORE BAY CLIMATE","6092920","2012-02-02 04:00","2012","02","02","04:00","-5.2","","-6.8","","88","","","","7","","6","","","","99.91","","","","-8","","NA"
"-82.57","45.88","GORE BAY CLIMATE","6092920","2012-02-02 05:00","2012","02","02","05:00","-4.8","","-7.0","","85","","","","6","","7","","","","99.91","","","","-8","","NA"
"-82.57","45.88","GORE BAY CLIMATE","6092920","2012-02-02 06:00","2012","02","02","06:00","-4.7","","-7.1","","83","","","","6","","9","","","","99.92","","","","-9","","NA"
"-82.57","45.88","GORE BAY CLIMATE","6092920","2012-02-02 07:00","2012","02","02","07:00","-4.8","","-7.1","","84","","","","6","","9","","","","99.97","","","","-9","","NA"
"-82.57","45.88","GORE BAY CLIMATE","6092920","2012-02-02 08:00","2012","02","02","08:00","-4.9","","-6.9","","86","","","","4","","7","","","","100.05","","","","-8","","NA"
"-82.57","45.88","GORE BAY CLIMATE","6092920","2012-02-02 09:00","2012","02","02","09:00","-4.9","","-7.0","","85","","","","6","","7","","","","100.11","","","","-8","","NA"
"-82.57","45.88","GORE BAY CLIMATE","6092920","2012-02-02 10:00","2012","02","02","10:00","-4.8","","-6.8","","86","","","","9","","7","","","","100.13","","","","-8","","NA"
"-82.57","45.88","GORE BAY CLIMATE","6092920","2012-02-02 11:00","2012","02","02","11:00","-4.0","","-6.9","","80","","","","","","0","","","","100.16","","","","","","NA"
"-82.57","45.88","GORE BAY CLIMATE","6092920","2012-02-02 12:00","2012","02","02","12:00","-3.5","","-6.4","","80","","","","25","","2","","","","100.16","","","","-4","","NA"
"-82.57","45.88","GORE BAY CLIMATE","6092920","2012-02-02 13:00","2012","02","02","13:00","-3.2","","-6.1","","80","","","","3","","7","","","","100.14","","","","-6","","NA"
"-82.57","45.88","GORE BAY CLIMATE","6092920","2012-02-02 14:00","2012","02","02","14:00","-3.5","","-6.2","","82","","","","2","","9","","","","100.15","","","","-7","","NA"
"-82.57","45.88","GORE BAY CLIMATE","6092920","2012-02-02 15:00","2012","02","02","15:00","-3.2","","-6.0","","81","","","","2","","6","","","","100.19","","","","-6","","NA"
"-82.57","45.88","GORE BAY CLIMATE","6092920","2012-02-02 16:00","2012","02","02","16:00","-3.0","","-5.9","","80","","","","3","","6","","","","100.23","","","","-5","","NA"
"-82.57","45.88","GORE BAY CLIMATE","6092920","2012-02-02 17:00","2012","02","02","17:00","-2.7","","-5.4","","82","","","","32","","4","","","","100.27","","","","-4","","NA"
"-82.57","45.88","GORE BAY CLIMATE","6092920","2012-02-02 18:00","2012","02","02","18:00","-2.9","","-5.0","","85","","","","8","","2","","","","100.32","","","","-4","","NA"
"-82.57","45.88","GORE BAY CLIMATE","6092920","2012-02-02 19:00","2012","02","02","19:00","-3.0","","-5.0","","86","","","","15","","2","","","","100.34","","","","-4","","NA"
"-82.57","45.88","GORE BAY CLIMATE","6092920","2012-02-02 20:00","2012","02","02","20:00","-2.9","","-4.9","","86","","","","15","","4","","","","100.37","","","","-4","","NA"
"-82.57","45.88","GORE BAY CLIMATE","6092920","2012-02-02 21:00","2012","02","02","21:00","-2.6","","-4.2","","89","","","","15","","6","","","","100.39","","","","-5","","NA"
"-82.57","45.88","GORE BAY CLIMATE","6092920","2012-02-02 22:00","2012","02","02","22:00","-2.4","","-3.9","","89","","","","17","","6","","","","100.42","","","","-5","","NA"
"-82.57","45.88","GORE BAY CLIMATE","6092920","2012-02-02 23:00","2012","02","02","23:00","-2.0","","-3.4","","90","","","","16","","4","","","","100.41","","","","-3","","NA"
"-82.57","45.88","GORE BAY CLIMATE","6092920","2012-02-03 00:00","2012","02","03","00:00","-1.9","","-2.4","","96","","","","15","","4","","","","100.43","","","","-3","","NA"
"-82.57","45.88","GORE BAY CLIMATE","6092920","2012-02-03 01:00","2012","02","03","01:00","-1.7","","-1.9","","99","","","","13","","4","","","","100.43","","","","-3","","NA"
"-82.57","45.88","GORE BAY CLIMATE","6092920","2012-02-03 02:00","2012","02","03","02:00","-1.4","","-1.5","","99","","","","31","","2","","","","100.45","","","","-2","","NA"
"-82.57","45.88","GORE BAY CLIMATE","6092920","2012-02-03 03:00","2012","02","03","03:00","-1.2","","-1.3","","99","","","","29","","4","","","","100.49","","","","-3","","NA"
"-82.57","45.88","GORE BAY CLIMATE","6092920","2012-02-03 04:00","2012","02","03","04:00","-0.9","","-0.9","","100","","","","24","","4","","","","100.50","","","","-2","","NA"
"-82.57","45.88","GORE BAY CLIMATE","6092920","2012-02-03 05:00","2012","02","03","05:00","-0.2","","-1.0","","94","","","","27","","7","","","","100.55","","","","-3","","NA"
"-82.57","45.88","GORE BAY CLIMATE","6092920","2012-02-03 06:00","2012","02","03","06:00","0.0","","-0.7","","95","","","","27","","9","","","","100.58","","","","-3","","NA"
"-82.57","45.88","GORE BAY CLIMATE","6092920","2012-02-03 07:00","2012","02","03","07:00","-0.1","","-0.8","","95","","","","26","","7","","","","100.59","","","","-3","","NA"
"-82.57","45.88","GORE BAY CLIMATE","6092920","2012-02-03 08:00","2012","02","03","08:00","0.0","","-0.7","","95","","","","27","","7","","","","100.60","","","","-2","","NA"
"-82.57","45.88","GORE BAY CLIMATE","6092920","2012-02-03 09:00","2012","02","03","09:00","0.3","","-0.7","","93","","","","27","","7","","","","100.69","","","","","","NA"
"-82.57","45.88","GORE BAY CLIMATE","6092920","2012-02-03 10:00","2012","02","03","10:00","0.7","","-0.6","","91","","","","27","","11","","","","100.64","","","","","","NA"
"-82.57","45.88","GORE BAY CLIMATE","6092920","2012-02-03 11:00","2012","02","03","11:00","1.4","","-0.4","","88","","","","27","","9","","","","100.61","","","","","","NA"
"-82.57","45.88","GORE BAY CLIMATE","6092920","2012-02-03 12:00","2012","02","03","12:00","1.7","","-0.7","","84","","","","29","","15","","","","100.59","","","","","","NA"
"-82.57","45.88","GORE BAY CLIMATE","6092920","2012-02-03 13:00","2012","02","03","13:00","1.6","","-0.7","","85","","","","30","","19","","","","100.58","","","","","","NA"
"-82.57","45.88","GORE BAY CLIMATE","6092920","2012-02-03 14:00","2012","02","03","14:00","1.8","","-0.5","","85","","","","30","","15","","","","100.51","","","","","","NA"
"-82.57","45.88","GORE BAY CLIMATE","6092920","2012-02-03 15:00","2012","02","03","15:00","1.8","","-0.7","","83","","","","30","","15","","","","100.50","","","","","","NA"
"-82.57","45.88","GORE BAY CLIMATE","6092920","2012-02-03 16:00","2012","02","03","16:00","1.8","","-1.1","","81","","","","30","","15","","","","100.49","","","","","","NA"
"-82.57","45.88","GORE BAY CLIMATE","6092920","2012-02-03 17:00","2012","02","03","17:00","1.7","","-2.1","","76","","","","31","","15","","","","100.47","","","","","","NA"
"-82.57","45.88","GORE BAY CLIMATE","6092920","2012-02-03 18:00","2012","02","03","18:00","0.3","","-2.8","","80","","","","30","","11","","","","100.51","","","","","","NA"
"-82.57","45.88","GORE BAY CLIMATE","6092920","2012-02-03 19:00","2012","02","03","19:00","-1.0","","-3.3","","84","","","","29","","9","","","","100.59","","","","-4","","NA"
"-82.57","45.88","GORE BAY CLIMATE","6092920","2012-02-03 20:00","2012","02","03","20:00","-0.8","","-3.2","","84","","","","30","","9","","","","100.56","","","","-4","","NA"
"-82.57","45.88","GORE BAY CLIMATE","6092920","2012-02-03 21:00","2012","02","03","21:00","-1.6","","-3.5","","87","","","","29","","11","","","","100.60","","","","-5","","NA"
"-82.57","45.88","GORE BAY CLIMATE","6092920","2012-02-03 22:00","2012","02","03","22:00","-2.4","","-4.1","","88","","","","29","","7","","","","100.57","","","","-5","","NA"
"-82.57","45.88","GORE BAY CLIMATE","6092920","2012-02-03 23:00","2012","02","03","23:00","-2.5","","-3.9","","90","","","","31","","9","","","","100.54","","","","-6","","NA"
"-82.57","45.88","GORE BAY CLIMATE","6092920","2012-02-04 00:00","2012","02","04","00:00","-2.3","","-3.6","","91","","","","32","","13","","","","100.55","","","","-7","","NA"
"-82.57","45.88","GORE BAY CLIMATE","6092920","2012-02-04 01:00","2012","02","04","01:00","-3.3","","-4.0","","95","","","","36","","11","","","","100.57","","","","-8","","NA"
"-82.57","45.88","GORE BAY CLIMATE","6092920","2012-02-04 02:00","2012","02","04","02:00","-3.8","","-5.2","","90","","","","4","","11","","","","100.53","","","","-8","","NA"
"-82.57","45.88","GORE BAY CLIMATE","6092920","2012-02-04 03:00","2012","02","04","03:00","-4.9","","-5.6","","95","","","","3","","7","","","","100.52","","","","-8","","NA"
"-82.57","45.88","GORE BAY CLIMATE","6092920","2012-02-04 04:00","2012","02","04","04:00","-5.2","","-5.7","","96","","","","4","","6","","","","100.46","","","","-8","","NA"
"-82.57","45.88","GORE BAY CLIMATE","6092920","2012-02-04 05:00","2012","02","04","05:00","-5.5","","-5.6","","99","","","","27","","4","","","","100.49","","","","-7","","NA"
"-82.57","45.88","GORE BAY CLIMATE","6092920","2012-02-04 06:00","2012","02","04","06:00","-4.8","","-5.1","","98","","","","","","0","","","","100.50","","","","","","NA"
"-82.57","45.88","GORE BAY CLIMATE","6092920","2012-02-04 07:00","2012","02","04","07:00","-4.6","","-5.0","","97","","","","23","","2","","","","100.51","","","","-5","","NA"
"-82.57","45.88","GORE BAY CLIMATE","6092920","2012-02-04 08:00","2012","02","04","08:00","-4.4","","-4.9","","96","","","","16","","7","","","","100.45","","","","-8","","NA"
"-82.57","45.88","GORE BAY CLIMATE","6092920","2012-02-04 09:00","2012","02","04","09:00","-4.4","","-5.3","","93","","","","14","","11","","","","100.41","","","","-9","","NA"
"-82.57","45.88","GORE BAY CLIMATE","6092920","2012-02-04 10:00","2012","02","04","10:00","-4.0","","-5.1","","92","","","","13","","9","","","","100.35","","","","-8","","NA"
"-82.57","45.88","GORE BAY CLIMATE","6092920","2012-02-04 11:00","2012","02","04","11:00","-3.4","","-4.8","","90","","","","13","","9","","","","100.28","","","","-7","","NA"
"-82.57","45.88","GORE BAY CLIMATE","6092920","2012-02-04 12:00","2012","02","04","12:00","-2.7","","-4.5","","87","","","","14","","11","","","","100.19","","","","-7","","NA"
"-82.57","45.88","GORE BAY CLIMATE","6092920","2012-02-04 13:00","2012","02","04","13:00","-1.9","","-3.6","","88","","","","15","","13","","","","100.11","","","","-6","","NA"
"-82.57","45.88","GORE BAY CLIMATE","6092920","2012-02-04 14:00","2012","02","04","14:00","-1.2","","-2.8","","89","","","","17","","13","","","","100.02","","","","-5","","NA"
"-82.57","45.88","GORE BAY CLIMATE","6092920","2012-02-04 15:00","2012","02","04","15:00","-1.2","","-2.8","","89","","","","15","","15","","","","99.93","","","","-6","","NA"
"-82.57","45.88","GORE BAY CLIMATE","6092920","2012-02-04 16:00","2012","02","04","16:00","-1.2","","-2.5","","91","","","","16","","13","","","","99.90","","","","-5","","NA"
"-82.57","45.88","GORE BAY CLIMATE","6092920","2012-02-04 17:00","2012","02","04","17:00","-1.3","","-2.6","","91","","","","14","","13","","","","99.88","","","","-6","","NA"
"-82.57","45.88","GORE BAY CLIMATE","6092920","2012-02-04 18:00","2012","02","04","18:00","-1.4","","-2.6","","92","","","","15","","13","","","","99.84","","","","-6","","NA"
"-82.57","45.88","GORE BAY CLIMATE","6092920","2012-02-04 19:00","2012","02","04","19:00","-1.5","","-2.4","","94","","","","14","","7","","","","99.84","","","","-4","","NA"
"-82.57","45.88","GORE BAY CLIMATE","6092920","2012-02-04 20:00","2012","02","04","20:00","-1.6","","-2.4","","94","","","","16","","7","","","","99.86","","","","-4","","NA"
"-82.57","45.88","GORE BAY CLIMATE","6092920","2012-02-04 21:00","2012","02","04","21:00","-1.6","","-2.2","","96","","","","14","","7","","","","99.86","","","","-4","","NA"
"-82.57","45.88","GORE BAY CLIMATE","6092920","2012-02-04 22:00","2012","02","04","22:00","-1.5","","-2.0","","96","","","","15","","9","","","","99.84","","","","-5","","NA"
"-82.57","45.88","GORE BAY CLIMATE","6092920","2012-02-04 23:00","2012","02","04","23:00","-1.5","","-1.8","","98","","","","14","","4","","","","99.82","","","","-3","","NA"
"-82.57","45.88","GORE BAY CLIMATE","6092920","2012-02-05 00:00","2012","02","05","00:00","-1.4","","-1.6","","99","","","","15","","4","","","","99.80","","","","-3","","NA"
"-82.57","45.88","GORE BAY CLIMATE","6092920","2012-02-05 01:00","2012","02","05","01:00","-1.4","","-1.5","","99","","","","14","","4","","","","99.77","","","","-3","","NA"
"-82.57","45.88","GORE BAY CLIMATE","6092920","2012-02-05 02:00","2012","02","05","02:00","-1.4","","-1.4","","100","","","","10","","4","","","","99.78","","","","-3","","NA"
"-82.57","45.88","GORE BAY CLIMATE","6092920","2012-02-05 03:00","2012","02","05","03:00","-1.1","","-1.2","","99","","","","2","","9","","","","99.81","","","","-4","","NA"
"-82.57","45.88","GORE BAY CLIMATE","6092920","2012-02-05 04:00","2012","02","05","04:00","-1.6","","-1.6","","100","","","","3","","7","","","","99.81","","","","-4","","NA"
"-82.57","45.88","GORE BAY CLIMATE","6092920","2012-02-05 05:00","2012","02","05","05:00","-1.7","","-1.8","","99","","","","3","","7","","","","99.84","","","","-4","","NA"
"-82.57","45.88","GORE BAY CLIMATE","6092920","2012-02-05 06:00","2012","02","05","06:00","-1.8","","-2.0","","99","","","","2","","9","","","","99.87","","","","-5","","NA"
"-82.57","45.88","GORE BAY CLIMATE","6092920","2012-02-05 07:00","2012","02","05","07:00","-2.2","","-2.8","","96","","","","2","","7","","","","99.90","","","","-5","","NA"
"-82.57","45.88","GORE BAY CLIMATE","6092920","2012-02-05 08:00","2012","02","05","08:00","-2.2","","-2.8","","96","","","","1","","7","","","","99.95","","","","-5","","NA"
"-82.57","45.88","GORE BAY CLIMATE","6092920","2012-02-05 09:00","2012","02","05","09:00","-1.8","","-2.8","","93","","","","36","","7","","","","99.99","","","","-4","","NA"
"-82.57","45.88","GORE BAY CLIMATE","6092920","2012-02-05 10:00","2012","02","05","10:00","-1.0","","-3.3","","84","","","","35","","7","","","","100.00","","","","-4","","NA"
"-82.57","45.88","GORE BAY CLIMATE","6092920","2012-02-05 11:00","2012","02","05","11:00","0.1","","-4.4","","72","","","","33","","11","","","","99.99","","","","","","NA"
"-82.57","45.88","GORE BAY CLIMATE","6092920","2012-02-05 12:00","2012","02","05","12:00","-0.1","","-3.6","","77","","","","26","","11","","","","99.93","","","","-4","","NA"
"-82.57","45.88","GORE BAY CLIMATE","6092920","2012-02-05 13:00","2012","02","05","13:00","0.0","","-3.1","","80","","","","26","","13","","","","99.85","","","","-4","","NA"
"-82.57","45.88","GORE BAY CLIMATE","6092920","2012-02-05 14:00","2012","02","05","14:00","0.2","","-2.7","","81","","","","30","","19","","","","99.76","","","","","","NA"
"-82.57","45.88","GORE BAY CLIMATE","6092920","2012-02-05 15:00","2012","02","05","15:00","-0.3","","-3.7","","78","","","","29","","19","","","","99.72","","","","-5","","NA"
"-82.57","45.88","GORE BAY CLIMATE","6092920","2012-02-05 16:00","2012","02","05","16:00","-0.3","","-3.2","","81","","","","26","","20","","","","99.63","","","","-6","","NA"
"-82.57","45.88","GORE BAY CLIMATE","6092920","2012-02-05 17:00","2012","02","05","17:00","-0.1","","-3.0","","81","","","","28","","19","","","","99.63","","","","-5","","NA"
"-82.57","45.88","GORE BAY CLIMATE","6092920","2012-02-05 18:00","2012","02","05","18:00","-0.2","","-3.0","","81","","","","27","","26","","","","99.63","","","","-6","","NA"
"-82.57","45.88","GORE BAY CLIMATE","6092920","2012-02-05 19:00","2012","02","05","19:00","-0.3","","-2.5","","85","","","","26","","28","","","","99.56","","","","-7","","NA"
"-82.57","45.88","GORE BAY CLIMATE","6092920","2012-02-05 20:00","2012","02","05","20:00","-0.2","","-2.1","","87","","","","26","","26","","","","99.53","","","","-6","","NA"
"-82.57","45.88","GORE BAY CLIMATE","6092920","2012-02-05 21:00","2012","02","05","21:00","0.2","","-1.7","","87","","","","26","","26","","","","99.48","","","","","","NA"
"-82.57","45.88","GORE BAY CLIMATE","6092920","2012-02-05 22:00","2012","02","05","22:00","0.1","","-1.6","","88","","","","26","","20","","","","99.44","","","","","","NA"
"-82.57","45.88","GORE BAY CLIMATE","6092920","2012-02-05 23:00","2012","02","05","23:00","0.2","","-1.4","","89","","","","26","","20","","","","99.37","","","","","","NA"
"-82.57","45.88","GORE BAY CLIMATE","6092920","2012-02-06 00:00","2012","02","06","00:00","-0.2","","-1.4","","92","","","","25","","15","","","","99.30","","","","-5","","NA"
"-82.57","45.88","GORE BAY CLIMATE","6092920","2012-02-06 01:00","2012","02","06","01:00","-0.4","","-1.5","","92","","","","24","","19","","","","99.20","","","","-6","","NA"
"-82.57","45.88","GORE BAY CLIMATE","6092920","2012-02-06 02:00","2012","02","06","02:00","-0.5","","-1.6","","92","","","","25","","15","","","","99.14","","","","-5","","NA"
"-82.57","45.88","GORE BAY CLIMATE","6092920","2012-02-06 03:00","2012","02","06","03:00","-0.5","","-1.4","","94","","","","24","","15","","","","99.07","","","","-5","","NA"
"-82.57","45.88","GORE BAY CLIMATE","6092920","2012-02-06 04:00","2012","02","06","04:00","-1.0","","-1.7","","95","","","","26","","13","","","","98.97","","","","-5","","NA"
"-82.57","45.88","GORE BAY CLIMATE","6092920","2012-02-06 05:00","2012","02","06","05:00","-0.6","","-1.3","","95","","","","26","","15","","","","98.94","","","","-5","","NA"
"-82.57","45.88","GORE BAY CLIMATE","6092920","2012-02-06 06:00","2012","02","06","06:00","-0.2","","-1.2","","93","","","","25","","17","","","","98.90","","","","-5","","NA"
"-82.57","45.88","GORE BAY CLIMATE","6092920","2012-02-06 07:00","2012","02","06","07:00","-0.5","","-1.6","","92","","","","25","","17","","","","98.92","","","","-5","","NA"
"-82.57","45.88","GORE BAY CLIMATE","6092920","2012-02-06 08:00","2012","02","06","08:00","-0.9","","-1.9","","93","","","","25","","15","","","","98.95","","","","-6","","NA"
"-82.57","45.88","GORE BAY CLIMATE","6092920","2012-02-06 09:00","2012","02","06","09:00","-0.2","","-2.0","","88","","","","26","","15","","","","98.99","","","","-5","","NA"
"-82.57","45.88","GORE BAY CLIMATE","6092920","2012-02-06 10:00","2012","02","06","10:00","2.0","","-1.9","","75","","","","28","","19","","","","99.01","","","","","","NA"
"-82.57","45.88","GORE BAY CLIMATE","6092920","2012-02-06 11:00","2012","02","06","11:00","1.7","","-2.4","","74","","","","30","","22","","","","99.00","","","","","","NA"
"-82.57","45.88","GORE BAY CLIMATE","6092920","2012-02-06 12:00","2012","02","06","12:00","2.4","","-2.5","","70","","","","28","","19","","","","99.01","","","","","","NA"
"-82.57","45.88","GORE BAY CLIMATE","6092920","2012-02-06 13:00","2012","02","06","13:00","2.5","","-2.4","","70","","","","30","","24","","","","98.98","","","","","","NA"
"-82.57","45.88","GORE BAY CLIMATE","6092920","2012-02-06 14:00","2012","02","06","14:00","2.6","","-2.4","","70","","","","28","","22","","","","98.94","","","","","","NA"
"-82.57","45.88","GORE BAY CLIMATE","6092920","2012-02-06 15:00","2012","02","06","15:00","2.4","","-1.8","","74","","","","29","","20","","","","98.97","","","","","","NA"
"-82.57","45.88","GORE BAY CLIMATE","6092920","2012-02-06 16:00","2012","02","06","16:00","2.1","","-1.5","","77","","","","30","","22","","","","99.03","","","","","","NA"
"-82.57","45.88","GORE BAY CLIMATE","6092920","2012-02-06 17:00","2012","02","06","17:00","1.8","","-1.3","","80","","","","29","","19","","","","99.09","","","","","","NA"
"-82.57","45.88","GORE BAY CLIMATE","6092920","2012-02-06 18:00","2012","02","06","18:00","1.6","","-1.1","","82","","","","30","","19","","","","99.13","","","","","","NA"
"-82.57","45.88","GORE BAY CLIMATE","6092920","2012-02-06 19:00","2012","02","06","19:00","1.5","","-1.0","","83","","","","29","","17","","","","99.18","","","","","","NA"
"-82.57","45.88","GORE BAY CLIMATE","6092920","2012-02-06 20:00","2012","02","06","20:00","1.5","","-1.0","","83","","","","30","","19","","","","99.24","","","","","","NA"
"-82.57","45.88","GORE BAY CLIMATE","6092920","2012-02-06 21:00","2012","02","06","21:00","1.2","","-1.0","","85","","","","30","","19","","","","99.28","","","","","","NA"
"-82.57","45.88","GORE BAY CLIMATE","6092920","2012-02-06 22:00","2012","02","06","22:00","1.0","","-1.3","","85","","","","36","","17","","","","99.36","","","","","","NA"
"-82.57","45.88","GORE BAY CLIMATE","6092920","2012-02-06 23:00","2012","02","06","23:00","0.0","","-3.0","","80","","","","3","","17","","","","99.43","","","","-5","","NA"
"-82.57","45.88","GORE BAY CLIMATE","6092920","2012-02-07 00:00","2012","02","07","00:00","-0.8","","-4.8","","74","","","","3","","15","","","","99.54","","","","-5","","NA"
"-82.57","45.88","GORE BAY CLIMATE","6092920","2012-02-07 01:00","2012","02","07","01:00","-2.6","","-6.3","","76","","","","3","","22","","","","99.65","","","","-9","","NA"
"-82.57","45.88","GORE BAY CLIMATE","6092920","2012-02-07 02:00","2012","02","07","02:00","-4.0","","-7.6","","76","","","","3","","22","","","","99.77","","","","-11","","NA"
"-82.57","45.88","GORE BAY CLIMATE","6092920","2012-02-07 03:00","2012","02","07","03:00","-4.9","","-8.6","","75","","","","3","","22","","","","99.90","","","","-12","","NA"
"-82.57","45.88","GORE BAY CLIMATE","6092920","2012-02-07 04:00","2012","02","07","04:00","-5.9","","-10.2","","72","","","","4","","24","","","","99.99","","","","-13","","NA"
"-82.57","45.88","GORE BAY CLIMATE","6092920","2012-02-07 05:00","2012","02","07","05:00","-6.4","","-10.5","","73","","","","4","","17","","","","100.05","","","","-13","","NA"
"-82.57","45.88","GORE BAY CLIMATE","6092920","2012-02-07 06:00","2012","02","07","06:00","-7.0","","-10.9","","74","","","","1","","22","","","","100.12","","","","-14","","NA"
"-82.57","45.88","GORE BAY CLIMATE","6092920","2012-02-07 07:00","2012","02","07","07:00","-7.5","","-11.4","","74","","","","2","","17","","","","100.22","","","","-14","","NA"
"-82.57","45.88","GORE BAY CLIMATE","6092920","2012-02-07 08:00","2012","02","07","08:00","-8.1","","-11.7","","75","","","","1","","19","","","","100.33","","","","-15","","NA"
"-82.57","45.88","GORE BAY CLIMATE","6092920","2012-02-07 09:00","2012","02","07","09:00","-8.9","","-12.9","","73","","","","2","","20","","","","100.44","","","","-16","","NA"
"-82.57","45.88","GORE BAY CLIMATE","6092920","2012-02-07 10:00","2012","02","07","10:00","-9.0","","-13.2","","72","","","","2","","17","","","","100.51","","","","-16","","NA"
"-82.57","45.88","GORE BAY CLIMATE","6092920","2012-02-07 11:00","2012","02","07","11:00","-9.2","","-13.9","","69","","","","1","","15","","","","100.56","","","","-16","","NA"
"-82.57","45.88","GORE BAY CLIMATE","6092920","2012-02-07 12:00","2012","02","07","12:00","-8.5","","-13.8","","66","","","","2","","11","","","","100.56","","","","-14","","NA"
"-82.57","45.88","GORE BAY CLIMATE","6092920","2012-02-07 13:00","2012","02","07","13:00","-7.6","","-13.9","","61","","","","35","","11","","","","100.52","","","","-13","","NA"
"-82.57","45.88","GORE BAY CLIMATE","6092920","2012-02-07 14:00","2012","02","07","14:00","-7.1","","-14.4","","56","","","","31","","9","","","","100.47","","","","-11","","NA"
"-82.57","45.88","GORE BAY CLIMATE","6092920","2012-02-07 15:00","2012","02","07","15:00","-6.2","","-14.1","","54","","","","31","","15","","","","100.47","","","","-12","","NA"
"-82.57","45.88","GORE BAY CLIMATE","6092920","2012-02-07 16:00","2012","02","07","16:00","-5.9","","-14.0","","53","","","","30","","15","","","","100.49","","","","-12","","NA"
"-82.57","45.88","GORE BAY CLIMATE","6092920","2012-02-07 17:00","2012","02","07","17:00","-5.7","","-15.9","","44","","","","31","","13","","","","100.47","","","","-11","","NA"
"-82.57","45.88","GORE BAY CLIMATE","6092920","2012-02-07 18:00","2012","02","07","18:00","-7.1","","-14.6","","55","","","","32","","6","","","","100.46","","","","-10","","NA"
"-82.57","45.88","GORE BAY CLIMATE","6092920","2012-02-07 19:00","2012","02","07","19:00","-8.6","","-14.0","","65","","","","27","","6","","","","100.47","","","","-12","","NA"
"-82.57","45.88","GORE BAY CLIMATE","6092920","2012-02-07 20:00","2012","02","07","20:00","-9.4","","-13.9","","70","","","","26","","6","","","","100.49","","","","-13","","NA"
"-82.57","45.88","GORE BAY CLIMATE","6092920","2012-02-07 21:00","2012","02","07","21:00","-9.8","","-13.7","","73","","","","28","","11","","","","100.46","","","","-15","","NA"
"-82.57","45.88","GORE BAY CLIMATE","6092920","2012-02-07 22:00","2012","02","07","22:00","-10.4","","-13.3","","79","","","","28","","11","","","","100.45","","","","-16","","NA"
"-82.57","45.88","GORE BAY CLIMATE","6092920","2012-02-07 23:00","2012","02","07","23:00","-8.2","","-10.8","","81","","","","32","","13","","","","100.41","","","","-14","","NA"
"-82.57","45.88","GORE BAY CLIMATE","6092920","2012-02-08 00:00","2012","02","08","00:00","-9.3","","-10.8","","89","","","","26","","7","","","","100.38","","","","-13","","NA"
"-82.57","45.88","GORE BAY CLIMATE","6092920","2012-02-08 01:00","2012","02","08","01:00","-9.6","","-11.2","","88","","","","27","","9","","","","100.34","","","","-14","","NA"
"-82.57","45.88","GORE BAY CLIMATE","6092920","2012-02-08 02:00","2012","02","08","02:00","-8.3","","-10.2","","86","","","","26","","17","","","","100.29","","","","-15","","NA"
"-82.57","45.88","GORE BAY CLIMATE","6092920","2012-02-08 03:00","2012","02","08","03:00","-8.4","","-10.3","","86","","","","26","","17","","","","100.21","","","","-15","","NA"
"-82.57","45.88","GORE BAY CLIMATE","6092920","2012-02-08 04:00","2012","02","08","04:00","-9.4","","-10.8","","90","","","","28","","9","","","","100.12","","","","-14","","NA"
"-82.57","45.88","GORE BAY CLIMATE","6092920","2012-02-08 05:00","2012","02","08","05:00","-9.0","","-10.6","","88","","","","25","","9","","","","100.07","","","","-14","","NA"
"-82.57","45.88","GORE BAY CLIMATE","6092920","2012-02-08 06:00","2012","02","08","06:00","-8.4","","-10.4","","85","","","","25","","11","","","","100.03","","","","-14","","NA"
"-82.57","45.88","GORE BAY CLIMATE","6092920","2012-02-08 07:00","2012","02","08","07:00","-7.5","","-11.5","","73","","","","27","","17","","","","99.99","","","","-14","","NA"
"-82.57","45.88","GORE BAY CLIMATE","6092920","2012-02-08 08:00","2012","02","08","08:00","-6.8","","-9.9","","79","","","","26","","15","","","","99.95","","","","-13","","NA"
"-82.57","45.88","GORE BAY CLIMATE","6092920","2012-02-08 09:00","2012","02","08","09:00","-4.2","","-7.8","","76","","","","26","","19","","","","99.94","","","","-10","","NA"
"-82.57","45.88","GORE BAY CLIMATE","6092920","2012-02-08 10:00","2012","02","08","10:00","-2.8","","-6.3","","77","","","","26","","19","","","","99.88","","","","-9","","NA"
"-82.57","45.88","GORE BAY CLIMATE","6092920","2012-02-08 11:00","2012","02","08","11:00","-1.2","","-5.4","","73","","","","27","","17","","","","99.83","","","","-6","","NA"
"-82.57","45.88","GORE BAY CLIMATE","6092920","2012-02-08 12:00","2012","02","08","12:00","-0.4","","-6.0","","66","","","","27","","22","","","","99.76","","","","-6","","NA"
"-82.57","45.88","GORE BAY CLIMATE","6092920","2012-02-08 13:00","2012","02","08","13:00","0.3","","-5.2","","67","","","","27","","20","","","","99.67","","","","","","NA"
"-82.57","45.88","GORE BAY CLIMATE","6092920","2012-02-08 14:00","2012","02","08","14:00","0.3","","-4.4","","71","","","","27","","17","","","","99.57","","","","","","NA"
"-82.57","45.88","GORE BAY CLIMATE","6092920","2012-02-08 15:00","2012","02","08","15:00","0.2","","-4.2","","72","","","","25","","22","","","","99.51","","","","","","NA"
"-82.57","45.88","GORE BAY CLIMATE","6092920","2012-02-08 16:00","2012","02","08","16:00","-0.6","","-4.6","","74","","","","26","","26","","","","99.47","","","","-7","","NA"
"-82.57","45.88","GORE BAY CLIMATE","6092920","2012-02-08 17:00","2012","02","08","17:00","-1.5","","-6.2","","70","","","","26","","26","","","","99.43","","","","-8","","NA"
"-82.57","45.88","GORE BAY CLIMATE","6092920","2012-02-08 18:00","2012","02","08","18:00","-2.5","","-6.5","","74","","","","26","","19","","","","99.42","","","","-8","","NA"
"-82.57","45.88","GORE BAY CLIMATE","6092920","2012-02-08 19:00","2012","02","08","19:00","-3.0","","-6.0","","80","","","","26","","20","","","","99.40","","","","-9","","NA"
"-82.57","45.88","GORE BAY CLIMATE","6092920","2012-02-08 20:00","2012","02","08","20:00","-3.4","","-6.2","","81","","","","26","","17","","","","99.39","","","","-9","","NA"
"-82.57","45.88","GORE BAY CLIMATE","6092920","2012-02-08 21:00","2012","02","08","21:00","-3.9","","-6.2","","84","","","","26","","13","","","","99.38","","","","-9","","NA"
"-82.57","45.88","GORE BAY CLIMATE","6092920","2012-02-08 22:00","2012","02","08","22:00","-3.4","","-6.1","","82","","","","27","","15","","","","99.34","","","","-9","","NA"
"-82.57","45.88","GORE BAY CLIMATE","6092920","2012-02-08 23:00","2012","02","08","23:00","-3.5","","-6.8","","78","","","","27","","13","","","","99.31","","","","-8","","NA"
"-82.57","45.88","GORE BAY CLIMATE","6092920","2012-02-09 00:00","2012","02","09","00:00","-2.4","","-6.0","","76","","","","27","","19","","","","99.26","","","","-8","","NA"
"-82.57","45.88","GORE BAY CLIMATE","6092920","2012-02-09 01:00","2012","02","09","01:00","-3.2","","-6.2","","80","","","","27","","13","","","","99.25","","","","-8","","NA"
"-82.57","45.88","GORE BAY CLIMATE","6092920","2012-02-09 02:00","2012","02","09","02:00","-3.7","","-7.1","","77","","","","26","","13","","","","99.25","","","","-9","","NA"
"-82.57","45.88","GORE BAY CLIMATE","6092920","2012-02-09 03:00","2012","02","09","03:00","-3.9","","-7.1","","78","","","","26","","15","","","","99.26","","","","-9","","NA"
"-82.57","45.88","GORE BAY CLIMATE","6092920","2012-02-09 04:00","2012","02","09","04:00","-4.1","","-8.3","","73","","","","27","","11","","","","99.21","","","","-9","","NA"
"-82.57","45.88","GORE BAY CLIMATE","6092920","2012-02-09 05:00","2012","02","09","05:00","-4.2","","-8.4","","72","","","","27","","13","","","","99.22","","","","-9","","NA"
"-82.57","45.88","GORE BAY CLIMATE","6092920","2012-02-09 06:00","2012","02","09","06:00","-5.1","","-8.3","","78","","","","26","","13","","","","99.20","","","","-10","","NA"
"-82.57","45.88","GORE BAY CLIMATE","6092920","2012-02-09 07:00","2012","02","09","07:00","-4.3","","-8.0","","75","","","","26","","15","","","","99.22","","","","-10","","NA"
"-82.57","45.88","GORE BAY CLIMATE","6092920","2012-02-09 08:00","2012","02","09","08:00","-3.5","","-6.9","","77","","","","25","","13","","","","99.23","","","","-8","","NA"
"-82.57","45.88","GORE BAY CLIMATE","6092920","2012-02-09 09:00","2012","02","09","09:00","-1.7","","-6.4","","70","","","","25","","17","","","","99.24","","","","-7","","NA"
"-82.57","45.88","GORE BAY CLIMATE","6092920","2012-02-09 10:00","2012","02","09","10:00","-0.6","","-5.7","","68","","","","26","","20","","","","99.23","","","","-6","","NA"
"-82.57","45.88","GORE BAY CLIMATE","6092920","2012-02-09 11:00","2012","02","09","11:00","0.1","","-5.9","","64","","","","26","","22","","","","99.20","","","","","","NA"
"-82.57","45.88","GORE BAY CLIMATE","6092920","2012-02-09 12:00","2012","02","09","12:00","1.1","","-4.7","","65","","","","26","","22","","","","99.15","","","","","","NA"
"-82.57","45.88","GORE BAY CLIMATE","6092920","2012-02-09 13:00","2012","02","09","13:00","0.8","","-4.5","","68","","","","26","","28","","","","99.10","","","","","","NA"
"-82.57","45.88","GORE BAY CLIMATE","6092920","2012-02-09 14:00","2012","02","09","14:00","1.6","","-4.1","","66","","","","24","","22","","","","99.02","","","","","","NA"
"-82.57","45.88","GORE BAY CLIMATE","6092920","2012-02-09 15:00","2012","02","09","15:00","1.9","","-5.6","","57","","","","23","","28","","","","98.94","","","","","","NA"
"-82.57","45.88","GORE BAY CLIMATE","6092920","2012-02-09 16:00","2012","02","09","16:00","2.2","","-4.6","","61","","","","24","","24","","","","98.92","","","","","","NA"
"-82.57","45.88","GORE BAY CLIMATE","6092920","2012-02-09 17:00","2012","02","09","17:00","1.8","","-7.5","","50","","","","24","","19","","","","98.91","","","","","","NA"
"-82.57","45.88","GORE BAY CLIMATE","6092920","2012-02-09 18:00","2012","02","09","18:00","-0.5","","-6.8","","62","","","","24","","13","","","","98.88","","","","-5","","NA"
"-82.57","45.88","GORE BAY CLIMATE","6092920","2012-02-09 19:00","2012","02","09","19:00","-0.3","","-5.5","","68","","","","24","","17","","","","98.87","","","","-5","","NA"
"-82.57","45.88","GORE BAY CLIMATE","6092920","2012-02-09 20:00","2012","02","09","20:00","0.1","","-8.1","","54","","","","26","","20","","","","98.88","","","","","","NA"
"-82.57","45.88","GORE BAY CLIMATE","6092920","2012-02-09 21:00","2012","02","09","21:00","-1.2","","-6.5","","67","","","","29","","7","","","","98.89","","","","-4","","NA"
"-82.57","45.88","GORE BAY CLIMATE","6092920","2012-02-09 22:00","2012","02","09","22:00","-1.4","","-6.3","","69","","","","27","","17","","","","98.90","","","","-7","","NA"
"-82.57","45.88","GORE BAY CLIMATE","6092920","2012-02-09 23:00","2012","02","09","23:00","-2.5","","-6.8","","72","","","","26","","13","","","","98.88","","","","-7","","NA"
"-82.57","45.88","GORE BAY CLIMATE","6092920","2012-02-10 00:00","2012","02","10","00:00","-1.1","","-6.0","","69","","","","25","","19","","","","98.84","","","","-6","","NA"
"-82.57","45.88","GORE BAY CLIMATE","6092920","2012-02-10 01:00","2012","02","10","01:00","-0.7","","-4.6","","75","","","","25","","24","","","","98.79","","","","-7","","NA"
"-82.57","45.88","GORE BAY CLIMATE","6092920","2012-02-10 02:00","2012","02","10","02:00","-0.4","","-4.4","","74","","","","25","","24","","","","98.76","","","","-6","","NA"
"-82.57","45.88","GORE BAY CLIMATE","6092920","2012-02-10 03:00","2012","02","10","03:00","-0.4","","-4.4","","74","","","","25","","20","","","","98.73","","","","-6","","NA"
"-82.57","45.88","GORE BAY CLIMATE","6092920","2012-02-10 04:00","2012","02","10","04:00","-0.5","","-4.3","","75","","","","26","","26","","","","98.71","","","","-7","","NA"
"-82.57","45.88","GORE BAY CLIMATE","6092920","2012-02-10 05:00","2012","02","10","05:00","-0.8","","-3.9","","79","","","","26","","19","","","","98.74","","","","-6","","NA"
"-82.57","45.88","GORE BAY CLIMATE","6092920","2012-02-10 06:00","2012","02","10","06:00","-4.9","","-8.5","","76","","","","2","","24","","","","98.80","","","","-12","","NA"
"-82.57","45.88","GORE BAY CLIMATE","6092920","2012-02-10 07:00","2012","02","10","07:00","-9.0","","-13.2","","72","","","","3","","32","","","","98.88","","","","-18","","NA"
"-82.57","45.88","GORE BAY CLIMATE","6092920","2012-02-10 08:00","2012","02","10","08:00","-11.4","","-16.1","","68","","","","2","","26","","","","99.04","","","","-21","","NA"
"-82.57","45.88","GORE BAY CLIMATE","6092920","2012-02-10 09:00","2012","02","10","09:00","-12.4","","-16.8","","70","","","","3","","28","","","","99.16","","","","-22","","NA"
"-82.57","45.88","GORE BAY CLIMATE","6092920","2012-02-10 10:00","2012","02","10","10:00","-13.2","","-16.2","","78","","","","4","","28","","","","99.20","","","","-23","","NA"
"-82.57","45.88","GORE BAY CLIMATE","6092920","2012-02-10 11:00","2012","02","10","11:00","-13.3","","-16.3","","78","","","","4","","28","","","","99.24","","","","-24","","NA"
"-82.57","45.88","GORE BAY CLIMATE","6092920","2012-02-10 12:00","2012","02","10","12:00","-13.2","","-17.3","","71","","","","3","","26","","","","99.29","","","","-23","","NA"
"-82.57","45.88","GORE BAY CLIMATE","6092920","2012-02-10 13:00","2012","02","10","13:00","-13.2","","-17.5","","70","","","","3","","22","","","","99.30","","","","-22","","NA"
"-82.57","45.88","GORE BAY CLIMATE","6092920","2012-02-10 14:00","2012","02","10","14:00","-13.8","","-18.1","","70","","","","3","","19","","","","99.34","","","","-22","","NA"
"-82.57","45.88","GORE BAY CLIMATE","6092920","2012-02-10 15:00","2012","02","10","15:00","-13.7","","-19.4","","62","","","","4","","20","","","","99.36","","","","-23","","NA"
"-82.57","45.88","GORE BAY CLIMATE","6092920","2012-02-10 16:00","2012","02","10","16:00","-13.2","","-19.9","","57","","","","2","","19","","","","99.42","","","","-22","","NA"
"-82.57","45.88","GORE BAY CLIMATE","6092920","2012-02-10 17:00","2012","02","10","17:00","-12.8","","-21.1","","50","","","","2","","17","","","","99.43","","","","-21","","NA"
"-82.57","45.88","GORE BAY CLIMATE","6092920","2012-02-10 18:00","2012","02","10","18:00","-13.3","","-22.4","","46","","","","2","","22","","","","99.49","","","","-22","","NA"
"-82.57","45.88","GORE BAY CLIMATE","6092920","2012-02-10 19:00","2012","02","10","19:00","-13.6","","-22.5","","47","","","","2","","22","","","","99.56","","","","-23","","NA"
"-82.57","45.88","GORE BAY CLIMATE","6092920","2012-02-10 20:00","2012","02","10","20:00","-13.9","","-21.9","","51","","","","2","","20","","","","99.60","","","","-23","","NA"
"-82.57","45.88","GORE BAY CLIMATE","6092920","2012-02-10 21:00","2012","02","10","21:00","-14.9","","-23.2","","49","","","","2","","22","","","","99.63","","","","-24","","NA"
"-82.57","45.88","GORE BAY CLIMATE","6092920","2012-02-10 22:00","2012","02","10","22:00","-15.6","","-22.6","","55","","","","2","","22","","","","99.66","","","","-25","","NA"
"-82.57","45.88","GORE BAY CLIMATE","6092920","2012-02-10 23:00","2012","02","10","23:00","-16.3","","-22.3","","60","","","","3","","19","","","","99.67","","","","-26","","NA"
"-82.57","45.88","GORE BAY CLIMATE","6092920","2012-02-11 00:00","2012","02","11","00:00","-17.0","","-22.4","","63","","","","3","","19","","","","99.68","","","","-26","","NA"
"-82.57","45.88","GORE BAY CLIMATE","6092920","2012-02-11 01:00","2012","02","11","01:00","-17.7","","-22.7","","65","","","","3","","20","","","","99.72","","","","-28","","NA"
"-82.57","45.88","GORE BAY CLIMATE","6092920","2012-02-11 02:00","2012","02","11","02:00","-19.3","","-23.9","","67","","","","3","","22","","","","99.71","","","","-30","","NA"
"-82.57","45.88","GORE BAY CLIMATE","6092920","2012-02-11 03:00","2012","02","11","03:00","-19.9","","-23.8","","71","","","","3","","20","","","","99.72","","","","-30","","NA"
"-82.57","45.88","GORE BAY CLIMATE","6092920","2012-02-11 04:00","2012","02","11","04:00","-20.0","","-24.2","","69","","","","3","","19","","","","99.72","","","","-30","","NA"
"-82.57","45.88","GORE BAY CLIMATE","6092920","2012-02-11 05:00","2012","02","11","05:00","-20.1","","-23.9","","72","","","","3","","17","","","","99.76","","","","-30","","NA"
"-82.57","45.88","GORE BAY CLIMATE","6092920","2012-02-11 06:00","2012","02","11","06:00","-20.3","","-23.8","","74","","","","2","","11","","","","99.76","","","","-28","","NA"
"-82.57","45.88","GORE BAY CLIMATE","6092920","2012-02-11 07:00","2012","02","11","07:00","-20.8","","-24.2","","74","","","","3","","9","","","","99.76","","","","-28","","NA"
"-82.57","45.88","GORE BAY CLIMATE","6092920","2012-02-11 08:00","2012","02","11","08:00","-20.6","","-24.5","","71","","","","1","","15","","","","99.85","","","","-30","","NA"
"-82.57","45.88","GORE BAY CLIMATE","6092920","2012-02-11 09:00","2012","02","11","09:00","-19.1","","-23.7","","67","","","","36","","15","","","","99.88","","","","-28","","NA"
"-82.57","45.88","GORE BAY CLIMATE","6092920","2012-02-11 10:00","2012","02","11","10:00","-18.3","","-23.7","","63","","","","35","","19","","","","99.86","","","","-28","","NA"
"-82.57","45.88","GORE BAY CLIMATE","6092920","2012-02-11 11:00","2012","02","11","11:00","-16.9","","-22.7","","61","","","","35","","9","","","","99.84","","","","-23","","NA"
"-82.57","45.88","GORE BAY CLIMATE","6092920","2012-02-11 12:00","2012","02","11","12:00","-15.5","","-21.9","","58","","","","32","","13","","","","99.76","","","","-23","","NA"
"-82.57","45.88","GORE BAY CLIMATE","6092920","2012-02-11 13:00","2012","02","11","13:00","-14.1","","-19.6","","63","","","","32","","19","","","","99.67","","","","-23","","NA"
"-82.57","45.88","GORE BAY CLIMATE","6092920","2012-02-11 14:00","2012","02","11","14:00","-12.1","","-18.2","","60","","","","32","","13","","","","99.55","","","","-19","","NA"
"-82.57","45.88","GORE BAY CLIMATE","6092920","2012-02-11 15:00","2012","02","11","15:00","-10.8","","-14.2","","76","","","","30","","17","","","","99.47","","","","-18","","NA"
"-82.57","45.88","GORE BAY CLIMATE","6092920","2012-02-11 16:00","2012","02","11","16:00","-9.8","","-13.9","","72","","","","29","","19","","","","99.42","","","","-17","","NA"
"-82.57","45.88","GORE BAY CLIMATE","6092920","2012-02-11 17:00","2012","02","11","17:00","-9.0","","-12.9","","73","","","","31","","15","","","","99.38","","","","-16","","NA"
"-82.57","45.88","GORE BAY CLIMATE","6092920","2012-02-11 18:00","2012","02","11","18:00","-8.8","","-11.8","","79","","","","30","","11","","","","99.32","","","","-14","","NA"
"-82.57","45.88","GORE BAY CLIMATE","6092920","2012-02-11 19:00","2012","02","11","19:00","-8.6","","-10.3","","87","","","","26","","7","","","","99.29","","","","-12","","NA"
"-82.57","45.88","GORE BAY CLIMATE","6092920","2012-02-11 20:00","2012","02","11","20:00","-7.0","","-10.4","","77","","","","28","","24","","","","99.23","","","","-15","","NA"
"-82.57","45.88","GORE BAY CLIMATE","6092920","2012-02-11 21:00","2012","02","11","21:00","-7.1","","-10.6","","76","","","","28","","24","","","","99.20","","","","-15","","NA"
"-82.57","45.88","GORE BAY CLIMATE","6092920","2012-02-11 22:00","2012","02","11","22:00","-6.7","","-9.9","","78","","","","28","","22","","","","99.15","","","","-14","","NA"
"-82.57","45.88","GORE BAY CLIMATE","6092920","2012-02-11 23:00","2012","02","11","23:00","-6.5","","-8.9","","83","","","","28","","17","","","","99.08","","","","-13","","NA"
"-82.57","45.88","GORE BAY CLIMATE","6092920","2012-02-12 00:00","2012","02","12","00:00","-5.6","","-8.2","","82","","","","29","","19","","","","98.99","","","","-12","","NA"
"-82.57","45.88","GORE BAY CLIMATE","6092920","2012-02-12 01:00","2012","02","12","01:00","-5.7","","-8.2","","82","","","","29","","32","","","","98.96","","","","-14","","NA"
"-82.57","45.88","GORE BAY CLIMATE","6092920","2012-02-12 02:00","2012","02","12","02:00","-6.4","","-9.2","","80","","","","33","","22","","","","98.96","","","","-14","","NA"
"-82.57","45.88","GORE BAY CLIMATE","6092920","2012-02-12 03:00","2012","02","12","03:00","-8.1","","-10.9","","80","","","","36","","22","","","","99.05","","","","-16","","NA"
"-82.57","45.88","GORE BAY CLIMATE","6092920","2012-02-12 04:00","2012","02","12","04:00","-8.8","","-12.6","","74","","","","35","","19","","","","99.09","","","","-16","","NA"
"-82.57","45.88","GORE BAY CLIMATE","6092920","2012-02-12 05:00","2012","02","12","05:00","-9.8","","-15.0","","66","","","","33","","22","","","","99.18","","","","-18","","NA"
"-82.57","45.88","GORE BAY CLIMATE","6092920","2012-02-12 06:00","2012","02","12","06:00","-10.7","","-15.7","","67","","","","33","","13","","","","99.23","","","","-17","","NA"
"-82.57","45.88","GORE BAY CLIMATE","6092920","2012-02-12 07:00","2012","02","12","07:00","-11.6","","-15.6","","72","","","","36","","6","","","","99.22","","","","-15","","NA"
"-82.57","45.88","GORE BAY CLIMATE","6092920","2012-02-12 08:00","2012","02","12","08:00","-9.5","","-14.6","","66","","","","32","","9","","","","99.25","","","","-14","","NA"
"-82.57","45.88","GORE BAY CLIMATE","6092920","2012-02-12 09:00","2012","02","12","09:00","-8.7","","-14.7","","62","","","","31","","15","","","","99.22","","","","-15","","NA"
"-82.57","45.88","GORE BAY CLIMATE","6092920","2012-02-12 10:00","2012","02","12","10:00","-8.1","","-14.5","","60","","","","31","","13","","","","99.22","","","","-14","","NA"
"-82.57","45.88","GORE BAY CLIMATE","6092920","2012-02-12 11:00","2012","02","12","11:00","-7.4","","-15.0","","55","","","","31","","20","","","","99.21","","","","-15","","NA"
"-82.57","45.88","GORE BAY CLIMATE","6092920","2012-02-12 12:00","2012","02","12","12:00","-6.8","","-13.4","","59","","","","30","","20","","","","99.17","","","","-14","","NA"
"-82.57","45.88","GORE BAY CLIMATE","6092920","2012-02-12 13:00","2012","02","12","13:00","-5.8","","-10.8","","68","","","","30","","20","","","","99.08","","","","-13","","NA"
"-82.57","45.88","GORE BAY CLIMATE","6092920","2012-02-12 14:00","2012","02","12","14:00","-4.9","","-8.8","","74","","","","30","","24","","","","99.00","","","","-12","","NA"
"-82.57","45.88","GORE BAY CLIMATE","6092920","2012-02-12 15:00","2012","02","12","15:00","-2.8","","-7.4","","71","","","","29","","22","","","","98.94","","","","-9","","NA"
"-82.57","45.88","GORE BAY CLIMATE","6092920","2012-02-12 16:00","2012","02","12","16:00","-1.8","","-7.2","","67","","","","29","","35","","","","98.89","","","","-9","","NA"
"-82.57","45.88","GORE BAY CLIMATE","6092920","2012-02-12 17:00","2012","02","12","17:00","-1.9","","-7.1","","68","","","","29","","37","","","","98.86","","","","-10","","NA"
"-82.57","45.88","GORE BAY CLIMATE","6092920","2012-02-12 18:00","2012","02","12","18:00","-2.1","","-6.4","","72","","","","30","","33","","","","98.84","","","","-10","","NA"
"-82.57","45.88","GORE BAY CLIMATE","6092920","2012-02-12 19:00","2012","02","12","19:00","-2.0","","-6.5","","71","","","","29","","32","","","","98.87","","","","-9","","NA"
"-82.57","45.88","GORE BAY CLIMATE","6092920","2012-02-12 20:00","2012","02","12","20:00","-2.0","","-6.5","","71","","","","29","","30","","","","98.86","","","","-9","","NA"
"-82.57","45.88","GORE BAY CLIMATE","6092920","2012-02-12 21:00","2012","02","12","21:00","-3.1","","-7.0","","74","","","","27","","26","","","","98.84","","","","-10","","NA"
"-82.57","45.88","GORE BAY CLIMATE","6092920","2012-02-12 22:00","2012","02","12","22:00","-3.6","","-6.9","","78","","","","27","","24","","","","98.85","","","","-10","","NA"
"-82.57","45.88","GORE BAY CLIMATE","6092920","2012-02-12 23:00","2012","02","12","23:00","-2.9","","-6.5","","76","","","","28","","24","","","","98.82","","","","-10","","NA"
"-82.57","45.88","GORE BAY CLIMATE","6092920","2012-02-13 00:00","2012","02","13","00:00","-2.5","","-6.2","","76","","","","28","","22","","","","98.86","","","","-9","","NA"
"-82.57","45.88","GORE BAY CLIMATE","6092920","2012-02-13 01:00","2012","02","13","01:00","-2.8","","-6.4","","76","","","","28","","19","","","","98.86","","","","-9","","NA"
"-82.57","45.88","GORE BAY CLIMATE","6092920","2012-02-13 02:00","2012","02","13","02:00","-3.9","","-6.5","","82","","","","26","","19","","","","98.86","","","","-10","","NA"
"-82.57","45.88","GORE BAY CLIMATE","6092920","2012-02-13 03:00","2012","02","13","03:00","-4.2","","-7.0","","81","","","","27","","15","","","","98.87","","","","-10","","NA"
"-82.57","45.88","GORE BAY CLIMATE","6092920","2012-02-13 04:00","2012","02","13","04:00","-5.0","","-7.8","","81","","","","26","","13","","","","98.83","","","","-10","","NA"
"-82.57","45.88","GORE BAY CLIMATE","6092920","2012-02-13 05:00","2012","02","13","05:00","-5.1","","-7.9","","81","","","","27","","15","","","","98.83","","","","-11","","NA"
"-82.57","45.88","GORE BAY CLIMATE","6092920","2012-02-13 06:00","2012","02","13","06:00","-4.2","","-7.5","","78","","","","28","","17","","","","98.84","","","","-10","","NA"
"-82.57","45.88","GORE BAY CLIMATE","6092920","2012-02-13 07:00","2012","02","13","07:00","-5.3","","-7.8","","83","","","","28","","13","","","","98.86","","","","-10","","NA"
"-82.57","45.88","GORE BAY CLIMATE","6092920","2012-02-13 08:00","2012","02","13","08:00","-5.3","","-7.9","","82","","","","27","","17","","","","98.90","","","","-11","","NA"
"-82.57","45.88","GORE BAY CLIMATE","6092920","2012-02-13 09:00","2012","02","13","09:00","-3.9","","-7.3","","77","","","","27","","15","","","","98.90","","","","-9","","NA"
"-82.57","45.88","GORE BAY CLIMATE","6092920","2012-02-13 10:00","2012","02","13","10:00","-1.7","","-6.3","","71","","","","28","","19","","","","98.87","","","","-7","","NA"
"-82.57","45.88","GORE BAY CLIMATE","6092920","2012-02-13 11:00","2012","02","13","11:00","0.2","","-5.3","","66","","","","27","","20","","","","98.87","","","","","","NA"
"-82.57","45.88","GORE BAY CLIMATE","6092920","2012-02-13 12:00","2012","02","13","12:00","0.6","","-6.5","","59","","","","28","","24","","","","98.85","","","","","","NA"
"-82.57","45.88","GORE BAY CLIMATE","6092920","2012-02-13 13:00","2012","02","13","13:00","1.0","","-5.2","","63","","","","27","","22","","","","98.82","","","","","","NA"
"-82.57","45.88","GORE BAY CLIMATE","6092920","2012-02-13 14:00","2012","02","13","14:00","0.1","","-5.2","","67","","","","26","","28","","","","98.79","","","","","","NA"
"-82.57","45.88","GORE BAY CLIMATE","6092920","2012-02-13 15:00","2012","02","13","15:00","0.3","","-6.4","","61","","","","26","","24","","","","98.78","","","","","","NA"
"-82.57","45.88","GORE BAY CLIMATE","6092920","2012-02-13 16:00","2012","02","13","16:00","-0.6","","-7.8","","58","","","","26","","20","","","","98.74","","","","-6","","NA"
"-82.57","45.88","GORE BAY CLIMATE","6092920","2012-02-13 17:00","2012","02","13","17:00","-1.2","","-7.2","","64","","","","26","","22","","","","98.71","","","","-7","","NA"
"-82.57","45.88","GORE BAY CLIMATE","6092920","2012-02-13 18:00","2012","02","13","18:00","-2.6","","-6.2","","76","","","","26","","20","","","","98.72","","","","-9","","NA"
"-82.57","45.88","GORE BAY CLIMATE","6092920","2012-02-13 19:00","2012","02","13","19:00","-3.5","","-6.6","","79","","","","26","","13","","","","98.75","","","","-8","","NA"
"-82.57","45.88","GORE BAY CLIMATE","6092920","2012-02-13 20:00","2012","02","13","20:00","-4.0","","-8.1","","73","","","","26","","9","","","","98.75","","","","-8","","NA"
"-82.57","45.88","GORE BAY CLIMATE","6092920","2012-02-13 21:00","2012","02","13","21:00","-3.7","","-8.5","","69","","","","26","","17","","","","98.73","","","","-9","","NA"
"-82.57","45.88","GORE BAY CLIMATE","6092920","2012-02-13 22:00","2012","02","13","22:00","-3.5","","-8.6","","68","","","","25","","11","","","","98.72","","","","-8","","NA"
"-82.57","45.88","GORE BAY CLIMATE","6092920","2012-02-13 23:00","2012","02","13","23:00","-2.8","","-7.7","","69","","","","26","","11","","","","98.70","","","","-7","","NA"
"-82.57","45.88","GORE BAY CLIMATE","6092920","2012-02-14 00:00","2012","02","14","00:00","-0.6","","-4.9","","73","","","","26","","17","","","","98.66","","","","-6","","NA"
"-82.57","45.88","GORE BAY CLIMATE","6092920","2012-02-14 01:00","2012","02","14","01:00","-0.3","","-4.6","","73","","","","26","","19","","","","98.66","","","","-5","","NA"
"-82.57","45.88","GORE BAY CLIMATE","6092920","2012-02-14 02:00","2012","02","14","02:00","0.0","","-4.0","","74","","","","25","","22","","","","98.64","","","","-6","","NA"
"-82.57","45.88","GORE BAY CLIMATE","6092920","2012-02-14 03:00","2012","02","14","03:00","-0.5","","-2.8","","84","","","","24","","22","","","","98.64","","","","-6","","NA"
"-82.57","45.88","GORE BAY CLIMATE","6092920","2012-02-14 04:00","2012","02","14","04:00","-1.5","","-2.5","","93","","","","22","","17","","","","98.64","","","","-7","","NA"
"-82.57","45.88","GORE BAY CLIMATE","6092920","2012-02-14 05:00","2012","02","14","05:00","-1.3","","-2.4","","92","","","","23","","19","","","","98.62","","","","-7","","NA"
"-82.57","45.88","GORE BAY CLIMATE","6092920","2012-02-14 06:00","2012","02","14","06:00","-1.4","","-2.1","","95","","","","22","","19","","","","98.61","","","","-7","","NA"
"-82.57","45.88","GORE BAY CLIMATE","6092920","2012-02-14 07:00","2012","02","14","07:00","-1.4","","-2.1","","95","","","","22","","19","","","","98.60","","","","-7","","NA"
"-82.57","45.88","GORE BAY CLIMATE","6092920","2012-02-14 08:00","2012","02","14","08:00","-1.4","","-1.8","","97","","","","22","","17","","","","98.61","","","","-7","","NA"
"-82.57","45.88","GORE BAY CLIMATE","6092920","2012-02-14 09:00","2012","02","14","09:00","-1.3","","-1.6","","98","","","","23","","17","","","","98.63","","","","-6","","NA"
"-82.57","45.88","GORE BAY CLIMATE","6092920","2012-02-14 10:00","2012","02","14","10:00","-0.8","","-1.6","","94","","","","23","","17","","","","98.63","","","","-6","","NA"
"-82.57","45.88","GORE BAY CLIMATE","6092920","2012-02-14 11:00","2012","02","14","11:00","-0.3","","-1.2","","94","","","","22","","13","","","","98.63","","","","-4","","NA"
"-82.57","45.88","GORE BAY CLIMATE","6092920","2012-02-14 12:00","2012","02","14","12:00","-0.2","","-0.7","","96","","","","23","","11","","","","98.62","","","","-4","","NA"
"-82.57","45.88","GORE BAY CLIMATE","6092920","2012-02-14 13:00","2012","02","14","13:00","-0.1","","-0.6","","96","","","","22","","15","","","","98.57","","","","-5","","NA"
"-82.57","45.88","GORE BAY CLIMATE","6092920","2012-02-14 14:00","2012","02","14","14:00","0.1","","-0.6","","95","","","","22","","13","","","","98.56","","","","","","NA"
"-82.57","45.88","GORE BAY CLIMATE","6092920","2012-02-14 15:00","2012","02","14","15:00","0.3","","-0.6","","94","","","","22","","15","","","","98.54","","","","","","NA"
"-82.57","45.88","GORE BAY CLIMATE","6092920","2012-02-14 16:00","2012","02","14","16:00","0.0","","-0.6","","96","","","","22","","13","","","","98.59","","","","-4","","NA"
"-82.57","45.88","GORE BAY CLIMATE","6092920","2012-02-14 17:00","2012","02","14","17:00","0.0","","-0.3","","98","","","","22","","9","","","","98.64","","","","-3","","NA"
"-82.57","45.88","GORE BAY CLIMATE","6092920","2012-02-14 18:00","2012","02","14","18:00","-0.2","","-0.4","","99","","","","22","","7","","","","98.69","","","","-3","","NA"
"-82.57","45.88","GORE BAY CLIMATE","6092920","2012-02-14 19:00","2012","02","14","19:00","-0.2","","-0.2","","100","","","","22","","7","","","","98.74","","","","-3","","NA"
"-82.57","45.88","GORE BAY CLIMATE","6092920","2012-02-14 20:00","2012","02","14","20:00","-0.5","","-0.5","","100","","","","25","","4","","","","98.80","","","","-2","","NA"
"-82.57","45.88","GORE BAY CLIMATE","6092920","2012-02-14 21:00","2012","02","14","21:00","-0.7","","-0.7","","100","","","","26","","2","","","","98.84","","","","-1","","NA"
"-82.57","45.88","GORE BAY CLIMATE","6092920","2012-02-14 22:00","2012","02","14","22:00","-0.8","","-0.8","","100","","","","","","0","","","","98.87","","","","","","NA"
"-82.57","45.88","GORE BAY CLIMATE","6092920","2012-02-14 23:00","2012","02","14","23:00","-0.5","","-0.5","","100","","","","","","0","","","","98.93","","","","","","NA"
"-82.57","45.88","GORE BAY CLIMATE","6092920","2012-02-15 00:00","2012","02","15","00:00","-0.6","","-0.6","","100","","","","25","","2","","","","98.98","","","","-1","","NA"
"-82.57","45.88","GORE BAY CLIMATE","6092920","2012-02-15 01:00","2012","02","15","01:00","-0.5","","-0.5","","100","","","","23","","6","","","","99.04","","","","-3","","NA"
"-82.57","45.88","GORE BAY CLIMATE","6092920","2012-02-15 02:00","2012","02","15","02:00","-0.9","","-0.9","","100","","","","25","","2","","","","99.10","","","","-2","","NA"
"-82.57","45.88","GORE BAY CLIMATE","6092920","2012-02-15 03:00","2012","02","15","03:00","-1.5","","-1.5","","100","","","","20","","2","","","","99.16","","","","-2","","NA"
"-82.57","45.88","GORE BAY CLIMATE","6092920","2012-02-15 04:00","2012","02","15","04:00","-1.4","","-1.4","","100","","","","","","0","","","","99.19","","","","","","NA"
"-82.57","45.88","GORE BAY CLIMATE","6092920","2012-02-15 05:00","2012","02","15","05:00","-1.1","","-1.1","","100","","","","20","","4","","","","99.24","","","","-2","","NA"
"-82.57","45.88","GORE BAY CLIMATE","6092920","2012-02-15 06:00","2012","02","15","06:00","-1.3","","-1.3","","100","","","","17","","4","","","","99.30","","","","-3","","NA"
"-82.57","45.88","GORE BAY CLIMATE","6092920","2012-02-15 07:00","2012","02","15","07:00","-1.4","","-1.4","","100","","","","15","","4","","","","99.35","","","","-3","","NA"
"-82.57","45.88","GORE BAY CLIMATE","6092920","2012-02-15 08:00","2012","02","15","08:00","-1.3","","-1.3","","100","","","","13","","6","","","","99.41","","","","-4","","NA"
"-82.57","45.88","GORE BAY CLIMATE","6092920","2012-02-15 09:00","2012","02","15","09:00","-0.3","","-0.5","","99","","","","17","","4","","","","99.48","","","","-2","","NA"
"-82.57","45.88","GORE BAY CLIMATE","6092920","2012-02-15 10:00","2012","02","15","10:00","0.8","","-0.1","","94","","","","21","","7","","","","99.51","","","","","","NA"
"-82.57","45.88","GORE BAY CLIMATE","6092920","2012-02-15 11:00","2012","02","15","11:00","1.5","","0.0","","90","","","","20","","9","","","","99.53","","","","","","NA"
"-82.57","45.88","GORE BAY CLIMATE","6092920","2012-02-15 12:00","2012","02","15","12:00","2.0","","-0.1","","86","","","","21","","15","","","","99.54","","","","","","NA"
"-82.57","45.88","GORE BAY CLIMATE","6092920","2012-02-15 13:00","2012","02","15","13:00","2.4","","0.5","","87","","","","21","","19","","","","99.49","","","","","","NA"
"-82.57","45.88","GORE BAY CLIMATE","6092920","2012-02-15 14:00","2012","02","15","14:00","1.8","","0.4","","90","","","","22","","20","","","","99.48","","","","","","NA"
"-82.57","45.88","GORE BAY CLIMATE","6092920","2012-02-15 15:00","2012","02","15","15:00","1.8","","0.3","","90","","","","22","","15","","","","99.46","","","","","","NA"
"-82.57","45.88","GORE BAY CLIMATE","6092920","2012-02-15 16:00","2012","02","15","16:00","1.5","","-0.1","","89","","","","22","","17","","","","99.50","","","","","","NA"
"-82.57","45.88","GORE BAY CLIMATE","6092920","2012-02-15 17:00","2012","02","15","17:00","1.4","","-0.1","","90","","","","21","","17","","","","99.50","","","","","","NA"
"-82.57","45.88","GORE BAY CLIMATE","6092920","2012-02-15 18:00","2012","02","15","18:00","1.3","","0.0","","91","","","","21","","15","","","","99.55","","","","","","NA"
"-82.57","45.88","GORE BAY CLIMATE","6092920","2012-02-15 19:00","2012","02","15","19:00","1.3","","0.2","","92","","","","19","","15","","","","99.55","","","","","","NA"
"-82.57","45.88","GORE BAY CLIMATE","6092920","2012-02-15 20:00","2012","02","15","20:00","1.3","","0.5","","94","","","","18","","13","","","","99.54","","","","","","NA"
"-82.57","45.88","GORE BAY CLIMATE","6092920","2012-02-15 21:00","2012","02","15","21:00","1.5","","0.6","","94","","","","19","","13","","","","99.53","","","","","","NA"
"-82.57","45.88","GORE BAY CLIMATE","6092920","2012-02-15 22:00","2012","02","15","22:00","1.9","","0.7","","92","","","","21","","17","","","","99.57","","","","","","NA"
"-82.57","45.88","GORE BAY CLIMATE","6092920","2012-02-15 23:00","2012","02","15","23:00","2.0","","0.6","","90","","","","20","","17","","","","99.56","","","","","","NA"
"-82.57","45.88","GORE BAY CLIMATE","6092920","2012-02-16 00:00","2012","02","16","00:00","1.9","","0.6","","91","","","","21","","13","","","","99.54","","","","","","NA"
"-82.57","45.88","GORE BAY CLIMATE","6092920","2012-02-16 01:00","2012","02","16","01:00","1.9","","0.8","","92","","","","19","","11","","","","99.49","","","","","","NA"
"-82.57","45.88","GORE BAY CLIMATE","6092920","2012-02-16 02:00","2012","02","16","02:00","1.8","","0.1","","88","","","","20","","13","","","","99.46","","","","","","NA"
"-82.57","45.88","GORE BAY CLIMATE","6092920","2012-02-16 03:00","2012","02","16","03:00","1.6","","0.1","","90","","","","18","","7","","","","99.45","","","","","","NA"
"-82.57","45.88","GORE BAY CLIMATE","6092920","2012-02-16 04:00","2012","02","16","04:00","1.7","","0.2","","90","","","","15","","9","","","","99.37","","","","","","NA"
"-82.57","45.88","GORE BAY CLIMATE","6092920","2012-02-16 05:00","2012","02","16","05:00","1.1","","0.2","","94","","","","11","","6","","","","99.33","","","","","","NA"
"-82.57","45.88","GORE BAY CLIMATE","6092920","2012-02-16 06:00","2012","02","16","06:00","1.2","","0.7","","96","","","","12","","9","","","","99.31","","","","","","NA"
"-82.57","45.88","GORE BAY CLIMATE","6092920","2012-02-16 07:00","2012","02","16","07:00","1.1","","0.6","","96","","","","13","","13","","","","99.21","","","","","","NA"
"-82.57","45.88","GORE BAY CLIMATE","6092920","2012-02-16 08:00","2012","02","16","08:00","0.6","","0.3","","98","","","","9","","13","","","","99.15","","","","","","NA"
"-82.57","45.88","GORE BAY CLIMATE","6092920","2012-02-16 09:00","2012","02","16","09:00","0.3","","0.3","","100","","","","9","","7","","","","99.11","","","","","","NA"
"-82.57","45.88","GORE BAY CLIMATE","6092920","2012-02-16 10:00","2012","02","16","10:00","0.5","","0.4","","99","","","","8","","11","","","","99.00","","","","","","NA"
"-82.57","45.88","GORE BAY CLIMATE","6092920","2012-02-16 11:00","2012","02","16","11:00","0.6","","0.4","","99","","","","9","","9","","","","98.92","","","","","","NA"
"-82.57","45.88","GORE BAY CLIMATE","6092920","2012-02-16 12:00","2012","02","16","12:00","0.8","","0.6","","99","","","","7","","4","","","","98.90","","","","","","NA"
"-82.57","45.88","GORE BAY CLIMATE","6092920","2012-02-16 13:00","2012","02","16","13:00","1.3","","1.0","","98","","","","9","","7","","","","98.77","","","","","","NA"
"-82.57","45.88","GORE BAY CLIMATE","6092920","2012-02-16 14:00","2012","02","16","14:00","0.6","","0.4","","99","","","","34","","7","","","","98.72","","","","","","NA"
"-82.57","45.88","GORE BAY CLIMATE","6092920","2012-02-16 15:00","2012","02","16","15:00","0.9","","0.8","","99","","","","3","","6","","","","98.60","","","","","","NA"
"-82.57","45.88","GORE BAY CLIMATE","6092920","2012-02-16 16:00","2012","02","16","16:00","0.4","","0.3","","99","","","","34","","6","","","","98.64","","","","","","NA"
"-82.57","45.88","GORE BAY CLIMATE","6092920","2012-02-16 17:00","2012","02","16","17:00","0.4","","0.4","","100","","","","29","","9","","","","98.61","","","","","","NA"
"-82.57","45.88","GORE BAY CLIMATE","6092920","2012-02-16 18:00","2012","02","16","18:00","0.1","","0.1","","100","","","","28","","11","","","","98.65","","","","","","NA"
"-82.57","45.88","GORE BAY CLIMATE","6092920","2012-02-16 19:00","2012","02","16","19:00","0.1","","0.1","","100","","","","27","","9","","","","98.67","","","","","","NA"
"-82.57","45.88","GORE BAY CLIMATE","6092920","2012-02-16 20:00","2012","02","16","20:00","-0.1","","-0.3","","99","","","","30","","28","","","","98.73","","","","-6","","NA"
"-82.57","45.88","GORE BAY CLIMATE","6092920","2012-02-16 21:00","2012","02","16","21:00","0.0","","-1.1","","92","","","","29","","24","","","","98.78","","","","-6","","NA"
"-82.57","45.88","GORE BAY CLIMATE","6092920","2012-02-16 22:00","2012","02","16","22:00","-0.7","","-1.8","","92","","","","28","","22","","","","98.80","","","","-6","","NA"
"-82.57","45.88","GORE BAY CLIMATE","6092920","2012-02-16 23:00","2012","02","16","23:00","-1.5","","-2.5","","93","","","","27","","22","","","","98.84","","","","-7","","NA"
"-82.57","45.88","GORE BAY CLIMATE","6092920","2012-02-17 00:00","2012","02","17","00:00","-0.6","","-2.0","","90","","","","27","","20","","","","98.84","","","","-6","","NA"
"-82.57","45.88","GORE BAY CLIMATE","6092920","2012-02-17 01:00","2012","02","17","01:00","-0.5","","-2.4","","87","","","","28","","24","","","","98.85","","","","-6","","NA"
"-82.57","45.88","GORE BAY CLIMATE","6092920","2012-02-17 02:00","2012","02","17","02:00","-0.7","","-3.2","","83","","","","28","","20","","","","98.86","","","","-6","","NA"
"-82.57","45.88","GORE BAY CLIMATE","6092920","2012-02-17 03:00","2012","02","17","03:00","-1.9","","-3.7","","87","","","","27","","17","","","","98.88","","","","-7","","NA"
"-82.57","45.88","GORE BAY CLIMATE","6092920","2012-02-17 04:00","2012","02","17","04:00","-0.7","","-3.0","","84","","","","28","","17","","","","98.87","","","","-6","","NA"
"-82.57","45.88","GORE BAY CLIMATE","6092920","2012-02-17 05:00","2012","02","17","05:00","-0.2","","-3.5","","78","","","","29","","22","","","","98.90","","","","-6","","NA"
"-82.57","45.88","GORE BAY CLIMATE","6092920","2012-02-17 06:00","2012","02","17","06:00","-0.9","","-3.5","","82","","","","27","","17","","","","98.94","","","","-6","","NA"
"-82.57","45.88","GORE BAY CLIMATE","6092920","2012-02-17 07:00","2012","02","17","07:00","-0.9","","-3.5","","82","","","","28","","19","","","","98.99","","","","-6","","NA"
"-82.57","45.88","GORE BAY CLIMATE","6092920","2012-02-17 08:00","2012","02","17","08:00","-0.9","","-3.9","","80","","","","28","","22","","","","99.04","","","","-7","","NA"
"-82.57","45.88","GORE BAY CLIMATE","6092920","2012-02-17 09:00","2012","02","17","09:00","-1.0","","-3.7","","82","","","","28","","19","","","","99.07","","","","-6","","NA"
"-82.57","45.88","GORE BAY CLIMATE","6092920","2012-02-17 10:00","2012","02","17","10:00","-0.5","","-3.9","","78","","","","28","","19","","","","99.08","","","","-6","","NA"
"-82.57","45.88","GORE BAY CLIMATE","6092920","2012-02-17 11:00","2012","02","17","11:00","0.2","","-4.6","","70","","","","29","","26","","","","99.10","","","","","","NA"
"-82.57","45.88","GORE BAY CLIMATE","6092920","2012-02-17 12:00","2012","02","17","12:00","0.2","","-4.2","","72","","","","30","","28","","","","99.13","","","","","","NA"
"-82.57","45.88","GORE BAY CLIMATE","6092920","2012-02-17 13:00","2012","02","17","13:00","1.0","","-3.7","","71","","","","29","","26","","","","99.10","","","","","","NA"
"-82.57","45.88","GORE BAY CLIMATE","6092920","2012-02-17 14:00","2012","02","17","14:00","2.0","","-3.0","","69","","","","30","","22","","","","99.10","","","","","","NA"
"-82.57","45.88","GORE BAY CLIMATE","6092920","2012-02-17 15:00","2012","02","17","15:00","1.2","","-3.5","","71","","","","30","","22","","","","99.12","","","","","","NA"
"-82.57","45.88","GORE BAY CLIMATE","6092920","2012-02-17 16:00","2012","02","17","16:00","0.9","","-3.0","","75","","","","29","","13","","","","99.16","","","","","","NA"
"-82.57","45.88","GORE BAY CLIMATE","6092920","2012-02-17 17:00","2012","02","17","17:00","-0.1","","-2.7","","83","","","","30","","15","","","","99.20","","","","-5","","NA"
"-82.57","45.88","GORE BAY CLIMATE","6092920","2012-02-17 18:00","2012","02","17","18:00","-0.6","","-2.8","","85","","","","28","","13","","","","99.25","","","","-5","","NA"
"-82.57","45.88","GORE BAY CLIMATE","6092920","2012-02-17 19:00","2012","02","17","19:00","-1.7","","-3.1","","90","","","","27","","9","","","","99.26","","","","-5","","NA"
"-82.57","45.88","GORE BAY CLIMATE","6092920","2012-02-17 20:00","2012","02","17","20:00","-1.5","","-3.4","","87","","","","29","","7","","","","99.28","","","","-4","","NA"
"-82.57","45.88","GORE BAY CLIMATE","6092920","2012-02-17 21:00","2012","02","17","21:00","-2.3","","-3.1","","94","","","","27","","6","","","","99.28","","","","-5","","NA"
"-82.57","45.88","GORE BAY CLIMATE","6092920","2012-02-17 22:00","2012","02","17","22:00","-1.8","","-3.7","","87","","","","30","","7","","","","99.26","","","","-4","","NA"
"-82.57","45.88","GORE BAY CLIMATE","6092920","2012-02-17 23:00","2012","02","17","23:00","-2.7","","-4.5","","87","","","","33","","6","","","","99.22","","","","-5","","NA"
"-82.57","45.88","GORE BAY CLIMATE","6092920","2012-02-18 00:00","2012","02","18","00:00","-3.8","","-4.9","","92","","","","30","","4","","","","99.17","","","","-5","","NA"
"-82.57","45.88","GORE BAY CLIMATE","6092920","2012-02-18 01:00","2012","02","18","01:00","-4.0","","-4.8","","94","","","","34","","6","","","","99.11","","","","-7","","NA"
"-82.57","45.88","GORE BAY CLIMATE","6092920","2012-02-18 02:00","2012","02","18","02:00","-4.8","","-5.3","","96","","","","","","0","","","","99.09","","","","","","NA"
"-82.57","45.88","GORE BAY CLIMATE","6092920","2012-02-18 03:00","2012","02","18","03:00","-4.3","","-5.0","","95","","","","6","","6","","","","99.06","","","","-7","","NA"
"-82.57","45.88","GORE BAY CLIMATE","6092920","2012-02-18 04:00","2012","02","18","04:00","-4.5","","-5.0","","96","","","","1","","6","","","","99.03","","","","-7","","NA"
"-82.57","45.88","GORE BAY CLIMATE","6092920","2012-02-18 05:00","2012","02","18","05:00","-4.8","","-5.4","","96","","","","1","","13","","","","99.05","","","","-10","","NA"
"-82.57","45.88","GORE BAY CLIMATE","6092920","2012-02-18 06:00","2012","02","18","06:00","-4.9","","-5.5","","96","","","","1","","15","","","","99.04","","","","-10","","NA"
"-82.57","45.88","GORE BAY CLIMATE","6092920","2012-02-18 07:00","2012","02","18","07:00","-5.3","","-5.7","","97","","","","1","","13","","","","99.05","","","","-10","","NA"
"-82.57","45.88","GORE BAY CLIMATE","6092920","2012-02-18 08:00","2012","02","18","08:00","-5.3","","-5.8","","96","","","","35","","11","","","","99.11","","","","-10","","NA"
"-82.57","45.88","GORE BAY CLIMATE","6092920","2012-02-18 09:00","2012","02","18","09:00","-5.0","","-5.8","","94","","","","33","","15","","","","99.16","","","","-11","","NA"
"-82.57","45.88","GORE BAY CLIMATE","6092920","2012-02-18 10:00","2012","02","18","10:00","-3.3","","-5.6","","84","","","","33","","15","","","","99.22","","","","-8","","NA"
"-82.57","45.88","GORE BAY CLIMATE","6092920","2012-02-18 11:00","2012","02","18","11:00","-2.6","","-7.3","","70","","","","30","","19","","","","99.26","","","","-8","","NA"
"-82.57","45.88","GORE BAY CLIMATE","6092920","2012-02-18 12:00","2012","02","18","12:00","-2.5","","-7.3","","70","","","","30","","17","","","","99.30","","","","-8","","NA"
"-82.57","45.88","GORE BAY CLIMATE","6092920","2012-02-18 13:00","2012","02","18","13:00","-2.0","","-6.6","","71","","","","30","","20","","","","99.31","","","","-8","","NA"
"-82.57","45.88","GORE BAY CLIMATE","6092920","2012-02-18 14:00","2012","02","18","14:00","-1.9","","-6.7","","70","","","","29","","24","","","","99.33","","","","-8","","NA"
"-82.57","45.88","GORE BAY CLIMATE","6092920","2012-02-18 15:00","2012","02","18","15:00","-2.1","","-7.0","","69","","","","30","","22","","","","99.39","","","","-8","","NA"
"-82.57","45.88","GORE BAY CLIMATE","6092920","2012-02-18 16:00","2012","02","18","16:00","-2.1","","-7.7","","65","","","","29","","26","","","","99.46","","","","-9","","NA"
"-82.57","45.88","GORE BAY CLIMATE","6092920","2012-02-18 17:00","2012","02","18","17:00","-3.3","","-7.7","","72","","","","30","","20","","","","99.54","","","","-9","","NA"
"-82.57","45.88","GORE BAY CLIMATE","6092920","2012-02-18 18:00","2012","02","18","18:00","-4.0","","-7.3","","78","","","","30","","24","","","","99.66","","","","-11","","NA"
"-82.57","45.88","GORE BAY CLIMATE","6092920","2012-02-18 19:00","2012","02","18","19:00","-5.4","","-8.1","","81","","","","30","","20","","","","99.72","","","","-12","","NA"
"-82.57","45.88","GORE BAY CLIMATE","6092920","2012-02-18 20:00","2012","02","18","20:00","-6.8","","-9.3","","82","","","","29","","15","","","","99.80","","","","-13","","NA"
"-82.57","45.88","GORE BAY CLIMATE","6092920","2012-02-18 21:00","2012","02","18","21:00","-6.4","","-9.0","","82","","","","30","","19","","","","99.87","","","","-13","","NA"
"-82.57","45.88","GORE BAY CLIMATE","6092920","2012-02-18 22:00","2012","02","18","22:00","-6.3","","-9.0","","81","","","","30","","19","","","","99.93","","","","-13","","NA"
"-82.57","45.88","GORE BAY CLIMATE","6092920","2012-02-18 23:00","2012","02","18","23:00","-6.4","","-9.7","","77","","","","31","","20","","","","99.95","","","","-13","","NA"
"-82.57","45.88","GORE BAY CLIMATE","6092920","2012-02-19 00:00","2012","02","19","00:00","-7.4","","-10.4","","79","","","","32","","17","","","","99.93","","","","-14","","NA"
"-82.57","45.88","GORE BAY CLIMATE","6092920","2012-02-19 01:00","2012","02","19","01:00","-7.8","","-10.5","","81","","","","32","","9","","","","99.92","","","","-12","","NA"
"-82.57","45.88","GORE BAY CLIMATE","6092920","2012-02-19 02:00","2012","02","19","02:00","-7.3","","-10.1","","80","","","","35","","9","","","","99.91","","","","-12","","NA"
"-82.57","45.88","GORE BAY CLIMATE","6092920","2012-02-19 03:00","2012","02","19","03:00","-7.2","","-10.4","","78","","","","4","","11","","","","99.89","","","","-12","","NA"
"-82.57","45.88","GORE BAY CLIMATE","6092920","2012-02-19 04:00","2012","02","19","04:00","-6.9","","-10.3","","77","","","","6","","7","","","","99.89","","","","-10","","NA"
"-82.57","45.88","GORE BAY CLIMATE","6092920","2012-02-19 05:00","2012","02","19","05:00","-7.0","","-9.8","","80","","","","31","","6","","","","99.96","","","","-10","","NA"
"-82.57","45.88","GORE BAY CLIMATE","6092920","2012-02-19 06:00","2012","02","19","06:00","-7.0","","-10.5","","76","","","","31","","4","","","","99.99","","","","-9","","NA"
"-82.57","45.88","GORE BAY CLIMATE","6092920","2012-02-19 07:00","2012","02","19","07:00","-7.1","","-10.5","","77","","","","","","0","","","","99.97","","","","","","NA"
"-82.57","45.88","GORE BAY CLIMATE","6092920","2012-02-19 08:00","2012","02","19","08:00","-7.1","","-10.5","","77","","","","","","0","","","","99.98","","","","","","NA"
"-82.57","45.88","GORE BAY CLIMATE","6092920","2012-02-19 09:00","2012","02","19","09:00","-6.5","","-9.9","","77","","","","24","","2","","","","99.99","","","","-7","","NA"
"-82.57","45.88","GORE BAY CLIMATE","6092920","2012-02-19 10:00","2012","02","19","10:00","-5.2","","-10.0","","69","","","","29","","4","","","","99.99","","","","-7","","NA"
"-82.57","45.88","GORE BAY CLIMATE","6092920","2012-02-19 11:00","2012","02","19","11:00","-3.1","","-9.2","","63","","","","27","","6","","","","99.98","","","","-6","","NA"
"-82.57","45.88","GORE BAY CLIMATE","6092920","2012-02-19 12:00","2012","02","19","12:00","-3.3","","-8.7","","66","","","","23","","7","","","","99.96","","","","-6","","NA"
"-82.57","45.88","GORE BAY CLIMATE","6092920","2012-02-19 13:00","2012","02","19","13:00","-2.1","","-9.6","","56","","","","29","","6","","","","99.90","","","","-4","","NA"
"-82.57","45.88","GORE BAY CLIMATE","6092920","2012-02-19 14:00","2012","02","19","14:00","-1.7","","-9.1","","57","","","","30","","13","","","","99.82","","","","-6","","NA"
"-82.57","45.88","GORE BAY CLIMATE","6092920","2012-02-19 15:00","2012","02","19","15:00","-1.7","","-8.9","","58","","","","30","","15","","","","99.78","","","","-7","","NA"
"-82.57","45.88","GORE BAY CLIMATE","6092920","2012-02-19 16:00","2012","02","19","16:00","-1.9","","-8.4","","61","","","","28","","11","","","","99.77","","","","-6","","NA"
"-82.57","45.88","GORE BAY CLIMATE","6092920","2012-02-19 17:00","2012","02","19","17:00","-2.4","","-7.3","","69","","","","29","","13","","","","99.77","","","","-7","","NA"
"-82.57","45.88","GORE BAY CLIMATE","6092920","2012-02-19 18:00","2012","02","19","18:00","-3.2","","-7.5","","72","","","","28","","11","","","","99.77","","","","-7","","NA"
"-82.57","45.88","GORE BAY CLIMATE","6092920","2012-02-19 19:00","2012","02","19","19:00","-2.8","","-6.9","","73","","","","28","","9","","","","99.83","","","","-6","","NA"
"-82.57","45.88","GORE BAY CLIMATE","6092920","2012-02-19 20:00","2012","02","19","20:00","-2.7","","-7.5","","69","","","","29","","9","","","","99.85","","","","-6","","NA"
"-82.57","45.88","GORE BAY CLIMATE","6092920","2012-02-19 21:00","2012","02","19","21:00","-3.0","","-7.6","","71","","","","29","","6","","","","99.84","","","","-5","","NA"
"-82.57","45.88","GORE BAY CLIMATE","6092920","2012-02-19 22:00","2012","02","19","22:00","-4.1","","-8.2","","73","","","","32","","7","","","","99.86","","","","-7","","NA"
"-82.57","45.88","GORE BAY CLIMATE","6092920","2012-02-19 23:00","2012","02","19","23:00","-7.0","","-9.3","","84","","","","28","","6","","","","99.90","","","","-10","","NA"
"-82.57","45.88","GORE BAY CLIMATE","6092920","2012-02-20 00:00","2012","02","20","00:00","-7.0","","-8.4","","90","","","","","","0","","","","99.91","","","","","","NA"
"-82.57","45.88","GORE BAY CLIMATE","6092920","2012-02-20 01:00","2012","02","20","01:00","-8.2","","-9.3","","92","","","","","","0","","","","99.93","","","","","","NA"
"-82.57","45.88","GORE BAY CLIMATE","6092920","2012-02-20 02:00","2012","02","20","02:00","-8.1","","-9.1","","92","","","","","","0","","","","99.96","","","","","","NA"
"-82.57","45.88","GORE BAY CLIMATE","6092920","2012-02-20 03:00","2012","02","20","03:00","-9.7","","-10.4","","95","","","","11","","4","","","","99.99","","","","-12","","NA"
"-82.57","45.88","GORE BAY CLIMATE","6092920","2012-02-20 04:00","2012","02","20","04:00","-10.0","","-10.9","","93","","","","12","","4","","","","99.99","","","","-12","","NA"
"-82.57","45.88","GORE BAY CLIMATE","6092920","2012-02-20 05:00","2012","02","20","05:00","-9.7","","-10.8","","92","","","","14","","4","","","","100.05","","","","-12","","NA"
"-82.57","45.88","GORE BAY CLIMATE","6092920","2012-02-20 06:00","2012","02","20","06:00","-10.3","","-11.1","","94","","","","13","","7","","","","100.04","","","","-14","","NA"
"-82.57","45.88","GORE BAY CLIMATE","6092920","2012-02-20 07:00","2012","02","20","07:00","-10.1","","-10.9","","94","","","","13","","2","","","","100.06","","","","-11","","NA"
"-82.57","45.88","GORE BAY CLIMATE","6092920","2012-02-20 08:00","2012","02","20","08:00","-8.9","","-9.8","","93","","","","13","","4","","","","100.13","","","","-11","","NA"
"-82.57","45.88","GORE BAY CLIMATE","6092920","2012-02-20 09:00","2012","02","20","09:00","-6.7","","-8.2","","89","","","","16","","2","","","","100.24","","","","-8","","NA"
"-82.57","45.88","GORE BAY CLIMATE","6092920","2012-02-20 10:00","2012","02","20","10:00","-0.1","","-2.7","","83","","","","20","","7","","","","100.27","","","","-3","","NA"
"-82.57","45.88","GORE BAY CLIMATE","6092920","2012-02-20 11:00","2012","02","20","11:00","0.9","","-3.2","","74","","","","22","","11","","","","100.30","","","","","","NA"
"-82.57","45.88","GORE BAY CLIMATE","6092920","2012-02-20 12:00","2012","02","20","12:00","2.6","","-2.4","","70","","","","22","","9","","","","100.31","","","","","","NA"
"-82.57","45.88","GORE BAY CLIMATE","6092920","2012-02-20 13:00","2012","02","20","13:00","3.0","","-2.8","","66","","","","22","","7","","","","100.25","","","","","","NA"
"-82.57","45.88","GORE BAY CLIMATE","6092920","2012-02-20 14:00","2012","02","20","14:00","3.2","","-2.8","","65","","","","19","","11","","","","100.19","","","","","","NA"
"-82.57","45.88","GORE BAY CLIMATE","6092920","2012-02-20 15:00","2012","02","20","15:00","2.4","","-3.8","","64","","","","20","","13","","","","100.16","","","","","","NA"
"-82.57","45.88","GORE BAY CLIMATE","6092920","2012-02-20 16:00","2012","02","20","16:00","1.8","","-3.8","","66","","","","18","","19","","","","100.13","","","","","","NA"
"-82.57","45.88","GORE BAY CLIMATE","6092920","2012-02-20 17:00","2012","02","20","17:00","0.7","","-4.3","","69","","","","18","","17","","","","100.10","","","","","","NA"
"-82.57","45.88","GORE BAY CLIMATE","6092920","2012-02-20 18:00","2012","02","20","18:00","-0.9","","-4.4","","77","","","","17","","13","","","","100.07","","","","-5","","NA"
"-82.57","45.88","GORE BAY CLIMATE","6092920","2012-02-20 19:00","2012","02","20","19:00","-1.3","","-4.0","","82","","","","17","","11","","","","100.03","","","","-5","","NA"
"-82.57","45.88","GORE BAY CLIMATE","6092920","2012-02-20 20:00","2012","02","20","20:00","-1.6","","-3.8","","85","","","","17","","13","","","","99.97","","","","-6","","NA"
"-82.57","45.88","GORE BAY CLIMATE","6092920","2012-02-20 21:00","2012","02","20","21:00","-0.9","","-3.6","","82","","","","17","","17","","","","99.92","","","","-6","","NA"
"-82.57","45.88","GORE BAY CLIMATE","6092920","2012-02-20 22:00","2012","02","20","22:00","-0.7","","-3.1","","84","","","","18","","15","","","","99.90","","","","-5","","NA"
"-82.57","45.88","GORE BAY CLIMATE","6092920","2012-02-20 23:00","2012","02","20","23:00","-0.3","","-2.5","","85","","","","18","","15","","","","99.80","","","","-5","","NA"
"-82.57","45.88","GORE BAY CLIMATE","6092920","2012-02-21 00:00","2012","02","21","00:00","-1.2","","-3.0","","88","","","","17","","13","","","","99.68","","","","-5","","NA"
"-82.57","45.88","GORE BAY CLIMATE","6092920","2012-02-21 01:00","2012","02","21","01:00","-0.9","","-2.6","","88","","","","17","","11","","","","99.63","","","","-5","","NA"
"-82.57","45.88","GORE BAY CLIMATE","6092920","2012-02-21 02:00","2012","02","21","02:00","-0.1","","-2.8","","82","","","","17","","15","","","","99.52","","","","-5","","NA"
"-82.57","45.88","GORE BAY CLIMATE","6092920","2012-02-21 03:00","2012","02","21","03:00","0.4","","-2.3","","82","","","","17","","19","","","","99.45","","","","","","NA"
"-82.57","45.88","GORE BAY CLIMATE","6092920","2012-02-21 04:00","2012","02","21","04:00","0.0","","-2.6","","83","","","","16","","19","","","","99.32","","","","-5","","NA"
"-82.57","45.88","GORE BAY CLIMATE","6092920","2012-02-21 05:00","2012","02","21","05:00","-0.5","","-2.6","","86","","","","15","","15","","","","99.17","","","","-5","","NA"
"-82.57","45.88","GORE BAY CLIMATE","6092920","2012-02-21 06:00","2012","02","21","06:00","-0.8","","-2.3","","90","","","","13","","15","","","","99.00","","","","-5","","NA"
"-82.57","45.88","GORE BAY CLIMATE","6092920","2012-02-21 07:00","2012","02","21","07:00","-1.0","","-2.6","","89","","","","14","","11","","","","98.92","","","","-5","","NA"
"-82.57","45.88","GORE BAY CLIMATE","6092920","2012-02-21 08:00","2012","02","21","08:00","-2.3","","-3.4","","92","","","","11","","15","","","","98.76","","","","-7","","NA"
"-82.57","45.88","GORE BAY CLIMATE","6092920","2012-02-21 09:00","2012","02","21","09:00","-1.5","","-3.0","","89","","","","13","","19","","","","98.69","","","","-7","","NA"
"-82.57","45.88","GORE BAY CLIMATE","6092920","2012-02-21 10:00","2012","02","21","10:00","-0.2","","-3.1","","81","","","","13","","22","","","","98.50","","","","-6","","NA"
"-82.57","45.88","GORE BAY CLIMATE","6092920","2012-02-21 11:00","2012","02","21","11:00","0.8","","-3.3","","74","","","","14","","22","","","","98.37","","","","","","NA"
"-82.57","45.88","GORE BAY CLIMATE","6092920","2012-02-21 12:00","2012","02","21","12:00","2.0","","-3.9","","65","","","","15","","20","","","","98.26","","","","","","NA"
"-82.57","45.88","GORE BAY CLIMATE","6092920","2012-02-21 13:00","2012","02","21","13:00","3.0","","-3.4","","63","","","","14","","22","","","","98.05","","","","","","NA"
"-82.57","45.88","GORE BAY CLIMATE","6092920","2012-02-21 14:00","2012","02","21","14:00","2.7","","-2.3","","70","","","","15","","22","","","","97.91","","","","","","NA"
"-82.57","45.88","GORE BAY CLIMATE","6092920","2012-02-21 15:00","2012","02","21","15:00","2.6","","-2.2","","71","","","","15","","19","","","","97.79","","","","","","NA"
"-82.57","45.88","GORE BAY CLIMATE","6092920","2012-02-21 16:00","2012","02","21","16:00","2.3","","-1.8","","74","","","","14","","19","","","","97.72","","","","","","NA"
"-82.57","45.88","GORE BAY CLIMATE","6092920","2012-02-21 17:00","2012","02","21","17:00","1.2","","-0.3","","90","","","","15","","13","","","","97.68","","","","","","NA"
"-82.57","45.88","GORE BAY CLIMATE","6092920","2012-02-21 18:00","2012","02","21","18:00","0.3","","0.2","","99","","","","16","","7","","","","97.63","","","","","","NA"
"-82.57","45.88","GORE BAY CLIMATE","6092920","2012-02-21 19:00","2012","02","21","19:00","0.2","","0.2","","100","","","","14","","6","","","","97.58","","","","","","NA"
"-82.57","45.88","GORE BAY CLIMATE","6092920","2012-02-21 20:00","2012","02","21","20:00","0.4","","0.4","","100","","","","19","","7","","","","97.54","","","","","","NA"
"-82.57","45.88","GORE BAY CLIMATE","6092920","2012-02-21 21:00","2012","02","21","21:00","0.5","","0.5","","100","","","","22","","15","","","","97.48","","","","","","NA"
"-82.57","45.88","GORE BAY CLIMATE","6092920","2012-02-21 22:00","2012","02","21","22:00","0.4","","0.4","","100","","","","22","","17","","","","97.45","","","","","","NA"
"-82.57","45.88","GORE BAY CLIMATE","6092920","2012-02-21 23:00","2012","02","21","23:00","0.6","","0.6","","100","","","","21","","20","","","","97.41","","","","","","NA"
"-82.57","45.88","GORE BAY CLIMATE","6092920","2012-02-22 00:00","2012","02","22","00:00","1.3","","0.9","","97","","","","23","","24","","","","97.39","","","","","","NA"
"-82.57","45.88","GORE BAY CLIMATE","6092920","2012-02-22 01:00","2012","02","22","01:00","1.1","","0.5","","96","","","","23","","19","","","","97.38","","","","","","NA"
"-82.57","45.88","GORE BAY CLIMATE","6092920","2012-02-22 02:00","2012","02","22","02:00","0.5","","-0.4","","94","","","","22","","15","","","","97.37","","","","","","NA"
"-82.57","45.88","GORE BAY CLIMATE","6092920","2012-02-22 03:00","2012","02","22","03:00","0.8","","-0.4","","92","","","","23","","17","","","","97.37","","","","","","NA"
"-82.57","45.88","GORE BAY CLIMATE","6092920","2012-02-22 04:00","2012","02","22","04:00","1.0","","0.4","","96","","","","23","","22","","","","97.31","","","","","","NA"
"-82.57","45.88","GORE BAY CLIMATE","6092920","2012-02-22 05:00","2012","02","22","05:00","1.1","","0.4","","95","","","","22","","22","","","","97.25","","","","","","NA"
"-82.57","45.88","GORE BAY CLIMATE","6092920","2012-02-22 06:00","2012","02","22","06:00","1.3","","0.3","","93","","","","21","","28","","","","97.21","","","","","","NA"
"-82.57","45.88","GORE BAY CLIMATE","6092920","2012-02-22 07:00","2012","02","22","07:00","0.3","","0.3","","100","","","","24","","22","","","","97.20","","","","","","NA"
"-82.57","45.88","GORE BAY CLIMATE","6092920","2012-02-22 08:00","2012","02","22","08:00","0.4","","0.0","","97","","","","25","","17","","","","97.22","","","","","","NA"
"-82.57","45.88","GORE BAY CLIMATE","6092920","2012-02-22 09:00","2012","02","22","09:00","0.8","","-0.1","","94","","","","24","","20","","","","97.21","","","","","","NA"
"-82.57","45.88","GORE BAY CLIMATE","6092920","2012-02-22 10:00","2012","02","22","10:00","0.8","","-0.8","","89","","","","24","","26","","","","97.19","","","","","","NA"
"-82.57","45.88","GORE BAY CLIMATE","6092920","2012-02-22 11:00","2012","02","22","11:00","0.8","","-1.0","","88","","","","23","","22","","","","97.17","","","","","","NA"
"-82.57","45.88","GORE BAY CLIMATE","6092920","2012-02-22 12:00","2012","02","22","12:00","1.3","","-2.0","","79","","","","24","","28","","","","97.14","","","","","","NA"
"-82.57","45.88","GORE BAY CLIMATE","6092920","2012-02-22 13:00","2012","02","22","13:00","0.3","","-1.7","","86","","","","25","","22","","","","97.10","","","","","","NA"
"-82.57","45.88","GORE BAY CLIMATE","6092920","2012-02-22 14:00","2012","02","22","14:00","1.3","","-1.6","","81","","","","25","","22","","","","97.07","","","","","","NA"
"-82.57","45.88","GORE BAY CLIMATE","6092920","2012-02-22 15:00","2012","02","22","15:00","0.3","","-1.8","","86","","","","25","","20","","","","97.06","","","","","","NA"
"-82.57","45.88","GORE BAY CLIMATE","6092920","2012-02-22 16:00","2012","02","22","16:00","0.8","","-1.8","","83","","","","24","","17","","","","97.05","","","","","","NA"
"-82.57","45.88","GORE BAY CLIMATE","6092920","2012-02-22 17:00","2012","02","22","17:00","0.3","","-1.8","","86","","","","26","","17","","","","97.08","","","","","","NA"
"-82.57","45.88","GORE BAY CLIMATE","6092920","2012-02-22 18:00","2012","02","22","18:00","-0.2","","-2.2","","86","","","","27","","13","","","","97.11","","","","-4","","NA"
"-82.57","45.88","GORE BAY CLIMATE","6092920","2012-02-22 19:00","2012","02","22","19:00","-1.0","","-2.1","","92","","","","27","","15","","","","97.14","","","","-6","","NA"
"-82.57","45.88","GORE BAY CLIMATE","6092920","2012-02-22 20:00","2012","02","22","20:00","-1.7","","-2.2","","96","","","","26","","6","","","","97.15","","","","-4","","NA"
"-82.57","45.88","GORE BAY CLIMATE","6092920","2012-02-22 21:00","2012","02","22","21:00","-3.4","","-3.4","","100","","","","22","","6","","","","97.15","","","","-6","","NA"
"-82.57","45.88","GORE BAY CLIMATE","6092920","2012-02-22 22:00","2012","02","22","22:00","-3.4","","-3.4","","100","","","","25","","7","","","","97.15","","","","-6","","NA"
"-82.57","45.88","GORE BAY CLIMATE","6092920","2012-02-22 23:00","2012","02","22","23:00","-2.3","","-3.2","","94","","","","27","","7","","","","97.13","","","","-5","","NA"
"-82.57","45.88","GORE BAY CLIMATE","6092920","2012-02-23 00:00","2012","02","23","00:00","-3.0","","-3.6","","96","","","","26","","7","","","","97.13","","","","-6","","NA"
"-82.57","45.88","GORE BAY CLIMATE","6092920","2012-02-23 01:00","2012","02","23","01:00","-4.2","","-4.6","","97","","","","23","","6","","","","97.15","","","","-7","","NA"
"-82.57","45.88","GORE BAY CLIMATE","6092920","2012-02-23 02:00","2012","02","23","02:00","-2.7","","-3.0","","98","","","","27","","6","","","","97.19","","","","-5","","NA"
"-82.57","45.88","GORE BAY CLIMATE","6092920","2012-02-23 03:00","2012","02","23","03:00","-3.7","","-4.0","","98","","","","28","","9","","","","97.23","","","","-7","","NA"
"-82.57","45.88","GORE BAY CLIMATE","6092920","2012-02-23 04:00","2012","02","23","04:00","-4.4","","-4.4","","100","","","","31","","4","","","","97.24","","","","-6","","NA"
"-82.57","45.88","GORE BAY CLIMATE","6092920","2012-02-23 05:00","2012","02","23","05:00","-4.4","","-4.4","","100","","","","30","","6","","","","97.32","","","","-7","","NA"
"-82.57","45.88","GORE BAY CLIMATE","6092920","2012-02-23 06:00","2012","02","23","06:00","-6.1","","-6.2","","99","","","","26","","7","","","","97.41","","","","-9","","NA"
"-82.57","45.88","GORE BAY CLIMATE","6092920","2012-02-23 07:00","2012","02","23","07:00","-7.4","","-7.5","","99","","","","15","","2","","","","97.47","","","","-8","","NA"
"-82.57","45.88","GORE BAY CLIMATE","6092920","2012-02-23 08:00","2012","02","23","08:00","-4.7","","-4.7","","100","","","","27","","7","","","","97.56","","","","-8","","NA"
"-82.57","45.88","GORE BAY CLIMATE","6092920","2012-02-23 09:00","2012","02","23","09:00","-2.8","","-2.8","","100","","","","25","","2","","","","97.65","","","","-4","","NA"
"-82.57","45.88","GORE BAY CLIMATE","6092920","2012-02-23 10:00","2012","02","23","10:00","-1.1","","-1.9","","94","","","","27","","9","","","","97.71","","","","-4","","NA"
"-82.57","45.88","GORE BAY CLIMATE","6092920","2012-02-23 11:00","2012","02","23","11:00","0.3","","-1.0","","91","","","","29","","7","","","","97.75","","","","","","NA"
"-82.57","45.88","GORE BAY CLIMATE","6092920","2012-02-23 12:00","2012","02","23","12:00","1.2","","-1.6","","82","","","","31","","9","","","","97.82","","","","","","NA"
"-82.57","45.88","GORE BAY CLIMATE","6092920","2012-02-23 13:00","2012","02","23","13:00","2.0","","-1.3","","79","","","","25","","13","","","","97.86","","","","","","NA"
"-82.57","45.88","GORE BAY CLIMATE","6092920","2012-02-23 14:00","2012","02","23","14:00","1.7","","-2.7","","73","","","","26","","6","","","","97.83","","","","","","NA"
"-82.57","45.88","GORE BAY CLIMATE","6092920","2012-02-23 15:00","2012","02","23","15:00","1.3","","-2.0","","79","","","","23","","7","","","","97.90","","","","","","NA"
"-82.57","45.88","GORE BAY CLIMATE","6092920","2012-02-23 16:00","2012","02","23","16:00","1.5","","-2.4","","75","","","","30","","6","","","","97.99","","","","","","NA"
"-82.57","45.88","GORE BAY CLIMATE","6092920","2012-02-23 17:00","2012","02","23","17:00","2.9","","-2.6","","67","","","","","","0","","","","98.02","","","","","","NA"
"-82.57","45.88","GORE BAY CLIMATE","6092920","2012-02-23 18:00","2012","02","23","18:00","-0.1","","-2.7","","83","","","","27","","4","","","","98.08","","","","-1","","NA"
"-82.57","45.88","GORE BAY CLIMATE","6092920","2012-02-23 19:00","2012","02","23","19:00","-1.0","","-2.5","","90","","","","4","","4","","","","98.16","","","","-2","","NA"
"-82.57","45.88","GORE BAY CLIMATE","6092920","2012-02-23 20:00","2012","02","23","20:00","-1.4","","-2.6","","92","","","","15","","6","","","","98.18","","","","-4","","NA"
"-82.57","45.88","GORE BAY CLIMATE","6092920","2012-02-23 21:00","2012","02","23","21:00","-1.6","","-2.6","","93","","","","19","","4","","","","98.21","","","","-3","","NA"
"-82.57","45.88","GORE BAY CLIMATE","6092920","2012-02-23 22:00","2012","02","23","22:00","-1.6","","-2.4","","94","","","","22","","2","","","","98.21","","","","-2","","NA"
"-82.57","45.88","GORE BAY CLIMATE","6092920","2012-02-23 23:00","2012","02","23","23:00","-1.5","","-2.6","","92","","","","3","","4","","","","98.15","","","","-3","","NA"
"-82.57","45.88","GORE BAY CLIMATE","6092920","2012-02-24 00:00","2012","02","24","00:00","-1.7","","-2.7","","93","","","","","","0","","","","98.12","","","","","","NA"
"-82.57","45.88","GORE BAY CLIMATE","6092920","2012-02-24 01:00","2012","02","24","01:00","-1.8","","-2.9","","92","","","","8","","2","","","","98.12","","","","-3","","NA"
"-82.57","45.88","GORE BAY CLIMATE","6092920","2012-02-24 02:00","2012","02","24","02:00","-2.2","","-2.7","","96","","","","13","","4","","","","98.13","","","","-4","","NA"
"-82.57","45.88","GORE BAY CLIMATE","6092920","2012-02-24 03:00","2012","02","24","03:00","-2.0","","-2.6","","96","","","","3","","2","","","","98.06","","","","-3","","NA"
"-82.57","45.88","GORE BAY CLIMATE","6092920","2012-02-24 04:00","2012","02","24","04:00","-1.4","","-2.7","","91","","","","6","","7","","","","97.97","","","","-4","","NA"
"-82.57","45.88","GORE BAY CLIMATE","6092920","2012-02-24 05:00","2012","02","24","05:00","-2.1","","-3.0","","94","","","","3","","7","","","","97.89","","","","-5","","NA"
"-82.57","45.88","GORE BAY CLIMATE","6092920","2012-02-24 06:00","2012","02","24","06:00","-2.9","","-3.5","","96","","","","3","","7","","","","97.84","","","","-6","","NA"
"-82.57","45.88","GORE BAY CLIMATE","6092920","2012-02-24 07:00","2012","02","24","07:00","-3.3","","-3.9","","96","","","","2","","9","","","","97.81","","","","-7","","NA"
"-82.57","45.88","GORE BAY CLIMATE","6092920","2012-02-24 08:00","2012","02","24","08:00","-2.3","","-2.9","","96","","","","2","","7","","","","97.78","","","","-5","","NA"
"-82.57","45.88","GORE BAY CLIMATE","6092920","2012-02-24 09:00","2012","02","24","09:00","-2.1","","-2.9","","94","","","","3","","9","","","","97.72","","","","-6","","NA"
"-82.57","45.88","GORE BAY CLIMATE","6092920","2012-02-24 10:00","2012","02","24","10:00","-2.1","","-2.7","","96","","","","4","","15","","","","97.67","","","","-7","","NA"
"-82.57","45.88","GORE BAY CLIMATE","6092920","2012-02-24 11:00","2012","02","24","11:00","-2.4","","-2.9","","96","","","","4","","20","","","","97.56","","","","-8","","NA"
"-82.57","45.88","GORE BAY CLIMATE","6092920","2012-02-24 12:00","2012","02","24","12:00","-1.9","","-2.2","","98","","","","3","","19","","","","97.48","","","","-7","","NA"
"-82.57","45.88","GORE BAY CLIMATE","6092920","2012-02-24 13:00","2012","02","24","13:00","-1.5","","-1.6","","99","","","","2","","19","","","","97.38","","","","-7","","NA"
"-82.57","45.88","GORE BAY CLIMATE","6092920","2012-02-24 14:00","2012","02","24","14:00","-1.1","","-1.1","","100","","","","1","","22","","","","97.30","","","","-7","","NA"
"-82.57","45.88","GORE BAY CLIMATE","6092920","2012-02-24 15:00","2012","02","24","15:00","-0.7","","-0.9","","99","","","","36","","24","","","","97.28","","","","-7","","NA"
"-82.57","45.88","GORE BAY CLIMATE","6092920","2012-02-24 16:00","2012","02","24","16:00","-0.7","","-1.0","","98","","","","1","","20","","","","97.33","","","","-6","","NA"
"-82.57","45.88","GORE BAY CLIMATE","6092920","2012-02-24 17:00","2012","02","24","17:00","-0.6","","-1.1","","96","","","","36","","20","","","","97.39","","","","-6","","NA"
"-82.57","45.88","GORE BAY CLIMATE","6092920","2012-02-24 18:00","2012","02","24","18:00","-1.0","","-1.5","","96","","","","35","","20","","","","97.50","","","","-7","","NA"
"-82.57","45.88","GORE BAY CLIMATE","6092920","2012-02-24 19:00","2012","02","24","19:00","-1.4","","-2.1","","95","","","","34","","20","","","","97.60","","","","-7","","NA"
"-82.57","45.88","GORE BAY CLIMATE","6092920","2012-02-24 20:00","2012","02","24","20:00","-1.6","","-3.1","","89","","","","34","","19","","","","97.67","","","","-7","","NA"
"-82.57","45.88","GORE BAY CLIMATE","6092920","2012-02-24 21:00","2012","02","24","21:00","-2.2","","-4.0","","87","","","","35","","19","","","","97.73","","","","-8","","NA"
"-82.57","45.88","GORE BAY CLIMATE","6092920","2012-02-24 22:00","2012","02","24","22:00","-2.8","","-4.9","","85","","","","36","","19","","","","97.80","","","","-9","","NA"
"-82.57","45.88","GORE BAY CLIMATE","6092920","2012-02-24 23:00","2012","02","24","23:00","-3.6","","-6.1","","83","","","","36","","19","","","","97.85","","","","-10","","NA"
"-82.57","45.88","GORE BAY CLIMATE","6092920","2012-02-25 00:00","2012","02","25","00:00","-4.2","","-6.0","","87","","","","35","","17","","","","97.89","","","","-10","","NA"
"-82.57","45.88","GORE BAY CLIMATE","6092920","2012-02-25 01:00","2012","02","25","01:00","-4.8","","-6.5","","88","","","","34","","15","","","","97.94","","","","-10","","NA"
"-82.57","45.88","GORE BAY CLIMATE","6092920","2012-02-25 02:00","2012","02","25","02:00","-5.6","","-7.4","","87","","","","33","","20","","","","97.98","","","","-12","","NA"
"-82.57","45.88","GORE BAY CLIMATE","6092920","2012-02-25 03:00","2012","02","25","03:00","-5.8","","-8.3","","82","","","","33","","19","","","","97.99","","","","-12","","NA"
"-82.57","45.88","GORE BAY CLIMATE","6092920","2012-02-25 04:00","2012","02","25","04:00","-6.9","","-9.5","","82","","","","33","","19","","","","98.07","","","","-14","","NA"
"-82.57","45.88","GORE BAY CLIMATE","6092920","2012-02-25 05:00","2012","02","25","05:00","-7.9","","-11.2","","77","","","","33","","22","","","","98.17","","","","-16","","NA"
"-82.57","45.88","GORE BAY CLIMATE","6092920","2012-02-25 06:00","2012","02","25","06:00","-9.4","","-13.9","","70","","","","33","","13","","","","98.29","","","","-15","","NA"
"-82.57","45.88","GORE BAY CLIMATE","6092920","2012-02-25 07:00","2012","02","25","07:00","-10.0","","-15.1","","66","","","","33","","17","","","","98.37","","","","-17","","NA"
"-82.57","45.88","GORE BAY CLIMATE","6092920","2012-02-25 08:00","2012","02","25","08:00","-10.7","","-16.1","","64","","","","34","","19","","","","98.49","","","","-19","","NA"
"-82.57","45.88","GORE BAY CLIMATE","6092920","2012-02-25 09:00","2012","02","25","09:00","-10.5","","-16.8","","60","","","","33","","19","","","","98.63","","","","-18","","NA"
"-82.57","45.88","GORE BAY CLIMATE","6092920","2012-02-25 10:00","2012","02","25","10:00","-10.1","","-16.7","","58","","","","32","","20","","","","98.73","","","","-18","","NA"
"-82.57","45.88","GORE BAY CLIMATE","6092920","2012-02-25 11:00","2012","02","25","11:00","-9.4","","-16.3","","57","","","","30","","20","","","","98.82","","","","-17","","NA"
"-82.57","45.88","GORE BAY CLIMATE","6092920","2012-02-25 12:00","2012","02","25","12:00","-8.4","","-16.5","","52","","","","32","","26","","","","98.93","","","","-17","","NA"
"-82.57","45.88","GORE BAY CLIMATE","6092920","2012-02-25 13:00","2012","02","25","13:00","-7.1","","-13.7","","59","","","","30","","24","","","","98.99","","","","-15","","NA"
"-82.57","45.88","GORE BAY CLIMATE","6092920","2012-02-25 14:00","2012","02","25","14:00","-6.2","","-14.8","","51","","","","31","","24","","","","99.06","","","","-14","","NA"
"-82.57","45.88","GORE BAY CLIMATE","6092920","2012-02-25 15:00","2012","02","25","15:00","-5.0","","-13.6","","51","","","","29","","22","","","","99.16","","","","-12","","NA"
"-82.57","45.88","GORE BAY CLIMATE","6092920","2012-02-25 16:00","2012","02","25","16:00","-4.7","","-12.1","","56","","","","29","","24","","","","99.27","","","","-12","","NA"
"-82.57","45.88","GORE BAY CLIMATE","6092920","2012-02-25 17:00","2012","02","25","17:00","-4.9","","-11.9","","58","","","","30","","22","","","","99.37","","","","-12","","NA"
"-82.57","45.88","GORE BAY CLIMATE","6092920","2012-02-25 18:00","2012","02","25","18:00","-5.8","","-10.8","","68","","","","29","","22","","","","99.49","","","","-13","","NA"
"-82.57","45.88","GORE BAY CLIMATE","6092920","2012-02-25 19:00","2012","02","25","19:00","-6.5","","-10.5","","73","","","","30","","20","","","","99.59","","","","-13","","NA"
"-82.57","45.88","GORE BAY CLIMATE","6092920","2012-02-25 20:00","2012","02","25","20:00","-6.8","","-10.6","","74","","","","31","","20","","","","99.68","","","","-14","","NA"
"-82.57","45.88","GORE BAY CLIMATE","6092920","2012-02-25 21:00","2012","02","25","21:00","-7.6","","-11.9","","71","","","","31","","19","","","","99.80","","","","-15","","NA"
"-82.57","45.88","GORE BAY CLIMATE","6092920","2012-02-25 22:00","2012","02","25","22:00","-8.2","","-12.6","","71","","","","32","","19","","","","99.89","","","","-15","","NA"
"-82.57","45.88","GORE BAY CLIMATE","6092920","2012-02-25 23:00","2012","02","25","23:00","-9.0","","-13.6","","69","","","","31","","13","","","","100.00","","","","-15","","NA"
"-82.57","45.88","GORE BAY CLIMATE","6092920","2012-02-26 00:00","2012","02","26","00:00","-10.7","","-14.7","","72","","","","31","","9","","","","100.09","","","","-16","","NA"
"-82.57","45.88","GORE BAY CLIMATE","6092920","2012-02-26 01:00","2012","02","26","01:00","-13.6","","-15.7","","84","","","","29","","4","","","","100.18","","","","-16","","NA"
"-82.57","45.88","GORE BAY CLIMATE","6092920","2012-02-26 02:00","2012","02","26","02:00","-14.3","","-15.6","","90","","","","","","0","","","","100.27","","","","","","NA"
"-82.57","45.88","GORE BAY CLIMATE","6092920","2012-02-26 03:00","2012","02","26","03:00","-14.0","","-15.2","","91","","","","12","","2","","","","100.36","","","","-15","","NA"
"-82.57","45.88","GORE BAY CLIMATE","6092920","2012-02-26 04:00","2012","02","26","04:00","-13.7","","-15.0","","90","","","","9","","6","","","","100.39","","","","-18","","NA"
"-82.57","45.88","GORE BAY CLIMATE","6092920","2012-02-26 05:00","2012","02","26","05:00","-13.7","","-15.9","","83","","","","6","","11","","","","100.40","","","","-20","","NA"
"-82.57","45.88","GORE BAY CLIMATE","6092920","2012-02-26 06:00","2012","02","26","06:00","-11.9","","-16.2","","70","","","","5","","11","","","","100.44","","","","-18","","NA"
"-82.57","45.88","GORE BAY CLIMATE","6092920","2012-02-26 07:00","2012","02","26","07:00","-15.1","","-17.3","","83","","","","2","","9","","","","100.53","","","","-21","","NA"
"-82.57","45.88","GORE BAY CLIMATE","6092920","2012-02-26 08:00","2012","02","26","08:00","-13.4","","-15.9","","81","","","","5","","9","","","","100.54","","","","-19","","NA"
"-82.57","45.88","GORE BAY CLIMATE","6092920","2012-02-26 09:00","2012","02","26","09:00","-10.4","","-16.0","","63","","","","8","","15","","","","100.52","","","","-17","","NA"
"-82.57","45.88","GORE BAY CLIMATE","6092920","2012-02-26 10:00","2012","02","26","10:00","-8.0","","-15.5","","55","","","","12","","15","","","","100.54","","","","-14","","NA"
"-82.57","45.88","GORE BAY CLIMATE","6092920","2012-02-26 11:00","2012","02","26","11:00","-6.8","","-14.1","","56","","","","12","","15","","","","100.56","","","","-13","","NA"
"-82.57","45.88","GORE BAY CLIMATE","6092920","2012-02-26 12:00","2012","02","26","12:00","-6.0","","-12.2","","61","","","","12","","15","","","","100.57","","","","-12","","NA"
"-82.57","45.88","GORE BAY CLIMATE","6092920","2012-02-26 13:00","2012","02","26","13:00","-5.6","","-10.8","","67","","","","13","","19","","","","100.46","","","","-12","","NA"
"-82.57","45.88","GORE BAY CLIMATE","6092920","2012-02-26 14:00","2012","02","26","14:00","-4.5","","-9.1","","70","","","","12","","24","","","","100.37","","","","-12","","NA"
"-82.57","45.88","GORE BAY CLIMATE","6092920","2012-02-26 15:00","2012","02","26","15:00","-4.6","","-8.0","","77","","","","13","","24","","","","100.23","","","","-12","","NA"
"-82.57","45.88","GORE BAY CLIMATE","6092920","2012-02-26 16:00","2012","02","26","16:00","-5.1","","-6.8","","88","","","","11","","24","","","","100.10","","","","-12","","NA"
"-82.57","45.88","GORE BAY CLIMATE","6092920","2012-02-26 17:00","2012","02","26","17:00","-5.1","","-6.4","","91","","","","11","","20","","","","100.05","","","","-12","","NA"
"-82.57","45.88","GORE BAY CLIMATE","6092920","2012-02-26 18:00","2012","02","26","18:00","-5.1","","-6.5","","90","","","","10","","24","","","","99.92","","","","-12","","NA"
"-82.57","45.88","GORE BAY CLIMATE","6092920","2012-02-26 19:00","2012","02","26","19:00","-4.6","","-5.8","","91","","","","10","","22","","","","99.98","","","","-11","","NA"
"-82.57","45.88","GORE BAY CLIMATE","6092920","2012-02-26 20:00","2012","02","26","20:00","-3.4","","-4.9","","89","","","","12","","24","","","","99.87","","","","-10","","NA"
"-82.57","45.88","GORE BAY CLIMATE","6092920","2012-02-26 21:00","2012","02","26","21:00","-3.0","","-4.8","","87","","","","12","","20","","","","99.78","","","","-9","","NA"
"-82.57","45.88","GORE BAY CLIMATE","6092920","2012-02-26 22:00","2012","02","26","22:00","-2.5","","-4.4","","87","","","","13","","24","","","","99.69","","","","-9","","NA"
"-82.57","45.88","GORE BAY CLIMATE","6092920","2012-02-26 23:00","2012","02","26","23:00","-2.1","","-3.8","","88","","","","10","","17","","","","99.56","","","","-7","","NA"
"-82.57","45.88","GORE BAY CLIMATE","6092920","2012-02-27 00:00","2012","02","27","00:00","-1.8","","-2.8","","93","","","","9","","9","","","","99.46","","","","-5","","NA"
"-82.57","45.88","GORE BAY CLIMATE","6092920","2012-02-27 01:00","2012","02","27","01:00","0.3","","-1.9","","85","","","","14","","13","","","","99.34","","","","","","NA"
"-82.57","45.88","GORE BAY CLIMATE","6092920","2012-02-27 02:00","2012","02","27","02:00","0.3","","-1.9","","85","","","","13","","15","","","","99.21","","","","","","NA"
"-82.57","45.88","GORE BAY CLIMATE","6092920","2012-02-27 03:00","2012","02","27","03:00","-0.5","","-1.8","","91","","","","10","","9","","","","99.05","","","","-4","","NA"
"-82.57","45.88","GORE BAY CLIMATE","6092920","2012-02-27 04:00","2012","02","27","04:00","0.4","","-1.8","","85","","","","14","","9","","","","98.93","","","","","","NA"
"-82.57","45.88","GORE BAY CLIMATE","6092920","2012-02-27 05:00","2012","02","27","05:00","0.0","","-2.4","","84","","","","16","","13","","","","98.81","","","","-4","","NA"
"-82.57","45.88","GORE BAY CLIMATE","6092920","2012-02-27 06:00","2012","02","27","06:00","0.9","","-1.6","","83","","","","21","","20","","","","98.75","","","","","","NA"
"-82.57","45.88","GORE BAY CLIMATE","6092920","2012-02-27 07:00","2012","02","27","07:00","1.3","","-1.6","","81","","","","23","","26","","","","98.73","","","","","","NA"
"-82.57","45.88","GORE BAY CLIMATE","6092920","2012-02-27 08:00","2012","02","27","08:00","1.1","","-2.7","","76","","","","25","","26","","","","98.71","","","","","","NA"
"-82.57","45.88","GORE BAY CLIMATE","6092920","2012-02-27 09:00","2012","02","27","09:00","0.7","","-1.4","","86","","","","26","","22","","","","98.76","","","","","","NA"
"-82.57","45.88","GORE BAY CLIMATE","6092920","2012-02-27 10:00","2012","02","27","10:00","0.6","","-0.7","","91","","","","26","","26","","","","98.80","","","","","","NA"
"-82.57","45.88","GORE BAY CLIMATE","6092920","2012-02-27 11:00","2012","02","27","11:00","0.4","","-0.8","","92","","","","26","","28","","","","98.84","","","","","","NA"
"-82.57","45.88","GORE BAY CLIMATE","6092920","2012-02-27 12:00","2012","02","27","12:00","0.9","","-1.9","","82","","","","27","","39","","","","98.88","","","","","","NA"
"-82.57","45.88","GORE BAY CLIMATE","6092920","2012-02-27 13:00","2012","02","27","13:00","0.9","","-1.5","","84","","","","27","","35","","","","98.93","","","","","","NA"
"-82.57","45.88","GORE BAY CLIMATE","6092920","2012-02-27 14:00","2012","02","27","14:00","1.0","","-1.5","","83","","","","27","","28","","","","98.99","","","","","","NA"
"-82.57","45.88","GORE BAY CLIMATE","6092920","2012-02-27 15:00","2012","02","27","15:00","-1.6","","-3.9","","84","","","","30","","39","","","","99.19","","","","-9","","NA"
"-82.57","45.88","GORE BAY CLIMATE","6092920","2012-02-27 16:00","2012","02","27","16:00","-2.8","","-4.9","","85","","","","29","","41","","","","99.38","","","","-11","","NA"
"-82.57","45.88","GORE BAY CLIMATE","6092920","2012-02-27 17:00","2012","02","27","17:00","-3.3","","-5.5","","85","","","","29","","39","","","","99.54","","","","-12","","NA"
"-82.57","45.88","GORE BAY CLIMATE","6092920","2012-02-27 18:00","2012","02","27","18:00","-3.4","","-5.9","","83","","","","30","","33","","","","99.76","","","","-11","","NA"
"-82.57","45.88","GORE BAY CLIMATE","6092920","2012-02-27 19:00","2012","02","27","19:00","-3.7","","-6.2","","83","","","","30","","33","","","","99.94","","","","-12","","NA"
"-82.57","45.88","GORE BAY CLIMATE","6092920","2012-02-27 20:00","2012","02","27","20:00","-4.1","","-6.2","","85","","","","31","","22","","","","100.11","","","","-11","","NA"
"-82.57","45.88","GORE BAY CLIMATE","6092920","2012-02-27 21:00","2012","02","27","21:00","-4.5","","-6.9","","83","","","","32","","15","","","","100.24","","","","-10","","NA"
"-82.57","45.88","GORE BAY CLIMATE","6092920","2012-02-27 22:00","2012","02","27","22:00","-5.7","","-9.4","","75","","","","35","","13","","","","100.39","","","","-11","","NA"
"-82.57","45.88","GORE BAY CLIMATE","6092920","2012-02-27 23:00","2012","02","27","23:00","-7.2","","-11.1","","74","","","","35","","19","","","","100.45","","","","-14","","NA"
"-82.57","45.88","GORE BAY CLIMATE","6092920","2012-02-28 00:00","2012","02","28","00:00","-8.3","","-11.6","","77","","","","35","","7","","","","100.58","","","","-12","","NA"
"-82.57","45.88","GORE BAY CLIMATE","6092920","2012-02-28 01:00","2012","02","28","01:00","-9.8","","-12.0","","84","","","","35","","7","","","","100.62","","","","-14","","NA"
"-82.57","45.88","GORE BAY CLIMATE","6092920","2012-02-28 02:00","2012","02","28","02:00","-10.7","","-12.8","","84","","","","30","","4","","","","100.72","","","","-13","","NA"
"-82.57","45.88","GORE BAY CLIMATE","6092920","2012-02-28 03:00","2012","02","28","03:00","-10.7","","-12.6","","86","","","","33","","7","","","","100.78","","","","-15","","NA"
"-82.57","45.88","GORE BAY CLIMATE","6092920","2012-02-28 04:00","2012","02","28","04:00","-12.0","","-13.1","","91","","","","5","","6","","","","100.80","","","","-16","","NA"
"-82.57","45.88","GORE BAY CLIMATE","6092920","2012-02-28 05:00","2012","02","28","05:00","-11.6","","-13.2","","88","","","","2","","7","","","","100.83","","","","-16","","NA"
"-82.57","45.88","GORE BAY CLIMATE","6092920","2012-02-28 06:00","2012","02","28","06:00","-12.2","","-13.7","","89","","","","2","","2","","","","100.87","","","","-13","","NA"
"-82.57","45.88","GORE BAY CLIMATE","6092920","2012-02-28 07:00","2012","02","28","07:00","-12.3","","-13.3","","92","","","","24","","2","","","","100.86","","","","-14","","NA"
"-82.57","45.88","GORE BAY CLIMATE","6092920","2012-02-28 08:00","2012","02","28","08:00","-11.5","","-12.7","","91","","","","3","","2","","","","100.88","","","","-13","","NA"
"-82.57","45.88","GORE BAY CLIMATE","6092920","2012-02-28 09:00","2012","02","28","09:00","-9.9","","-13.1","","77","","","","6","","6","","","","100.93","","","","-13","","NA"
"-82.57","45.88","GORE BAY CLIMATE","6092920","2012-02-28 10:00","2012","02","28","10:00","-8.7","","-13.1","","70","","","","6","","6","","","","100.90","","","","-12","","NA"
"-82.57","45.88","GORE BAY CLIMATE","6092920","2012-02-28 11:00","2012","02","28","11:00","-6.1","","-12.1","","62","","","","10","","2","","","","100.88","","","","-7","","NA"
"-82.57","45.88","GORE BAY CLIMATE","6092920","2012-02-28 12:00","2012","02","28","12:00","-3.4","","-10.2","","59","","","","13","","2","","","","100.79","","","","-4","","NA"
"-82.57","45.88","GORE BAY CLIMATE","6092920","2012-02-28 13:00","2012","02","28","13:00","-3.6","","-9.4","","64","","","","4","","7","","","","100.67","","","","-7","","NA"
"-82.57","45.88","GORE BAY CLIMATE","6092920","2012-02-28 14:00","2012","02","28","14:00","-2.8","","-8.8","","63","","","","5","","6","","","","100.61","","","","-5","","NA"
"-82.57","45.88","GORE BAY CLIMATE","6092920","2012-02-28 15:00","2012","02","28","15:00","-1.7","","-7.9","","63","","","","19","","11","","","","100.59","","","","-6","","NA"
"-82.57","45.88","GORE BAY CLIMATE","6092920","2012-02-28 16:00","2012","02","28","16:00","-2.3","","-6.8","","71","","","","18","","11","","","","100.56","","","","-6","","NA"
"-82.57","45.88","GORE BAY CLIMATE","6092920","2012-02-28 17:00","2012","02","28","17:00","-2.3","","-5.7","","77","","","","17","","13","","","","100.50","","","","-7","","NA"
"-82.57","45.88","GORE BAY CLIMATE","6092920","2012-02-28 18:00","2012","02","28","18:00","-3.0","","-4.4","","90","","","","14","","11","","","","100.46","","","","-7","","NA"
"-82.57","45.88","GORE BAY CLIMATE","6092920","2012-02-28 19:00","2012","02","28","19:00","-3.5","","-4.7","","91","","","","12","","9","","","","100.43","","","","-7","","NA"
"-82.57","45.88","GORE BAY CLIMATE","6092920","2012-02-28 20:00","2012","02","28","20:00","-3.3","","-4.6","","91","","","","11","","11","","","","100.38","","","","-8","","NA"
"-82.57","45.88","GORE BAY CLIMATE","6092920","2012-02-28 21:00","2012","02","28","21:00","-3.2","","-4.6","","90","","","","12","","15","","","","100.31","","","","-8","","NA"
"-82.57","45.88","GORE BAY CLIMATE","6092920","2012-02-28 22:00","2012","02","28","22:00","-2.9","","-4.6","","88","","","","12","","13","","","","100.27","","","","-8","","NA"
"-82.57","45.88","GORE BAY CLIMATE","6092920","2012-02-28 23:00","2012","02","28","23:00","-2.8","","-4.6","","87","","","","12","","11","","","","100.22","","","","-7","","NA"
"-82.57","45.88","GORE BAY CLIMATE","6092920","2012-02-29 00:00","2012","02","29","00:00","-2.9","","-4.7","","87","","","","12","","13","","","","100.15","","","","-8","","NA"
"-82.57","45.88","GORE BAY CLIMATE","6092920","2012-02-29 01:00","2012","02","29","01:00","-3.1","","-5.2","","85","","","","10","","7","","","","100.13","","","","-6","","NA"
"-82.57","45.88","GORE BAY CLIMATE","6092920","2012-02-29 02:00","2012","02","29","02:00","-3.7","","-5.7","","86","","","","9","","11","","","","100.04","","","","-8","","NA"
"-82.57","45.88","GORE BAY CLIMATE","6092920","2012-02-29 03:00","2012","02","29","03:00","-3.6","","-5.4","","87","","","","9","","11","","","","99.91","","","","-8","","NA"
"-82.57","45.88","GORE BAY CLIMATE","6092920","2012-02-29 04:00","2012","02","29","04:00","-3.7","","-5.2","","89","","","","8","","13","","","","99.76","","","","-9","","NA"
"-82.57","45.88","GORE BAY CLIMATE","6092920","2012-02-29 05:00","2012","02","29","05:00","-4.9","","-5.8","","93","","","","7","","15","","","","99.73","","","","-10","","NA"
"-82.57","45.88","GORE BAY CLIMATE","6092920","2012-02-29 06:00","2012","02","29","06:00","-4.6","","-5.5","","93","","","","9","","22","","","","99.64","","","","-11","","NA"
"-82.57","45.88","GORE BAY CLIMATE","6092920","2012-02-29 07:00","2012","02","29","07:00","-4.6","","-7.3","","81","","","","8","","26","","","","99.52","","","","-12","","NA"
"-82.57","45.88","GORE BAY CLIMATE","6092920","2012-02-29 08:00","2012","02","29","08:00","-4.5","","-7.9","","77","","","","8","","28","","","","99.36","","","","-12","","NA"
"-82.57","45.88","GORE BAY CLIMATE","6092920","2012-02-29 09:00","2012","02","29","09:00","-4.7","","-8.3","","76","","","","7","","26","","","","99.23","","","","-12","","NA"
"-82.57","45.88","GORE BAY CLIMATE","6092920","2012-02-29 10:00","2012","02","29","10:00","-3.1","","-5.7","","82","","","","8","","26","","","","99.09","","","","-10","","NA"
"-82.57","45.88","GORE BAY CLIMATE","6092920","2012-02-29 11:00","2012","02","29","11:00","-1.9","","-4.6","","82","","","","9","","24","","","","98.95","","","","-8","","NA"
"-82.57","45.88","GORE BAY CLIMATE","6092920","2012-02-29 12:00","2012","02","29","12:00","-0.6","","-5.0","","72","","","","9","","30","","","","98.84","","","","-7","","NA"
"-82.57","45.88","GORE BAY CLIMATE","6092920","2012-02-29 13:00","2012","02","29","13:00","-0.6","","-5.0","","72","","","","9","","28","","","","98.74","","","","-7","","NA"
"-82.57","45.88","GORE BAY CLIMATE","6092920","2012-02-29 14:00","2012","02","29","14:00","-1.9","","-5.3","","78","","","","9","","28","","","","98.71","","","","-9","","NA"
"-82.57","45.88","GORE BAY CLIMATE","6092920","2012-02-29 15:00","2012","02","29","15:00","-3.1","","-4.7","","89","","","","8","","30","","","","98.56","","","","-11","","NA"
"-82.57","45.88","GORE BAY CLIMATE","6092920","2012-02-29 16:00","2012","02","29","16:00","-3.6","","-4.5","","93","","","","7","","43","","","","98.36","","","","-12","","NA"
"-82.57","45.88","GORE BAY CLIMATE","6092920","2012-02-29 17:00","2012","02","29","17:00","-3.5","","-4.3","","94","","","","8","","41","","","","98.23","","","","-12","","NA"
"-82.57","45.88","GORE BAY CLIMATE","6092920","2012-02-29 18:00","2012","02","29","18:00","-3.2","","-4.5","","91","","","","8","","32","","","","98.22","","","","-11","","NA"
"-82.57","45.88","GORE BAY CLIMATE","6092920","2012-02-29 19:00","2012","02","29","19:00","-3.2","","-4.4","","91","","","","8","","30","","","","98.24","","","","-11","","NA"
"-82.57","45.88","GORE BAY CLIMATE","6092920","2012-02-29 20:00","2012","02","29","20:00","-3.2","","-4.6","","90","","","","8","","30","","","","98.22","","","","-11","","NA"
"-82.57","45.88","GORE BAY CLIMATE","6092920","2012-02-29 21:00","2012","02","29","21:00","-3.6","","-4.6","","93","","","","8","","30","","","","98.06","","","","-11","","NA"
"-82.57","45.88","GORE BAY CLIMATE","6092920","2012-02-29 22:00","2012","02","29","22:00","-3.1","","-4.1","","93","","","","8","","28","","","","98.02","","","","-10","","NA"
"-82.57","45.88","GORE BAY CLIMATE","6092920","2012-02-29 23:00","2012","02","29","23:00","-3.0","","-3.8","","94","","","","9","","22","","","","97.98","","","","-9","","NA"
