-4.783316400284745029e+00,-4.791718680833814581e+00,-4.800688859193049218e+00,-4.810270889706481867e+00,-4.820512757561648876e+00,-4.831467041098057358e+00,-4.843191600785299755e+00,-4.855750429124624290e+00,-4.869214705485974015e+00,-4.883664112778323130e+00,-4.899188490066931578e+00,-4.915889918532956315e+00,-4.933885370052651709e+00,-4.953310091897701994e+00,-4.974321963228266696e+00,-4.997107147684087813e+00,-5.021887494645260297e+00,-5.048930330372852993e+00,-5.078561562583425726e+00,-5.111183452830410978e+00,-5.147299082561419326e+00,-5.187546610304498707e+00,-5.232748172981927404e+00,-5.283981246303278034e+00,-5.342685445373180464e+00,-5.419317343765341022e+00,-5.569481069940278140e+00,-5.676750335070239295e+00,-5.757327150180817199e+00,-5.820187778677785140e+00,-5.870707215821836300e+00,-5.912300600638307202e+00,-5.947241556266142481e+00,-5.977101789220238715e+00,-6.003001777173206932e+00,-6.025760913591171608e+00,-6.045991206915286575e+00,-6.064157844110274809e+00,-6.080619552682662743e+00,-6.095656241536973496e+00,-6.109488403816852653e+00,-6.122291052330986361e+00,-6.134203945455539930e+00,-6.145339244025017855e+00,-6.155787353122390115e+00,-6.165621454957812553e+00,-6.174901077292098250e+00,-6.183674934794940015e+00,-6.191983209241056940e+00,-6.199859386557072582e+00
-4.780547969109401052e+00,-4.788919994293836524e+00,-4.797864979232236315e+00,-4.807427534402315850e+00,-4.817656314068558210e+00,-4.828604568650278317e+00,-4.840330822020527002e+00,-4.852899707951171315e+00,-4.866383009683719507e+00,-4.880860959484567552e+00,-4.896423872236781882e+00,-4.913174210362228678e+00,-4.931229209190914453e+00,-4.950724236041171622e+00,-4.971817118348775821e+00,-4.994693764703229455e+00,-5.019575530783103368e+00,-5.046728970666300107e+00,-5.076478896152578635e+00,-5.109226097339690575e+00,-5.145471748947300306e+00,-5.185851598235231563e+00,-5.231184785831094253e+00,-5.282545113231003064e+00,-5.341367739124508240e+00,-5.410920489852074411e+00,-5.565147384879103321e+00,-5.674584546741034963e+00,-5.756392927702667528e+00,-5.819982700498981920e+00,-5.870945641066830589e+00,-5.912813607300735796e+00,-5.947926843105599382e+00,-5.977896880833788451e+00,-6.003868888577804874e+00,-6.026677990027405230e+00,-6.046946391893726513e+00,-6.065145928594398050e+00,-6.081639611037453541e+00,-6.096710003611425677e+00,-6.110579100970813471e+00,-6.123422581938841702e+00,-6.135380260282392584e+00,-6.146563909134235892e+00,-6.157063234128395735e+00,-6.166950513463596906e+00,-6.176284255827687808e+00,-6.185112116754887701e+00,-6.193473240683174730e+00,-6.201400147252716266e+00
-4.777725867596480214e+00,-4.786064914101499035e+00,-4.794982115066373396e+00,-4.804522788064408800e+00,-4.814736312003277341e+00,-4.825676669081334857e+00,-4.837403109773460663e+00,-4.849980975022211815e+00,-4.863482719581305069e+00,-4.877989193328603257e+00,-4.893591254530199386e+00,-4.910391812226763797e+00,-4.928508426659415242e+00,-4.948076640696495332e+00,-4.969254277168138501e+00,-4.992227025378772609e+00,-5.017215768011438648e+00,-5.044486287887868237e+00,-5.074362275911754594e+00,-5.107242991731760107e+00,-5.143627599375246717e+00,-5.184149270718801716e+00,-5.229623904155319636e+00,-5.281121267115673312e+00,-5.340071538576332877e+00,-5.408429593398643931e+00,-5.560688026647972571e+00,-5.672375527447718113e+00,-5.755448922315035354e+00,-5.819780324248203129e+00,-5.871189843639954553e+00,-5.913331253218892414e+00,-5.948613917979809429e+00,-5.978690466387329039e+00,-6.004731430384943280e+00,-6.027588030281887832e+00,-6.047892868693195645e+00,-6.066124524240628091e+00,-6.082650321183180608e+00,-6.097755460283219797e+00,-6.111663379668219598e+00,-6.124550334223563652e+00,-6.136556077422581801e+00,-6.147791859685097116e+00,-6.158346539799987696e+00,-6.168291339516458471e+00,-6.177683598321895175e+00,-6.186569771661521777e+00,-6.194987840743700680e+00,-6.202969252611945095e+00
-4.774848794487923875e+00,-4.783151921131016060e+00,-4.792038522323915473e+00,-4.801554676765801055e+00,-4.811750547211928186e+00,-4.822680911531327830e+00,-4.834405814714950012e+00,-4.846991375971803961e+00,-4.860510794830914527e+00,-4.875045613026322222e+00,-4.890687306070728546e+00,-4.907539301547409138e+00,-4.925719552798252465e+00,-4.945363840598230531e+00,-4.966630037184976310e+00,-4.989703655169196672e+00,-5.014805131541443473e+00,-5.042199484920377728e+00,-5.072209265628830899e+00,-5.105232147807651444e+00,-5.141765182643245780e+00,-5.182438801132243533e+00,-5.228065407383644114e+00,-5.279710361876314373e+00,-5.338798317362213552e+00,-5.407277230147981228e+00,-5.556098518049182644e+00,-5.670123420245778867e+00,-5.754496465812116490e+00,-5.819582013348410854e+00,-5.871440822569384821e+00,-5.913854056668833792e+00,-5.949302813267520307e+00,-5.979482135661447373e+00,-6.005588617080729108e+00,-6.028489954735642975e+00,-6.048829353691552058e+00,-6.067092238958404771e+00,-6.083650280122223641e+00,-6.098791293467808572e+00,-6.112740096725957528e+00,-6.125673420922314705e+00,-6.137730829776247177e+00,-6.149022899119672481e+00,-6.159637474593322892e+00,-6.169644549364002195e+00,-6.179100124428519969e+00,-6.188049296793241005e+00,-6.196528743930462824e+00,-6.204568722850829054e+00
-4.771915467932007715e+00,-4.780179502487620802e+00,-4.789032448073539783e+00,-4.798521201747999676e+00,-4.808696773149088166e+00,-4.819614804149276566e+00,-4.831336207185871423e+00,-4.843927956370989385e+00,-4.857464075277638571e+00,-4.872026878146161089e+00,-4.887708538340364228e+00,-4.904613080926090163e+00,-4.922858927771503801e+00,-4.942582167315465291e+00,-4.963940782717405575e+00,-4.987120159996618618e+00,-5.012340325132710994e+00,-5.039865546612606551e+00,-5.070017220794306390e+00,-5.103191386293526755e+00,-5.139882882290248922e+00,-5.180719233176723115e+00,-5.226509091641566407e+00,-5.278313026005189812e+00,-5.337549593235618062e+00,-5.406158986610125616e+00,-5.551374220048943542e+00,-5.667828567534282769e+00,-5.753537144718272600e+00,-5.819389359453031041e+00,-5.871699756316377083e+00,-5.914382661537403330e+00,-5.949993633696688100e+00,-5.980271500536397333e+00,-6.006439639813859088e+00,-6.029382621595011926e+00,-6.049754470658236016e+00,-6.068047567660595831e+00,-6.084637962763260077e+00,-6.099816065810424348e+00,-6.113808004289110976e+00,-6.126790874482977323e+00,-6.138903905319308407e+00,-6.150256826828865542e+00,-6.160936283370548772e+00,-6.171010844605839374e+00,-6.180534981613683421e+00,-6.189552254627126437e+00,-6.198097880264367809e+00,-6.206200795653976421e+00
-4.768924633224635556e+00,-4.777146158765440909e+00,-4.785962137416682971e+00,-4.795420345169335796e+00,-4.805572705612854989e+00,-4.816475797661604830e+00,-4.828191479466138247e+00,-4.840787662587327844e+00,-4.854339280322590433e+00,-4.868929506909780436e+00,-4.884651301368781340e+00,-4.901609372687104837e+00,-4.919922694433061849e+00,-4.939727740422899416e+00,-4.961182674372533796e+00,-4.984472814031629895e+00,-5.009817817253845895e+00,-5.037481224448894679e+00,-5.067783272044872334e+00,-5.101118319421704683e+00,-5.137978898948838413e+00,-5.178989463879418054e+00,-5.224954654589883951e+00,-5.276929850774626729e+00,-5.336326921529469303e+00,-5.405077413095701111e+00,-5.546510323155962041e+00,-5.665491541736679793e+00,-5.752572836447941818e+00,-5.819204216559437981e+00,-5.871968032764581125e+00,-5.914917862273010307e+00,-5.950686575634962949e+00,-5.981058208202085780e+00,-6.007283673388468692e+00,-6.030264827910653658e+00,-6.050666746482960434e+00,-6.068988883830062520e+00,-6.085611710840246324e+00,-6.100828208740153080e+00,-6.114865738905791659e+00,-6.127901639957283209e+00,-6.140074643334508586e+00,-6.151493439802703023e+00,-6.162243259005674823e+00,-6.172391025708530599e+00,-6.181989463985427591e+00,-6.191080395939109415e+00,-6.199697401299654409e+00,-6.207867953621666324e+00
-4.765875071487646331e+00,-4.774050412263277643e+00,-4.782825841041298709e+00,-4.792250076800366188e+00,-4.802376028396844632e+00,-4.813261289814037447e+00,-4.824968748863535772e+00,-4.837567343404170828e+00,-4.851133008982211337e+00,-4.865749874623555016e+00,-4.881511780485801921e+00,-4.898524213908747704e+00,-4.916906791598582238e+00,-4.936796458973944368e+00,-4.958351638683711649e+00,-4.981757647470733019e+00,-5.007233827010676208e+00,-5.035043020706821970e+00,-5.065504307743175616e+00,-5.099010332296338710e+00,-5.136051231097199299e+00,-5.177248224637351903e+00,-5.223401678035738627e+00,-5.275561376111546075e+00,-5.335131886438905013e+00,-5.404035184744961917e+00,-5.541501836458414765e+00,-5.663113179413826970e+00,-5.751605750095436953e+00,-5.819028740044503323e+00,-5.872247284103926823e+00,-5.915460633460166484e+00,-5.951381950494727846e+00,-5.981841957752974892e+00,-6.008119885739895416e+00,-6.031135312083033995e+00,-6.051564607400420570e+00,-6.069914430708400310e+00,-6.086569720801409566e+00,-6.101826009146455121e+00,-6.115911809227421614e+00,-6.129004565872839372e+00,-6.141242330276716288e+00,-6.152732534781782725e+00,-6.163558751451772011e+00,-6.173786007908347528e+00,-6.183465034287767281e+00,-6.192635686607471435e+00,-6.201329710099386716e+00,-6.209572955629524493e+00
-4.762765609373151854e+00,-4.770890816254484967e+00,-4.779621823838029471e+00,-4.789008361770567213e+00,-4.799104399964611467e+00,-4.809968630792642585e+00,-4.821665061728333868e+00,-4.834263752506963385e+00,-4.847841740754548212e+00,-4.862484212858207755e+00,-4.878285993764170492e+00,-4.895353452084925117e+00,-4.913806947877231046e+00,-4.933783993442705018e+00,-4.955443358091507378e+00,-4.978970434483570351e+00,-5.004584310008374892e+00,-5.032547172242143318e+00,-5.063176955806691915e+00,-5.096864563069408938e+00,-5.134097654148699341e+00,-5.175494060138310815e+00,-5.221849608040601609e+00,-5.274208073760949134e+00,-5.333966089671677402e+00,-5.403035098673754533e+00,-5.536343573436973031e+00,-5.660694618983363569e+00,-5.750638472339031360e+00,-5.818865431281285083e+00,-5.872539427384512400e+00,-5.916012164853868605e+00,-5.952080213087258542e+00,-5.982622520936604182e+00,-6.008947450537096557e+00,-6.031992758327859860e+00,-6.052446375990768956e+00,-6.070822312196430204e+00,-6.087510030599440292e+00,-6.102807594507410727e+00,-6.116944582134856034e+00,-6.130098393932732925e+00,-6.142406195237732902e+00,-6.153973911038931988e+00,-6.164883178580558898e+00,-6.175196839981423658e+00,-6.184963349666406707e+00,-6.194220338794711012e+00,-6.202997495841770181e+00,-6.211318872713667893e+00
-4.759595129890781706e+00,-4.767665965416142626e+00,-4.776348374689870724e+00,-4.785693169480610187e+00,-4.795755461261965280e+00,-4.806595129739404726e+00,-4.818277398508978848e+00,-4.830873551953181355e+00,-4.844461837413320815e+00,-4.859128609505584784e+00,-4.874969790294463756e+00,-4.892092741575480908e+00,-4.910618676241591984e+00,-4.930685778332830616e+00,-4.952453261482113511e+00,-4.976106681550826139e+00,-5.001864944361771315e+00,-5.029989634089772288e+00,-5.060797564925509917e+00,-5.094677881991779955e+00,-5.132115697842698054e+00,-5.173725304999213570e+00,-5.220297732229489895e+00,-5.272870327309491678e+00,-5.332831135930367950e+00,-5.402080068401475366e+00,-5.531030133384981617e+00,-5.658237342154299299e+00,-5.749674018955366783e+00,-5.818717188562027687e+00,-5.872846711627117244e+00,-5.916573902855450484e+00,-5.952781995927090897e+00,-5.983399767995846830e+00,-6.009765563714755565e+00,-6.032835803706960043e+00,-6.053310269329183591e+00,-6.071710483606509001e+00,-6.088430505324923914e+00,-6.103770916281043846e+00,-6.117962267060181425e+00,-6.131181747367280721e+00,-6.143565404975430688e+00,-6.155217373955262694e+00,-6.166217039179946902e+00,-6.176624726470216764e+00,-6.186486291945190175e+00,-6.195836847320586926e+00,-6.204703773859426619e+00,-6.213109129195420799e+00
-4.756362584463510679e+00,-4.764374507532967762e+00,-4.773003817557373019e+00,-4.782302483805886517e+00,-4.792326844793783458e+00,-4.803138062488232940e+00,-4.814802679973918309e+00,-4.827393316751946273e+00,-4.840989545860534093e+00,-4.855679009853356654e+00,-4.871558849449029616e+00,-4.888737541024282152e+00,-4.907337269541125480e+00,-4.927497005686119813e+00,-4.949376515540315324e+00,-4.973161616465031187e+00,-4.999071117125610364e+00,-5.027366063129929508e+00,-5.058362185367560215e+00,-5.092446869455110381e+00,-5.130102621936287299e+00,-5.171940057975578320e+00,-5.218745153988613161e+00,-5.271548408587015011e+00,-5.331728614599186677e+00,-5.401173114850213786e+00,-5.525555876895769103e+00,-5.655743219085761275e+00,-5.748715892435161123e+00,-5.818587365115805099e+00,-5.873171772498046117e+00,-5.917147599579289263e+00,-5.953488150686213842e+00,-5.984173699754504305e+00,-6.010573464937182919e+00,-6.033663048498450365e+00,-6.054154398780459800e+00,-6.072576742476710976e+00,-6.089328821644920176e+00,-6.104713731353549555e+00,-6.118962898239705517e+00,-6.132253117734929759e+00,-6.144719058473383733e+00,-6.156462739600456757e+00,-6.167560928589885805e+00,-6.178071054092418635e+00,-6.188036003316026878e+00,-6.197488032207732367e+00,-6.206451932065546906e+00,-6.214947549876887578e+00
-4.753067006327404975e+00,-4.761015156602696585e+00,-4.769586523993949889e+00,-4.778834314729755839e+00,-4.788816185104303180e+00,-4.799594680658748835e+00,-4.811237774735108275e+00,-4.823819540689153307e+00,-4.837421002178359686e+00,-4.852131218830126436e+00,-4.868048681307362457e+00,-4.885283111945406986e+00,-4.903957797193954526e+00,-4.924212619762960763e+00,-4.946208017223754361e+00,-4.970130178326295223e+00,-4.996197911484761001e+00,-5.024671802141846833e+00,-5.055866549642781926e+00,-5.090167793205985447e+00,-5.128055390246272438e+00,-5.170136153619693253e+00,-5.217190763227169903e+00,-5.270242449908836946e+00,-5.330660076905026301e+00,-5.400317353055962499e+00,-5.519914893398092381e+00,-5.653214557132888451e+00,-5.747768146161159386e+00,-5.818479835064234607e+00,-5.873517695685841922e+00,-5.917735370851750609e+00,-5.954199798233672958e+00,-5.984944487351940623e+00,-6.011370465245031269e+00,-6.034473070895591817e+00,-6.054976772095946203e+00,-6.073418719753218120e+00,-6.090202451041957232e+00,-6.105633581323272274e+00,-6.119944314595253232e+00,-6.133310849938023779e+00,-6.145866181001457207e+00,-6.157709840586530703e+00,-6.168915557577606457e+00,-6.179537423231606930e+00,-6.189614928549072914e+00,-6.199177088588275986e+00,-6.208245784902765685e+00,-6.216838414273809121e+00
-4.749707525401487551e+00,-4.757586707482726496e+00,-4.766094927240150270e+00,-4.775286711559640906e+00,-4.785221130814010237e+00,-4.795962222258070007e+00,-4.807579508219856024e+00,-4.820148643543735290e+00,-4.833752237030658705e+00,-4.848480904584661744e+00,-4.864434628430578833e+00,-4.881724518699996018e+00,-4.900475103323492121e+00,-4.920827313210075715e+00,-4.942942387721710240e+00,-4.967007008934400503e+00,-4.993240095124914291e+00,-5.021901864655410996e+00,-5.053306053387383479e+00,-5.087836584996937361e+00,-5.125970643157424789e+00,-5.168311131303330086e+00,-5.215633203376259353e+00,-5.268952411566450778e+00,-5.329627007707673059e+00,-5.399515973558940196e+00,-5.514100958103818506e+00,-5.650654152835819843e+00,-5.746835455543474858e+00,-5.818399068198490731e+00,-5.873888090252299854e+00,-5.918339764701205929e+00,-5.954918388975497301e+00,-5.985712521344699333e+00,-6.012155982446928171e+00,-6.035264447299327983e+00,-6.055775298682257279e+00,-6.074233871779879834e+00,-6.091048641901546823e+00,-6.106527769389474614e+00,-6.120904136899505410e+00,-6.134353125184457411e+00,-6.147005717656504054e+00,-6.158958533542289615e+00,-6.170281775208105834e+00,-6.181025685628209310e+00,-6.191225865085415059e+00,-6.200907645414419633e+00,-6.210089636168534710e+00,-6.218786519006934910e+00
-4.746283384766030622e+00,-4.754088052232527062e+00,-4.762527538062192534e+00,-4.771657777896086472e+00,-4.781539358382437044e+00,-4.792237923955130263e+00,-4.803824673249766697e+00,-4.816376979850725881e+00,-4.829979182573640450e+00,-4.844723603573474868e+00,-4.860711869187516854e+00,-4.878056630108893010e+00,-4.896883806640179415e+00,-4.917335525078926572e+00,-4.939573968325366771e+00,-4.963786446058625401e+00,-4.990192110298804273e+00,-5.019050921116275710e+00,-5.050675736938718074e+00,-5.085448817043515035e+00,-5.123844668800823676e+00,-5.166462201577682656e+00,-5.214070834308034641e+00,-5.267678043922371600e+00,-5.328630790948473361e+00,-5.398772217237783444e+00,-5.508107474939959225e+00,-5.648065346520373176e+00,-5.745923196391196974e+00,-5.818350214474246052e+00,-5.874287173364371561e+00,-5.918963842140933629e+00,-5.955645775538867426e+00,-5.986478472273572216e+00,-6.012929586207254040e+00,-6.036035779822689129e+00,-6.056547799190450831e+00,-6.075019473715811635e+00,-6.091864400577982508e+00,-6.107393334615161429e+00,-6.121839741837913351e+00,-6.135377941588549433e+00,-6.148136526377972366e+00,-6.160208708658151622e+00,-6.171660596665015319e+00,-6.182537989668690059e+00,-6.192872022695368628e+00,-6.202683834729741719e+00,-6.211988352331712981e+00,-6.220797249648428284e+00
-4.742793958901200035e+00,-4.750518198323255170e+00,-4.758882962519196624e+00,-4.767945688544702243e+00,-4.777768587785061527e+00,-4.788419035208646868e+00,-4.799970042398843617e+00,-4.812500849376970535e+00,-4.826097681043607146e+00,-4.840854727340269115e+00,-4.856875422848725421e+00,-4.874274122968723866e+00,-4.893178302404256996e+00,-4.913731441110566145e+00,-4.936096818708170630e+00,-4.960462519158211236e+00,-4.987048066212993014e+00,-5.016113287004463572e+00,-5.047970268203410882e+00,-5.082999678786197073e+00,-5.121673373219752357e+00,-5.164586209923948346e+00,-5.212501690886313988e+00,-5.266418843420229479e+00,-5.327672667652137761e+00,-5.398089342119621215e+00,-5.501927401022430608e+00,-5.645452078487202208e+00,-5.745037530612923327e+00,-5.818339199093283121e+00,-5.874719867937717055e+00,-5.919611272313163752e+00,-5.956384300229141004e+00,-5.987243365256882832e+00,-6.013691055267776697e+00,-6.036785733078119165e+00,-6.057292020942448119e+00,-6.075772615251682218e+00,-6.092646471691363530e+00,-6.108227023350583984e+00,-6.122748232537682966e+00,-6.136383092065357481e+00,-6.149257370459248584e+00,-6.161460301886722668e+00,-6.173053237235096802e+00,-6.184076835028193386e+00,-6.194557094790264173e+00,-6.204510373645732990e+00,-6.213947448266438300e+00,-6.222876663515727991e+00
-4.739238773853170272e+00,-4.746876288905522934e+00,-4.755159921865977246e+00,-4.764148708584352576e+00,-4.773906600314806958e+00,-4.784502834449035902e+00,-4.796012382317663914e+00,-4.808516509485821544e+00,-4.822103495197262113e+00,-4.836869571178313620e+00,-4.852920156676747254e+00,-4.870371487761009810e+00,-4.889352766842537612e+00,-4.910008996759572142e+00,-4.932504718194871351e+00,-4.957028948230713716e+00,-4.983801734487674828e+00,-5.013082913692906928e+00,-5.045183927579645733e+00,-5.080483954615188757e+00,-5.119452249985620540e+00,-5.162679598058977248e+00,-5.210923436913191154e+00,-5.265174001790306590e+00,-5.326753685236630176e+00,-5.397470580433585852e+00,-5.495553146932357969e+00,-5.642818945239528539e+00,-5.744185499057420152e+00,-5.818372828949863518e+00,-5.875191914822048389e+00,-5.920286444347290455e+00,-5.957136900134396562e+00,-5.988008671730859156e+00,-6.014440449848632575e+00,-6.037513082899685024e+00,-6.058005661197212177e+00,-6.076490199838005424e+00,-6.093391318092621134e+00,-6.109025257650241514e+00,-6.123626405099048320e+00,-6.137366139135036036e+00,-6.150366910617248273e+00,-6.162713310564803315e+00,-6.174461154005504326e+00,-6.185645138881449512e+00,-6.196285343988396477e+00,-6.206392661647597286e+00,-6.215973187699803226e+00,-6.225031585119038979e+00
-4.735617529511937818e+00,-4.743161625348814248e+00,-4.751357274824663079e+00,-4.760265214832926084e+00,-4.769951258745467548e+00,-4.780486647537531830e+00,-4.791948470227777257e+00,-4.804420189578171296e+00,-4.817992320786425253e+00,-4.832763324872228594e+00,-4.848840795250795921e+00,-4.866343036864466676e+00,-4.885401164430247078e+00,-4.906161883491132691e+00,-4.928791170686620760e+00,-4.953479146583444681e+00,-4.980446548588214561e+00,-5.009953383003099781e+00,-5.042310595882295132e+00,-5.077896003409405168e+00,-5.117176349908681310e+00,-5.160738363109316218e+00,-5.209333314322777575e+00,-5.263942347721655146e+00,-5.325874636747187196e+00,-5.396919083880040269e+00,-5.488976445402954596e+00,-5.640171253499901560e+00,-5.743375120895430008e+00,-5.818458911037561521e+00,-5.875710001211453815e+00,-5.920994598577876467e+00,-5.957907233263166624e+00,-5.988776422133651245e+00,-6.015178203032960802e+00,-6.038216780397864802e+00,-6.058686400900700875e+00,-6.077168949109250207e+00,-6.094095101205091680e+00,-6.109784100609217283e+00,-6.124470710644913218e+00,-6.138324386222961060e+00,-6.151463696747815568e+00,-6.163967813463505863e+00,-6.175886097262819341e+00,-6.187246316491084919e+00,-6.198061705187843273e+00,-6.208336896447709918e+00,-6.218072701107791644e+00,-6.227269716194798299e+00
-4.731930124204118293e+00,-4.739373692292110363e+00,-4.747474042489758794e+00,-4.756293719985759338e+00,-4.765900530126829793e+00,-4.776367868753532697e+00,-4.787775112810778388e+00,-4.800208107809172731e+00,-4.813759801254134274e+00,-4.828531085718165805e+00,-4.844631932270421437e+00,-4.862182915598967092e+00,-4.881317258487434252e+00,-4.902183558951024089e+00,-4.924949414007560478e+00,-4.949806228456023582e+00,-4.976975608294185172e+00,-5.006717906612523805e+00,-5.039343746440193783e+00,-5.075229740973159487e+00,-5.114840251714597663e+00,-5.158758015162326238e+00,-5.207728087604198031e+00,-5.262722280296467048e+00,-5.325035988502241580e+00,-5.396437854765293807e+00,-5.482188178923427913e+00,-5.637515068847499755e+00,-5.742615498362027004e+00,-5.818606383097543855e+00,-5.876281906937235178e+00,-5.921741980050370557e+00,-5.958699829677072124e+00,-5.989549344140564280e+00,-6.015905235885064428e+00,-6.038896035701724507e+00,-6.059331952411540101e+00,-6.077805414833836295e+00,-6.094753662850872722e+00,-6.110499218712632796e+00,-6.125277212418328787e+00,-6.139254845026817620e+00,-6.152546159594261432e+00,-6.165223996596683520e+00,-6.177330174162038112e+00,-6.188884379755393184e+00,-6.199891910231845493e+00,-6.210350212341555931e+00,-6.220254124307323274e+00,-6.229599762483738701e+00
-4.728176681825080330e+00,-4.735512185475584168e+00,-4.743509436168604765e+00,-4.752232899742687700e+00,-4.761752511521342157e+00,-4.772143984595475175e+00,-4.783489167741295844e+00,-4.795876490293523808e+00,-4.809401544843024290e+00,-4.824167874020430347e+00,-4.840288045084980340e+00,-4.857885116445017637e+00,-4.877094625577821141e+00,-4.898067261678310302e+00,-4.920972434546219354e+00,-4.946003022570748087e+00,-4.973381690460768390e+00,-5.003369331694624833e+00,-5.036276442791335128e+00,-5.072478626729528095e+00,-5.112438034834811518e+00,-5.156733533954832360e+00,-5.206103983623876275e+00,-5.261511693555177338e+00,-5.324237794535485513e+00,-5.396029660310425413e+00,-5.479336337747452212e+00,-5.634857254612876787e+00,-5.741916924870950290e+00,-5.818825456288478470e+00,-5.876916670149800126e+00,-5.922536017484470783e+00,-5.959520272215460324e+00,-5.990331032024532654e+00,-6.016623102228238373e+00,-6.039550426971406871e+00,-6.059940125815793444e+00,-6.078396001608457055e+00,-6.095362510256264521e+00,-6.111165841579327740e+00,-6.126041537530978687e+00,-6.140154198539513608e+00,-6.153612602707831059e+00,-6.166482186554611999e+00,-6.178795928001262538e+00,-6.190564058308986262e+00,-6.201782639320892798e+00,-6.212440845933921985e+00,-6.222526761586154365e+00,-6.232031579617073547e+00
-4.724357581758004798e+00,-4.731577042658146048e+00,-4.739462888503823024e+00,-4.748081623289795772e+00,-4.757505459041868612e+00,-4.767812600723627448e+00,-4.779087568144104736e+00,-4.791421593028513115e+00,-4.804913144309534978e+00,-4.819668651257638103e+00,-4.835803512192803133e+00,-4.853443496793632406e+00,-4.872726674235517308e+00,-4.893806031105000898e+00,-4.916852988183423534e+00,-4.942062092853067412e+00,-4.969657267540064538e+00,-4.999900154428767785e+00,-5.033101343696229968e+00,-5.069635656351929143e+00,-5.109963255792827397e+00,-5.154659325778192525e+00,-5.204456627277511238e+00,-5.260307891701589078e+00,-5.323479596160138883e+00,-5.395696927098173390e+00,-5.479375266833293345e+00,-5.632205495129855244e+00,-5.741290993409123189e+00,-5.819127768897762287e+00,-5.877624773552881265e+00,-5.923385531019377481e+00,-5.960375412086973412e+00,-5.991126153857591063e+00,-6.017334170467202981e+00,-6.040180041838340230e+00,-6.060508919926884452e+00,-6.078937004737140271e+00,-6.095916806788625131e+00,-6.111778719957063899e+00,-6.126758823146230881e+00,-6.141018759394277993e+00,-6.154661195306736055e+00,-6.167742893722072850e+00,-6.180286437461716353e+00,-6.192290949101907138e+00,-6.203741705702187303e+00,-6.214618335232722224e+00,-6.224901277885751760e+00,-6.234576340620836987e+00
-4.720473491852414938e+00,-4.727568477966024751e+00,-4.735334088277683762e+00,-4.743838987563410825e+00,-4.753157820612341489e+00,-4.763371472427862408e+00,-4.774567350295341406e+00,-4.786839726784305249e+00,-4.800290199439487537e+00,-4.815028341101735165e+00,-4.831172633944506245e+00,-4.848851800587547167e+00,-4.868206668581400720e+00,-4.889392733666115376e+00,-4.912583628628324206e+00,-4.937975767748344680e+00,-4.965794535567200185e+00,-4.996302543305393584e+00,-5.029810717523355734e+00,-5.066693362387441724e+00,-5.107408930065264308e+00,-5.152529182074724545e+00,-5.202780973752400229e+00,-5.259107494690455020e+00,-5.322760304997473213e+00,-5.395441612299128664e+00,-5.479531447915195308e+00,-5.629568295487499263e+00,-5.740750700635419257e+00,-5.819526548996767801e+00,-5.878418351722425328e+00,-5.924300972057984005e+00,-5.961273625290295364e+00,-5.991940704601844914e+00,-6.018041851643362250e+00,-6.040785660446332805e+00,-6.061036646025711683e+00,-6.079424669416263249e+00,-6.096411372232999781e+00,-6.112332083601950572e+00,-6.127423657245544497e+00,-6.141844423380809381e+00,-6.155689966981282346e+00,-6.169006868547311839e+00,-6.181805441548721802e+00,-6.194071702149904546e+00,-6.205778281948268749e+00,-6.216893759501009420e+00,-6.227389925291912931e+00,-6.237246727575152860e+00
-4.716525404761019225e+00,-4.723487020063529052e+00,-4.731123019362252435e+00,-4.739504355799736501e+00,-4.748708272951888354e+00,-4.758818539074051834e+00,-4.769925684939630095e+00,-4.782127285237992353e+00,-4.795528342562620061e+00,-4.810241853458439465e+00,-4.826389656668103711e+00,-4.844103684214505101e+00,-4.863527757426138187e+00,-4.884820095928462891e+00,-4.908156744427293106e+00,-4.933736179764957264e+00,-4.961785453579015126e+00,-4.992568374470605086e+00,-5.026396468432725584e+00,-5.063643825347085681e+00,-5.104767521759501214e+00,-5.150336241683810101e+00,-5.201071238640219363e+00,-5.257906334295816109e+00,-5.322078067940534396e+00,-5.395265048057169999e+00,-5.479810432608052118e+00,-5.626954947463215007e+00,-5.740310540139174300e+00,-5.820036782341264647e+00,-5.879311418989464855e+00,-5.925294698246717395e+00,-5.962225116462240848e+00,-5.992782314670216159e+00,-6.018750885131135320e+00,-6.041368991842546166e+00,-6.061522094979741482e+00,-6.079855279657821576e+00,-6.096840698256821511e+00,-6.112819601925157720e+00,-6.128030014808529380e+00,-6.142626618345474299e+00,-6.156696805700473618e+00,-6.170275175133825840e+00,-6.183357497833373628e+00,-6.195914252511951936e+00,-6.207903178450795423e+00,-6.219280028965282980e+00,-6.230006809857549399e+00,-6.240057149773034162e+00
-4.712514677960377263e+00,-4.719333554589463020e+00,-4.726830004355282888e+00,-4.735077400967234063e+00,-4.744155763382772228e+00,-4.754151963074069620e+00,-4.765159912663911257e+00,-4.777280776664492024e+00,-4.790623267267051233e+00,-4.805304111677132894e+00,-4.821448800407909907e+00,-4.839192747006338280e+00,-4.858683009491040039e+00,-4.880080745739044268e+00,-4.903564606069527265e+00,-4.929335317099853953e+00,-4.957621796722506247e+00,-4.988689281703030609e+00,-5.022850177190711030e+00,-5.060478698206125614e+00,-5.102030943978660638e+00,-5.148072959274299976e+00,-5.199320827729236427e+00,-5.256699341273235682e+00,-5.321430112818036129e+00,-5.395167755273033272e+00,-5.480217263120647608e+00,-5.624375448262110666e+00,-5.739986575739614239e+00,-5.820675379566266017e+00,-5.880320115703038475e+00,-5.926381285904426477e+00,-5.963242277232560618e+00,-5.993660625259225050e+00,-6.019467696104435106e+00,-6.041932978751714423e+00,-6.061964761777375976e+00,-6.080225288554525598e+00,-6.097198987408988913e+00,-6.113234352298033691e+00,-6.128571191457115042e+00,-6.143360249361117020e+00,-6.157679461328352311e+00,-6.171549287948660201e+00,-6.184948184144188232e+00,-6.197828111739597468e+00,-6.210129187773593351e+00,-6.221792235548542216e+00,-6.232768205504659598e+00,-6.243023990154696889e+00
-4.708443077806061972e+00,-4.715109371360598267e+00,-4.722455753532333489e+00,-4.730558154794694659e+00,-4.739499557189783552e+00,-4.749370174044195814e+00,-4.760267583861168106e+00,-4.772296859548617043e+00,-4.785570760521645539e+00,-4.800210083052316890e+00,-4.816344290433962172e+00,-4.834112566683059775e+00,-4.853665455412873087e+00,-4.875167262497535958e+00,-4.898799424792707136e+00,-4.924765089454824718e+00,-4.953295225626663800e+00,-4.984656723990908311e+00,-5.019163159884672432e+00,-5.057189247763072437e+00,-5.099190573333726384e+00,-5.145731083176009690e+00,-5.197522269041951581e+00,-5.255480424944200202e+00,-5.320812574048870758e+00,-5.395149223088923307e+00,-5.480756228172955602e+00,-5.621840354955441654e+00,-5.739796482392348409e+00,-5.821461333611845035e+00,-5.881462968154094639e+00,-5.927577880793998055e+00,-5.964340106318453572e+00,-5.994587743631645260e+00,-6.020200842221803406e+00,-6.042482189945841853e+00,-6.062365145961849500e+00,-6.080531505826658467e+00,-6.097480227960909716e+00,-6.113568804131359613e+00,-6.129039738753370159e+00,-6.144039642246148958e+00,-6.158635557969702745e+00,-6.172831219545971138e+00,-6.186584357384181665e+00,-6.199824736389094149e+00,-6.212471512457168998e+00,-6.224448078260554240e+00,-6.235692922278816219e+00,-6.246165880601137310e+00
-4.704312827994208135e+00,-4.710816216906714260e+00,-4.718001419852149603e+00,-4.725947063250947267e+00,-4.734739291421300678e+00,-4.744471918973949265e+00,-4.755246503942538006e+00,-4.767172382555190602e+00,-4.780366738428169171e+00,-4.794954812707318936e+00,-4.811070392632602832e+00,-4.828856740059682906e+00,-4.848468137237353481e+00,-4.870072237778194868e+00,-4.893853424899311300e+00,-4.920017410435279182e+00,-4.948797374955985262e+00,-4.980462074073415124e+00,-5.015326548257601047e+00,-5.053766416834021946e+00,-5.096237282697759774e+00,-5.143301646592257192e+00,-5.195667150584122318e+00,-5.254242347491758558e+00,-5.320220298418109728e+00,-5.395207650764166196e+00,-5.481430562276762508e+00,-5.619360553044818296e+00,-5.739759538076237178e+00,-5.822415854083418552e+00,-5.882761153675030386e+00,-5.928904585633844704e+00,-5.965536698135000648e+00,-5.995578793466754597e+00,-6.020961571012996671e+00,-6.043023324733360013e+00,-6.062725152236041914e+00,-6.080771364480040297e+00,-6.097678322716336474e+00,-6.113814832039658143e+00,-6.129427409055286269e+00,-6.144658489585509642e+00,-6.159562620093921304e+00,-6.174123690134262432e+00,-6.188274488094054782e+00,-6.201917997179799080e+00,-6.214948299037435397e+00,-6.227268379717253666e+00,-6.238802736287111017e+00,-6.249504004473348751e+00
-4.700126662814096079e+00,-4.706456352967665957e+00,-4.713468660876467986e+00,-4.721245049508288716e+00,-4.729875036230183127e+00,-4.739456319435278786e+00,-4.750094784626927691e+00,-4.761904429397600502e+00,-4.775007285851023298e+00,-4.789533460915167851e+00,-4.805621452831477569e+00,-4.823418929305893776e+00,-4.843084166153786008e+00,-4.864788347674145363e+00,-4.888718931640458898e+00,-4.915084299247054034e+00,-4.944119964438384862e+00,-4.976096731719257704e+00,-5.011331395833206415e+00,-5.050200911783885083e+00,-5.093161496952367528e+00,-5.140774977020526215e+00,-5.193746068339511801e+00,-5.252976596507473950e+00,-5.319646632359942728e+00,-5.395339649500879631e+00,-5.482242080070802714e+00,-5.616946912376725720e+00,-5.739896544848581250e+00,-5.823562459592097618e+00,-5.884238756946532867e+00,-5.930384878606674626e+00,-5.966853805166067559e+00,-5.996652577220016767e+00,-6.021764514342043739e+00,-6.043565860857384564e+00,-6.063048622980963032e+00,-6.080943296315231450e+00,-6.097787298460403349e+00,-6.113963779820529965e+00,-6.129725124276595771e+00,-6.145209806962220078e+00,-6.160458119750806816e+00,-6.175430353924111770e+00,-6.190029096439761958e+00,-6.204124780752625412e+00,-6.217581307800558399e+00,-6.230277713342962542e+00,-6.242122887757470373e+00,-6.253062420999440540e+00
-4.695887885574652643e+00,-4.702032621647799893e+00,-4.708859708607593397e+00,-4.716453585637300883e+00,-4.724907365118854230e+00,-4.734322937137211973e+00,-4.744810902370962147e+00,-4.756490369293770115e+00,-4.769488700217741517e+00,-4.783941343873064689e+00,-4.799991940042962923e+00,-4.817792914017858585e+00,-4.837506789289452769e+00,-4.859308438427157206e+00,-4.883388477027060581e+00,-4.909958004783912422e+00,-4.939254936067301038e+00,-4.971552265926040270e+00,-5.007168814424468373e+00,-5.046483320381082827e+00,-5.089953277110248031e+00,-5.138140729595036760e+00,-5.191748590271591191e+00,-5.251673260908884977e+00,-5.319083193914046603e+00,-5.395539903335209608e+00,-5.483190737920742741e+00,-5.614609797795877100e+00,-5.740229651033436298e+00,-5.824927001710544339e+00,-5.885922995703200655e+00,-5.932046050498380296e+00,-5.968317475970320807e+00,-5.997832368790457558e+00,-6.022628552258987078e+00,-6.044122885783422383e+00,-6.063342043994890851e+00,-6.081047256460303529e+00,-6.097801635221461680e+00,-6.114006610734183056e+00,-6.129922994117400492e+00,-6.145685913174942172e+00,-6.161319555570141659e+00,-6.176756103020140110e+00,-6.191861325603625232e+00,-6.206465767838731828e+00,-6.220396756560192308e+00,-6.233505163755928891e+00,-6.245682650985141748e+00,-6.256868399871836850e+00
-4.691600432562049505e+00,-4.697548517980069782e+00,-4.704177448405937767e+00,-4.711574774542824251e+00,-4.719837435793132308e+00,-4.729071849496771840e+00,-4.739393765323358210e+00,-4.750927913911956679e+00,-4.763807539859545415e+00,-4.778173977908384273e+00,-4.794176493529245242e+00,-4.811972649332261653e+00,-4.831729466481746726e+00,-4.853625627162530876e+00,-4.877854926314371120e+00,-4.904631155648869978e+00,-4.934194621622043364e+00,-4.966820590620529607e+00,-5.002830145977650744e+00,-5.042604265354093229e+00,-5.086602438747573451e+00,-5.135387950934519274e+00,-5.189663243443862761e+00,-5.250320917273667121e+00,-5.318519634945109154e+00,-5.395800790707623307e+00,-5.484274116602617433e+00,-5.612358395736581684e+00,-5.740782039352433586e+00,-5.826537584724344576e+00,-5.887844383025238493e+00,-5.933919637754518028e+00,-5.969958764224544190e+00,-5.999146855000928369e+00,-6.023577885783731212e+00,-6.044712162749093842e+00,-6.063615476929513193e+00,-6.081085450448659557e+00,-6.097716772676597508e+00,-6.113934202269426521e+00,-6.130010429059768562e+00,-6.146078458553711599e+00,-6.162144578934615424e+00,-6.178107478040139711e+00,-6.193787704029256602e+00,-6.208966448685051098e+00,-6.223426387885446331e+00,-6.236985244779834403e+00,-6.249515974088818204e+00,-6.260952744452815466e+00
-4.687268942822814921e+00,-4.693008270690079975e+00,-4.699425508320651979e+00,-4.706611443965670993e+00,-4.714667083763129263e+00,-4.723703737383265100e+00,-4.733842790631233477e+00,-4.745215182016302435e+00,-4.757960677384675208e+00,-4.772227127060502561e+00,-4.788169973500460586e+00,-4.805952330293442820e+00,-4.825745958101918198e+00,-4.847733419908331065e+00,-4.872111628415318307e+00,-4.899096940205386552e+00,-4.928931945139090054e+00,-4.961894178801744992e+00,-4.998307174950842757e+00,-5.038554599255410160e+00,-5.083098711059210295e+00,-5.132505180840993830e+00,-5.187477532773512756e+00,-5.248906535897628345e+00,-5.317943402382875995e+00,-5.396111972058104556e+00,-5.485486822129468365e+00,-5.610199811971906314e+00,-5.741577438113530718e+00,-5.828424333725426010e+00,-5.890036778295382192e+00,-5.936041812897137504e+00,-5.971814492529716745e+00,-6.000631242108619645e+00,-6.024643366993706728e+00,-6.045357498463893364e+00,-6.063883787455280228e+00,-6.081063333593888842e+00,-6.097529876982268782e+00,-6.113737881487917747e+00,-6.129976428580979686e+00,-6.146378543127736904e+00,-6.162931188946227934e+00,-6.179493227200829608e+00,-6.195829172046825484e+00,-6.211658461367728812e+00,-6.226708822763854734e+00,-6.240758998633041621e+00,-6.253662175209127483e+00,-6.265350066511621741e+00
-4.682898833948436312e+00,-4.688416931951638666e+00,-4.694608360339313613e+00,-4.701567254746611191e+00,-4.709398931380314401e+00,-4.718219987841140828e+00,-4.728157994539926356e+00,-4.739350773465755395e+00,-4.751945358772672101e+00,-4.766096853960542390e+00,-4.781967515155967519e+00,-4.799726462688481909e+00,-4.819550425252790760e+00,-4.841625849596185915e+00,-4.866152594188988267e+00,-4.893349321451449185e+00,-4.923460665509669987e+00,-4.956766320367873568e+00,-4.993592386496933599e+00,-5.034325646206855964e+00,-5.079431942941595501e+00,-5.129480599722199941e+00,-5.185178001268703873e+00,-5.247415418408630572e+00,-5.317339511210146696e+00,-5.396459954064478204e+00,-5.486819807343455757e+00,-5.608137890954873583e+00,-5.742639405229424732e+00,-5.830618950048218174e+00,-5.892537258765770503e+00,-5.938453669945641167e+00,-5.973928034346654314e+00,-6.002328536078735510e+00,-6.025864145409125960e+00,-6.046090501765164049e+00,-6.064168258748502183e+00,-6.080990970403097329e+00,-6.097240987250533095e+00,-6.113410361146594418e+00,-6.129810188805556948e+00,-6.146576996616521349e+00,-6.163678025351324585e+00,-6.180925075359913201e+00,-6.198012487475507371e+00,-6.214581374912249601e+00,-6.230291278597931637e+00,-6.244875292504546316e+00,-6.258166661456371571e+00,-6.270098952037565176e+00
-4.678496383837646988e+00,-4.683780476863494080e+00,-4.689731435218502220e+00,-4.696446825977680817e+00,-4.704036515694252962e+00,-4.712622815460260739e+00,-4.722340098581935486e+00,-4.733333854862637580e+00,-4.745759269182984852e+00,-4.759779573931415264e+00,-4.775564585670334594e+00,-4.793289940613407296e+00,-4.813137544059491013e+00,-4.835297637500541867e+00,-4.859972707508214640e+00,-4.887383292408434166e+00,-4.917775664987098061e+00,-4.951431429065082490e+00,-4.988679275532245327e+00,-5.029909495690551680e+00,-5.075592362164117688e+00,-5.126302229729220450e+00,-5.182750342685140232e+00,-5.245831181404608579e+00,-5.316690346667924061e+00,-5.396827648216768303e+00,-5.488259625581655143e+00,-5.606171705157966478e+00,-5.743990329527077776e+00,-5.833153978673565554e+00,-5.895385717999218400e+00,-5.941201307600605830e+00,-5.976350042747655245e+00,-6.004290987201775565e+00,-6.027289701477616113e+00,-6.046952857360377465e+00,-6.064498709648974639e+00,-6.080884858181427433e+00,-6.096854707586672362e+00,-6.112947346654671321e+00,-6.129502291966375971e+00,-6.146664944232462346e+00,-6.164384795969724884e+00,-6.182418798231747559e+00,-6.200372191145465450e+00,-6.217785091861566471e+00,-6.234231741749018951e+00,-6.249392308125131024e+00,-6.263081602168528939e+00,-6.275241923427722135e+00
-4.674068818097305567e+00,-4.679105913212242562e+00,-4.684801252662476934e+00,-4.691255880140927204e+00,-4.698584439379307476e+00,-4.706915407213431379e+00,-4.716390656343131482e+00,-4.727164260082131086e+00,-4.739400606943494410e+00,-4.753272112269234739e+00,-4.768957043613101909e+00,-4.786638131159034693e+00,-4.806502636402898432e+00,-4.828744382699335702e+00,-4.853567975356944508e+00,-4.881195178894491171e+00,-4.911873290070737141e+00,-4.945885404035150756e+00,-4.983562711215220098e+00,-5.025299352615236081e+00,-5.071570892729230451e+00,-5.122958197093851140e+00,-5.180179578116937300e+00,-5.244135803063669776e+00,-5.315975518476784956e+00,-5.397193950418206043e+00,-5.489787640349524267e+00,-5.604293665833880667e+00,-5.745650093382461243e+00,-5.836061699581525986e+00,-5.898624066931794196e+00,-5.944335563603454275e+00,-5.979138996934365125e+00,-6.006581649854776828e+00,-6.028982347227643146e+00,-6.047999296459941831e+00,-6.064916287445333509e+00,-6.080770326925531322e+00,-6.096382663032684057e+00,-6.112350274474950496e+00,-6.129046964414586185e+00,-6.146634872421507190e+00,-6.165052877856502356e+00,-6.183995761284950099e+00,-6.202953430936474888e+00,-6.221333118610328228e+00,-6.238601683658226094e+00,-6.254379174014045084e+00,-6.268466431414259077e+00,-6.280825055027293047e+00
-4.669624402266759233e+00,-4.674401401761850927e+00,-4.679825568617436815e+00,-4.686001411827922958e+00,-4.693048550046261980e+00,-4.701102097111933276e+00,-4.710312206967349091e+00,-4.720842610282910634e+00,-4.732868167913573565e+00,-4.746571764769790924e+00,-4.762141200179790701e+00,-4.779766966859099853e+00,-4.799641820443859785e+00,-4.821962785819560615e+00,-4.846935825117775209e+00,-4.874782998108073251e+00,-4.905751751992339926e+00,-4.940126051234337012e+00,-4.978239360293636118e+00,-5.020489946252592262e+00,-5.067359533736851773e+00,-5.119437061760097052e+00,-5.177450307778508787e+00,-5.242309751588245526e+00,-5.315171795377575670e+00,-5.397533379053767177e+00,-5.491379232122427290e+00,-5.602487217735969693e+00,-5.747634349568017775e+00,-5.839372549099040022e+00,-5.902294881413828520e+00,-5.947911187722189297e+00,-5.982361344345576981e+00,-6.009275925629244064e+00,-6.031020267447395611e+00,-6.049301544229850336e+00,-6.065477208738132120e+00,-6.080684617347420051e+00,-6.095846973746211539e+00,-6.111630976074032162e+00,-6.128446327735692201e+00,-6.146482566540003134e+00,-6.165686118494507539e+00,-6.185685221212183116e+00,-6.205816158555739648e+00,-6.225307043447226185e+00,-6.243489368763475156e+00,-6.259917599123762777e+00,-6.274387967143379541e+00,-6.286897033973290583e+00
-4.665172537357542559e+00,-4.669676386745232222e+00,-4.674813541255939064e+00,-4.680691884084914989e+00,-4.687436154529982524e+00,-4.695188579058018341e+00,-4.704108463918002414e+00,-4.714370460019436493e+00,-4.726161443544493856e+00,-4.739676361769941337e+00,-4.755113881506582985e+00,-4.772673047008789027e+00,-4.792552185862431813e+00,-4.814950915850022994e+00,-4.840075459927892787e+00,-4.868146883499148814e+00,-4.899411594838565698e+00,-4.934153569416137586e+00,-4.972708171019557533e+00,-5.015477998100411838e+00,-5.062951800237057931e+00,-5.115728217851478909e+00,-5.174547047742045436e+00,-5.240332215124912985e+00,-5.314253153245627637e+00,-5.397815820802818187e+00,-5.493003065199700607e+00,-5.602500583908260445e+00,-5.749952389477515524e+00,-5.843112986546935339e+00,-5.906439315524983691e+00,-5.951985160800313146e+00,-5.986090873342901020e+00,-6.012462794644845232e+00,-6.033501112310008629e+00,-6.050953683845595066e+00,-6.066257962475575916e+00,-6.080680710696502622e+00,-6.095284955181383246e+00,-6.110819646456302046e+00,-6.127718445622419630e+00,-6.146210575596307457e+00,-6.166291813400621713e+00,-6.187528020229557946e+00,-6.209041612441787095e+00,-6.229812637563601818e+00,-6.249003665794711004e+00,-6.266103202647796522e+00,-6.280919807758963636e+00,-6.293507375952383853e+00
-4.660723856221627770e+00,-4.664941735318196336e+00,-4.669775916704541174e+00,-4.675337456724398599e+00,-4.681756276213659973e+00,-4.689182168940485340e+00,-4.697784550852107444e+00,-4.707750479086665329e+00,-4.719280737718549723e+00,-4.732584336348798715e+00,-4.747872491251293958e+00,-4.765353749773423075e+00,-4.785232001227263332e+00,-4.807708532592664952e+00,-4.832988286846644499e+00,-4.861289589078863216e+00,-4.892856240115545319e+00,-4.927971104205818520e+00,-4.966970916637312605e+00,-5.010262745064575363e+00,-5.058343222461338051e+00,-5.111822364532022434e+00,-5.171454658242802260e+00,-5.238181451732399019e+00,-5.313190973327698963e+00,-5.398006444991599651e+00,-5.494620502901717884e+00,-5.605709258636109027e+00,-5.752604627122013703e+00,-5.847302758759309604e+00,-5.911094100018736697e+00,-5.956613787329131604e+00,-5.990406750109312561e+00,-6.016245135981264092e+00,-6.036545932262664671e+00,-6.053079591444273433e+00,-6.067363074771072284e+00,-6.080832011920900726e+00,-6.094754958041513682e+00,-6.109978512828676322e+00,-6.126912769650408208e+00,-6.145834399974991591e+00,-6.166881722835960034e+00,-6.189583171661406702e+00,-6.212742712613345653e+00,-6.234987920253350246e+00,-6.255277935548352986e+00,-6.273045968472516165e+00,-6.288140499325649557e+00,-6.300703408965721231e+00
-4.656290316921614547e+00,-4.660209883326844604e+00,-4.664725234514755847e+00,-4.669950250881803377e+00,-4.676019965026637415e+00,-4.683092130480239312e+00,-4.691347301200675446e+00,-4.700986684262603355e+00,-4.712227310221147825e+00,-4.725294797986279605e+00,-4.740415072559221343e+00,-4.757807358390494734e+00,-4.777680964864515545e+00,-4.800237483044946352e+00,-4.825678438049789243e+00,-4.854217089711418964e+00,-4.886092617095286528e+00,-4.921585371711383772e+00,-4.961032793504442040e+00,-5.004846509325510340e+00,-5.053531894293069371e+00,-5.107712041199443220e+00,-5.168158864960638255e+00,-5.235835274251682492e+00,-5.311954427308650750e+00,-5.398065856137005625e+00,-5.496185285458198955e+00,-5.608998685274198870e+00,-5.755579800854836670e+00,-5.851951597049523279e+00,-5.916287499101562375e+00,-5.961848145383600972e+00,-5.995389409680354831e+00,-6.020738023957694196e+00,-6.040302644471264415e+00,-6.055843196362431513e+00,-6.068937923037422522e+00,-6.081238475992342352e+00,-6.094342374426544140e+00,-6.109225329244562630e+00,-6.126140285845353972e+00,-6.145393808786661971e+00,-6.167472850152057262e+00,-6.191941238436309725e+00,-6.217081082547303517e+00,-6.241012912031576931e+00,-6.262472868496221423e+00,-6.280868879478359368e+00,-6.296129770614192545e+00,-6.308525534872350349e+00
-4.651885287500278743e+00,-4.655494982657786274e+00,-4.659676051000453789e+00,-4.664544653332810320e+00,-4.670240671215588613e+00,-4.676930083721064335e+00,-4.684805644789691748e+00,-4.694084742029466462e+00,-4.705003559140970459e+00,-4.717807614096626523e+00,-4.732740368510532925e+00,-4.750033207113395939e+00,-4.769900516928039735e+00,-4.792542198679326404e+00,-4.818153412942194791e+00,-4.846939298039372623e+00,-4.879131888159603747e+00,-4.915007349589417984e+00,-4.954903063300774235e+00,-4.999235299645706121e+00,-5.048519054790558513e+00,-5.103392213625648210e+00,-5.164646867175558320e+00,-5.233271677805481303e+00,-5.310511081190013805e+00,-5.397950557165759555e+00,-5.497643606318270315e+00,-5.612308459533967842e+00,-5.758852106444582120e+00,-5.857055525161467102e+00,-5.922034247986013078e+00,-5.967727541536681279e+00,-6.001113282526149284e+00,-6.026063143347112572e+00,-6.044946853084837812e+00,-6.059461560727487317e+00,-6.071192023590383791e+00,-6.082037453238540614e+00,-6.094162828618567396e+00,-6.108773785132092016e+00,-6.125632786192786838e+00,-6.144975353795186557e+00,-6.168088059808432000e+00,-6.194755275615513312e+00,-6.222294178582450819e+00,-6.248118702350202724e+00,-6.270775960756972189e+00,-6.289703383672396342e+00,-6.304961937746249134e+00,-6.317000176373046116e+00
-4.647523614280473225e+00,-4.650813042483871840e+00,-4.654645175461144646e+00,-4.659137662065717223e+00,-4.664434694864919351e+00,-4.670710520401371468e+00,-4.678171114405251352e+00,-4.687052374037413927e+00,-4.697613261743874169e+00,-4.710123503783242072e+00,-4.724847880190050198e+00,-4.742031856547688662e+00,-4.761894240640679676e+00,-4.784630333790651946e+00,-4.810424879685134769e+00,-4.839470923245054124e+00,-4.871990276771705375e+00,-4.908253027711550587e+00,-4.948595721008192783e+00,-4.993439420516292415e+00,-5.043309678088370163e+00,-5.098860888791804769e+00,-5.160908016890303429e+00,-5.230469606610506084e+00,-5.308827738634775528e+00,-5.397613788481889330e+00,-5.498934731144309751e+00,-5.615565986390925524e+00,-5.762378614993423298e+00,-5.862593171692767058e+00,-5.928329784980423511e+00,-5.974270901674080925e+00,-6.007635350259413087e+00,-6.032336675271888105e+00,-6.050675366914708420e+00,-6.064216944670090648e+00,-6.074442405777301879e+00,-6.083434684788082691e+00,-6.094356382604853906e+00,-6.109004120358430434e+00,-6.125855327250596893e+00,-6.144767931237408831e+00,-6.168761021803899958e+00,-6.198319269018339739e+00,-6.228732107390944961e+00,-6.256588351964195382e+00,-6.280393899925559076e+00,-6.299680138417349973e+00,-6.314695402765139853e+00,-6.326129715544321463e+00
-4.643221663067810923e+00,-4.646182052690198461e+00,-4.649651909460608579e+00,-4.653749270458504839e+00,-4.658621722508517138e+00,-4.664451456453262423e+00,-4.671458518684208805e+00,-4.679899913796605304e+00,-4.690061905478285276e+00,-4.702244151537887440e+00,-4.716737921672078393e+00,-4.733805314977335144e+00,-4.753668397599018824e+00,-4.776513605254697481e+00,-4.802509688899677442e+00,-4.831832500991525059e+00,-4.864690001214563075e+00,-4.901344201379003174e+00,-4.942130159819684287e+00,-4.987474055395325401e+00,-5.037913037396193339e+00,-5.094119726235089907e+00,-5.156934541344063483e+00,-5.227409841837528326e+00,-5.306871525306417148e+00,-5.397006786479369822e+00,-5.499992289098310394e+00,-5.618687411642184770e+00,-5.766097473641361049e+00,-5.868522751155378359e+00,-5.935144554373296799e+00,-5.981466669919918822e+00,-6.014979073439533863e+00,-6.039647745127916245e+00,-6.057684764788668019e+00,-6.070453227694068588e+00,-6.079181301411362703e+00,-6.085824521505561968e+00,-6.095066480245702856e+00,-6.110596666844596569e+00,-6.127681778278367908e+00,-6.145262539815480984e+00,-6.169587172993104218e+00,-6.203263709887914423e+00,-6.236880023602489054e+00,-6.266733790136663096e+00,-6.291533771954516574e+00,-6.310913803530256772e+00,-6.325356913509359913e+00,-6.335878615868308472e+00
-4.638997319481001469e+00,-4.641622072542951116e+00,-4.644718272130817560e+00,-4.648402879868946513e+00,-4.652825458342014997e+00,-4.658175257547688908e+00,-4.664686846334370252e+00,-4.672641089575606088e+00,-4.682357161539862034e+00,-4.694172354680736348e+00,-4.708411671547904298e+00,-4.725357334644209928e+00,-4.745232670466402070e+00,-4.768208924886285338e+00,-4.794431170608945969e+00,-4.824051625574734992e+00,-4.857260307385647735e+00,-4.894309275786548952e+00,-4.935531790296284527e+00,-4.981359778574744546e+00,-5.032343198753877367e+00,-5.089174603623290771e+00,-5.152722268782156334e+00,-5.224075974229932307e+00,-5.304611188808024735e+00,-5.396080466516119500e+00,-5.500746317971868748e+00,-5.621579807914348414e+00,-5.769927487294024715e+00,-5.874780642307960044e+00,-5.942419755119262348e+00,-5.989262895190794467e+00,-6.023114724998682057e+00,-6.048025724065538178e+00,-6.066126894868073549e+00,-6.078525956714239342e+00,-6.086104365315244458e+00,-6.090267207310596120e+00,-6.096456155417793177e+00,-6.114784877746523684e+00,-6.132468916945844839e+00,-6.148224111134005909e+00,-6.171407169623774891e+00,-6.210867895226575897e+00,-6.247278174070675760e+00,-6.278828804442779798e+00,-6.304372226162551662e+00,-6.323481495365782301e+00,-6.336918488146119799e+00,-6.346154823093733022e+00
-4.634869931377343377e+00,-4.637155261317000843e+00,-4.639869184353728748e+00,-4.643125717776469763e+00,-4.647074347596947597e+00,-4.651909676366627444e+00,-4.657880491394468692e+00,-4.665294150850940014e+00,-4.674509590100553780e+00,-4.685912229661466810e+00,-4.699871221293748569e+00,-4.716693834696696008e+00,-4.736601235198667936e+00,-4.759739962521028822e+00,-4.786220806855924437e+00,-4.816164410250308947e+00,-4.849738574815922298e+00,-4.887184029137567443e+00,-4.928832553618733847e+00,-4.975122937590653827e+00,-5.026619390798146014e+00,-5.084036085343384137e+00,-5.148271305473266501e+00,-5.220455405950867878e+00,-5.302018556008278871e+00,-5.394787480290314186e+00,-5.501126057401366509e+00,-5.624144750413626603e+00,-5.773769662604367525e+00,-5.881282622736907939e+00,-5.950066474265752525e+00,-5.997560705701444839e+00,-6.031939992270038964e+00,-6.057398036243042405e+00,-6.076039205195691295e+00,-6.088683316910684873e+00,-6.095860052023485132e+00,-6.099128084853231435e+00,-6.104118931574329388e+00,-6.123241474883765356e+00,-6.141429484964173291e+00,-6.158197924428518988e+00,-6.182802388619298206e+00,-6.222577721275616369e+00,-6.260224768334946788e+00,-6.292996966569860184e+00,-6.319019882996251170e+00,-6.337394309319709151e+00,-6.349262630379993944e+00,-6.356785805681025359e+00
-4.630860173515330303e+00,-4.632805820581807232e+00,-4.635132571379235067e+00,-4.637949218751373337e+00,-4.641402368875852780e+00,-4.645689134424676681e+00,-4.651070919252808800e+00,-4.657883523632284195e+00,-4.666533733189874411e+00,-4.677469524416790314e+00,-4.691119622110619503e+00,-4.707823546111979951e+00,-4.727794370709881733e+00,-4.751139348160009490e+00,-4.777920392232980262e+00,-4.808217181532773665e+00,-4.842171435939607527e+00,-4.880012251442866322e+00,-4.922071248064647797e+00,-4.968795835945721606e+00,-5.020766189693812720e+00,-5.078719736890662695e+00,-5.143586602884458792e+00,-5.216540308580714047e+00,-5.299070055058408890e+00,-5.393084531554897865e+00,-5.501063361973174359e+00,-5.626283200908771320e+00,-5.777511082734353209e+00,-5.887928629984710227e+00,-5.957970294483867058e+00,-6.006215828414273261e+00,-6.041269129857469444e+00,-6.067546283851005029e+00,-6.087254302173833231e+00,-6.100928305523853012e+00,-6.108467738562385563e+00,-6.112674891540574862e+00,-6.120236596981036392e+00,-6.136041325201389007e+00,-6.154369230803518498e+00,-6.174223951473383210e+00,-6.201373500628807989e+00,-6.237920904975357672e+00,-6.275402661997992126e+00,-6.309091178645801712e+00,-6.335496309740475951e+00,-6.352554487152035634e+00,-6.362126380650066082e+00,-6.367490669920429447e+00
-4.626989813084161796e+00,-4.628599811256163044e+00,-4.630539327535335481e+00,-4.632909296624334594e+00,-4.635849833795667507e+00,-4.639556255233390658e+00,-4.644298922144006525e+00,-4.650442288078414421e+00,-4.658449877438519238e+00,-4.668852129379136073e+00,-4.682160934630516635e+00,-4.698759061491658784e+00,-4.718840967892245608e+00,-4.742451822138979090e+00,-4.769584799244859674e+00,-4.800268363080374634e+00,-4.834615792089648423e+00,-4.872846135585330529e+00,-4.915293565729054848e+00,-4.962416636665597736e+00,-5.014813455772795692e+00,-5.073246226804306147e+00,-5.138678350019941554e+00,-5.212328451980503097e+00,-5.295748179646853515e+00,-5.390934768555637469e+00,-5.500496467244512466e+00,-5.627901330334028174e+00,-5.781031034793603141e+00,-5.894611246693195028e+00,-5.966002649772506494e+00,-6.015052892566511211e+00,-6.050844079878229920e+00,-6.078082519676868856e+00,-6.099279197243194339e+00,-6.114956013033992832e+00,-6.123138568500121615e+00,-6.128103538835134145e+00,-6.136680829908002899e+00,-6.151267295750448838e+00,-6.169781620337175809e+00,-6.191792649094169931e+00,-6.220000758220282755e+00,-6.254813791162320946e+00,-6.291828577633498121e+00,-6.326581021951656503e+00,-6.353727930745366237e+00,-6.368659628957685115e+00,-6.375009188917756475e+00,-6.377857578383789416e+00
-4.623281355774997436e+00,-4.624564804395209450e+00,-4.626123070390683267e+00,-4.628046398055341903e+00,-4.630464067673129236e+00,-4.633563588102818542e+00,-4.637617619739819119e+00,-4.643015937638345747e+00,-4.650287015603071339e+00,-4.660070979238940758e+00,-4.673000292013205659e+00,-4.689518658737866552e+00,-4.709782581226740206e+00,-4.733738771940326551e+00,-4.761285421971780174e+00,-4.792390400494319636e+00,-4.827139523557771206e+00,-4.865746248765394633e+00,-4.908551717356795407e+00,-4.956028904587626016e+00,-5.008795962927486300e+00,-5.067641163816352545e+00,-5.133562129431755494e+00,-5.207823815588200844e+00,-5.292042755478833627e+00,-5.388310022311999958e+00,-5.499373720117676889e+00,-5.628916619132121824e+00,-5.784208693898780673e+00,-5.901226968036008103e+00,-5.974038038106419535e+00,-6.023893821331302689e+00,-6.060381072419047221e+00,-6.088499129672041654e+00,-6.111155258135667623e+00,-6.129900803372440699e+00,-6.138371366306659915e+00,-6.143526595008110824e+00,-6.152835123597658828e+00,-6.167273508749187449e+00,-6.186102770321610933e+00,-6.209219234890881900e+00,-6.237732316317322834e+00,-6.271505916112660728e+00,-6.308096651347598893e+00,-6.344301562500102243e+00,-6.373560057689325653e+00,-6.384890953201366237e+00,-6.387050257508385620e+00,-6.387354561489448024e+00
-4.619757557167192275e+00,-4.620729326043556462e+00,-4.621919599919899646e+00,-4.623405184348243324e+00,-4.625299747496890213e+00,-4.627775318330798804e+00,-4.631096289132066168e+00,-4.635668108643319130e+00,-4.642088033879740117e+00,-4.651141772921781659e+00,-4.663644001840882680e+00,-4.680129689287124251e+00,-4.700680182057154433e+00,-4.725084714657681317e+00,-4.753114208672213792e+00,-4.784671387310041268e+00,-4.819821573906191148e+00,-4.858780864525947152e+00,-4.901903514926464922e+00,-4.949680714270780157e+00,-5.002752676097920848e+00,-5.061934631295092579e+00,-5.128258787818145592e+00,-5.203036902438172184e+00,-5.287951870230378937e+00,-5.385192643125594536e+00,-5.497656821107241853e+00,-5.629263382168550045e+00,-5.786931074641111117e+00,-5.907688073046707622e+00,-5.981973177455718549e+00,-6.032593705305618670e+00,-6.069648392349274779e+00,-6.098353812275502328e+00,-6.121737173031391421e+00,-6.141393783203724865e+00,-6.151232941639013241e+00,-6.157914007767378628e+00,-6.168278892710326033e+00,-6.183105815266873861e+00,-6.202271017743056447e+00,-6.225808660759300395e+00,-6.254110386079873685e+00,-6.286868185774885376e+00,-6.322661311050760347e+00,-6.359786610420202990e+00,-6.394614565361028902e+00,-6.398869317779529275e+00,-6.397027809755383210e+00,-6.395422783663657462e+00
-4.616440794772345591e+00,-4.617122067261443696e+00,-4.617965979204621263e+00,-4.619033652334230133e+00,-4.620418547332528547e+00,-4.622268495804908284e+00,-4.624824830685344779e+00,-4.628489195690450586e+00,-4.633919179278055189e+00,-4.642088549609445280e+00,-4.654099752682828495e+00,-4.670635349729265862e+00,-4.691625690144292982e+00,-4.716606238137931228e+00,-4.745187778490050690e+00,-4.777215745846423722e+00,-4.812750956544549652e+00,-4.852024407517089521e+00,-4.895410796228778949e+00,-4.943423276577190606e+00,-4.996725658294937311e+00,-5.056160404462678670e+00,-5.122793993621424846e+00,-5.197984697703816437e+00,-5.283482351781669806e+00,-5.381576714304551423e+00,-5.495323151964410791e+00,-5.628896868226686223e+00,-5.789099667443439401e+00,-5.913932264045363318e+00,-5.989742118343359678e+00,-6.041069518285045348e+00,-6.078535355982030985e+00,-6.107496528205052400e+00,-6.130832966123048067e+00,-6.149363223205551066e+00,-6.161471264833421557e+00,-6.170992323953994330e+00,-6.182778657552808532e+00,-6.198242730683167778e+00,-6.217674962151714446e+00,-6.241183948749829291e+00,-6.268842135690633199e+00,-6.300247167007832161e+00,-6.334339146054647429e+00,-6.369663333880747125e+00,-6.401617750071856960e+00,-6.406240455606281969e+00,-6.403886745054716556e+00,-6.401668680209895435e+00
-4.613352312848948422e+00,-4.613770854301948887e+00,-4.614299178163549620e+00,-4.614981501382106721e+00,-4.615887619796772867e+00,-4.617132905768219331e+00,-4.618917948285295338e+00,-4.621608643128472416e+00,-4.625887952791361002e+00,-4.632951930605386792e+00,-4.644377118316397990e+00,-4.661109374131052974e+00,-4.682761792376371801e+00,-4.708463226691231185e+00,-4.737650255271939059e+00,-4.770142910772834810e+00,-4.806024135946111997e+00,-4.845554787637194494e+00,-4.889137127249465031e+00,-4.937309084657909963e+00,-4.990758626804499443e+00,-5.050354867119928315e+00,-5.117197483058296470e+00,-5.192690246186058012e+00,-5.278649723912002045e+00,-5.377468492067083439e+00,-5.492366884910715008e+00,-5.627795318864847296e+00,-5.790634384022553149e+00,-5.919927728949743617e+00,-5.997322272406004018e+00,-6.049307948941316404e+00,-6.087062696187889088e+00,-6.116080047230981087e+00,-6.139178915521172897e+00,-6.157406847858464261e+00,-6.171157628119476435e+00,-6.183050505729736024e+00,-6.196291598576959103e+00,-6.212432205656182482e+00,-6.232004961895817985e+00,-6.255160192222849247e+00,-6.281810458646041262e+00,-6.311440584439863777e+00,-6.342919808501267909e+00,-6.374070849367156733e+00,-6.398732085169730688e+00,-6.407473911522839849e+00,-6.407614419061482103e+00,-6.406040796003550142e+00
-4.610511374293977838e+00,-4.610701412423700241e+00,-4.610954281415299505e+00,-4.611297618704550239e+00,-4.611776410374237578e+00,-4.612468234441288395e+00,-4.613516629065257391e+00,-4.615210041702465738e+00,-4.618177326756047307e+00,-4.623810748859686903e+00,-4.634489038001015082e+00,-4.651690964409056050e+00,-4.674314734862405452e+00,-4.700869738470692560e+00,-4.730672020838267322e+00,-4.763582606677591258e+00,-4.799740279550122501e+00,-4.839449518305158904e+00,-4.883144817626858369e+00,-4.931389649478727044e+00,-4.984895225842387312e+00,-5.044555680548588938e+00,-5.111502029164080696e+00,-5.187181862604388627e+00,-5.273477627055480177e+00,-5.372886021299158266e+00,-5.488798763174878914e+00,-5.625959779188022480e+00,-5.791474108637967966e+00,-5.925672836024972412e+00,-6.004730316133852774e+00,-6.057350984489137780e+00,-6.095333297766625691e+00,-6.124360607946615964e+00,-6.147354384880542533e+00,-6.165777731342495294e+00,-6.180786751482263419e+00,-6.194407916985340989e+00,-6.208879798263339467e+00,-6.225589456620508777e+00,-6.245143865279015216e+00,-6.267698990520503166e+00,-6.293068595229455831e+00,-6.320621174701137157e+00,-6.349064928002841057e+00,-6.375917784806117261e+00,-6.396471250771720740e+00,-6.406545171501201175e+00,-6.409142008629570952e+00,-6.408818675549948551e+00
-4.607934378505773587e+00,-4.607936006710106724e+00,-4.607962358528689961e+00,-4.608026724012446174e+00,-4.608151500355868180e+00,-4.608376988297172794e+00,-4.608782296648617383e+00,-4.609542077479837019e+00,-4.611107162257383152e+00,-4.614849052598346546e+00,-4.624457425804259891e+00,-4.642675315496527233e+00,-4.666640333922768669e+00,-4.694095923586582231e+00,-4.724440016740714121e+00,-4.757665388417111174e+00,-4.793994199062377781e+00,-4.833780755454715639e+00,-4.877491430023868091e+00,-4.925712978773675310e+00,-4.979177133417728385e+00,-5.038800292671918868e+00,-5.105742200852059653e+00,-5.181492028598781552e+00,-5.267996753544098354e+00,-5.367857986196521658e+00,-5.484644654650860041e+00,-5.623411898391986519e+00,-5.791609428679337590e+00,-5.931191473331668185e+00,-6.012011277244328156e+00,-6.065270627726486730e+00,-6.103470133461985192e+00,-6.132543072935508377e+00,-6.155590999621900927e+00,-6.174392917922792101e+00,-6.190379931225637122e+00,-6.205234649569516314e+00,-6.220630750636822803e+00,-6.237725754350490703e+00,-6.257094651411608588e+00,-6.278868124197037659e+00,-6.302792409862193246e+00,-6.328158782593842346e+00,-6.353625687512316489e+00,-6.376918459533769123e+00,-6.394824738222606442e+00,-6.405205862823377672e+00,-6.409467000495507882e+00,-6.410432406990078213e+00
-4.605634025655670705e+00,-4.605492094434854522e+00,-4.605348215222299757e+00,-4.605205488751486165e+00,-4.605069736640071909e+00,-4.604952384897049278e+00,-4.604877736502110075e+00,-4.604904806779424042e+00,-4.605212543965098604e+00,-4.606605270437634125e+00,-4.614346927382920072e+00,-4.634748329838102698e+00,-4.660253888622504448e+00,-4.688443380387788295e+00,-4.719135318578882909e+00,-4.752508204015453153e+00,-4.788867492547875138e+00,-4.828609742681717165e+00,-4.872226131014116390e+00,-4.920321034437432850e+00,-4.973642163268001681e+00,-5.033124403839389416e+00,-5.099953005215071222e+00,-5.175656064298415515e+00,-5.262243400419409411e+00,-5.362421948582961839e+00,-5.479943154389911086e+00,-5.620190294353132110e+00,-5.791230089590468033e+00,-5.936526151291074527e+00,-6.019225902773698067e+00,-6.073146039467894219e+00,-6.111578047486824872e+00,-6.140747949231682767e+00,-6.163947029883762418e+00,-6.183154491469457170e+00,-6.199887268889499481e+00,-6.215603212782526477e+00,-6.231625552330686268e+00,-6.248902517296134107e+00,-6.267931035323984545e+00,-6.288800538448296784e+00,-6.311216091847191123e+00,-6.334450565953587464e+00,-6.357241290019724822e+00,-6.377714197698877818e+00,-6.393702779129818659e+00,-6.403972959326102554e+00,-6.409247134236594867e+00,-6.411290523352461079e+00
-4.603618619416222302e+00,-4.603381159640919762e+00,-4.603128350565013349e+00,-4.602858754150357612e+00,-4.602570787308123634e+00,-4.602262744765091895e+00,-4.601932903074428260e+00,-4.601579922140304646e+00,-4.601204716973970932e+00,-4.600826356909681003e+00,-4.605002790690157610e+00,-4.629344942763424342e+00,-4.655738043282413585e+00,-4.684176106398504125e+00,-4.714898604306860364e+00,-4.748197134736824587e+00,-4.784419342770510397e+00,-4.823981505898430555e+00,-4.867386367700943239e+00,-4.915247457254233510e+00,-4.968322546450579580e+00,-5.027560520160376356e+00,-5.094168521432878016e+00,-5.169710684491962027e+00,-5.256257779050143242e+00,-5.356622186538757546e+00,-5.474742608192283200e+00,-5.616346197402926954e+00,-5.790159555181537243e+00,-5.941731027377779917e+00,-6.026440257050541760e+00,-6.081049601788748760e+00,-6.119732318320987297e+00,-6.149032867381601264e+00,-6.172415928058804901e+00,-6.191981623443659544e+00,-6.209258629565185039e+00,-6.225546245854795657e+00,-6.241935579296645109e+00,-6.259204692444895635e+00,-6.277763395723114925e+00,-6.297658708291891116e+00,-6.318579765782071256e+00,-6.339832849351356714e+00,-6.360308555074074555e+00,-6.378534841276144007e+00,-6.393024233530168132e+00,-6.402996074103205260e+00,-6.408845542767693360e+00,-6.411706323883450409e+00
