"Longitude (x)","Latitude (y)","Station Name","Climate ID","Date/Time (LST)","Year","Month","Day","Time (LST)","Temp (°C)","Temp Flag","Dew Point Temp (°C)","Dew Point Temp Flag","Rel Hum (%)","Rel Hum Flag","Precip. Amount (mm)","Precip. Amount Flag","Wind Dir (10s deg)","Wind Dir Flag","Wind Spd (km/h)","Wind Spd Flag","Visibility (km)","Visibility Flag","Stn Press (kPa)","Stn Press Flag","Hmdx","Hmdx Flag","Wind Chill","Wind Chill Flag","Weather"
"-104.60","52.82","MELFORT","4055079","2019-03-01 00:00","2019","03","01","00:00","-18.8","","-20.7","","85","","0.0","","1","","8","","","","95.96","","","","-25","","NA"
"-104.60","52.82","MELFORT","4055079","2019-03-01 01:00","2019","03","01","01:00","-18.8","","-20.6","","86","","0.0","","36","","6","","","","96.01","","","","-24","","NA"
"-104.60","52.82","MELFORT","4055079","2019-03-01 02:00","2019","03","01","02:00","-20.6","","-22.5","","85","","0.0","","4","","8","","","","96.06","","","","-27","","NA"
"-104.60","52.82","MELFORT","4055079","2019-03-01 03:00","2019","03","01","03:00","-21.7","","-23.7","","84","","0.0","","7","","7","","","","96.11","","","","-28","","NA"
"-104.60","52.82","MELFORT","4055079","2019-03-01 04:00","2019","03","01","04:00","-21.8","","-23.7","","84","","0.0","","3","","9","","","","96.14","","","","-29","","NA"
"-104.60","52.82","MELFORT","4055079","2019-03-01 05:00","2019","03","01","05:00","-21.6","","-23.6","","84","","0.0","","3","","11","","","","96.22","","","","-30","","NA"
"-104.60","52.82","MELFORT","4055079","2019-03-01 06:00","2019","03","01","06:00","-20.8","","-22.9","","83","","0.0","","3","","12","","","","96.32","","","","-29","","NA"
"-104.60","52.82","MELFORT","4055079","2019-03-01 07:00","2019","03","01","07:00","-21.5","","-23.8","","82","","0.0","","4","","14","","","","96.43","","","","-31","","NA"
"-104.60","52.82","MELFORT","4055079","2019-03-01 08:00","2019","03","01","08:00","-22.4","","-24.8","","81","","0.2","","4","","13","","","","96.51","","","","-31","","NA"
"-104.60","52.82","MELFORT","4055079","2019-03-01 09:00","2019","03","01","09:00","-22.4","","-24.8","","81","","0.0","","3","","10","","","","96.62","","","","-30","","NA"
"-104.60","52.82","MELFORT","4055079","2019-03-01 10:00","2019","03","01","10:00","-22.2","","-24.7","","80","","0.0","","2","","9","","","","96.75","","","","-29","","NA"
"-104.60","52.82","MELFORT","4055079","2019-03-01 11:00","2019","03","01","11:00","-22.1","","-24.9","","78","","0.0","","1","","11","","","","96.82","","","","-30","","NA"
"-104.60","52.82","MELFORT","4055079","2019-03-01 12:00","2019","03","01","12:00","-21.9","","-24.8","","77","","0.0","","3","","10","","","","96.89","","","","-29","","NA"
"-104.60","52.82","MELFORT","4055079","2019-03-01 13:00","2019","03","01","13:00","-21.7","","-24.9","","75","","0.0","","4","","9","","","","96.97","","","","-29","","NA"
"-104.60","52.82","MELFORT","4055079","2019-03-01 14:00","2019","03","01","14:00","-21.5","","-25.2","","72","","0.0","","4","","7","","","","96.97","","","","-27","","NA"
"-104.60","52.82","MELFORT","4055079","2019-03-01 15:00","2019","03","01","15:00","-20.8","","-24.9","","69","","0.0","","33","","7","","","","97.01","","","","-27","","NA"
"-104.60","52.82","MELFORT","4055079","2019-03-01 16:00","2019","03","01","16:00","-20.2","","-23.7","","74","","0.0","","31","","12","","","","97.03","","","","-28","","NA"
"-104.60","52.82","MELFORT","4055079","2019-03-01 17:00","2019","03","01","17:00","-20.7","","-24.3","","73","","0.0","","31","","15","","","","97.07","","","","-30","","NA"
"-104.60","52.82","MELFORT","4055079","2019-03-01 18:00","2019","03","01","18:00","-21.5","","-25.1","","73","","0.0","","31","","17","","","","97.11","","","","-32","","NA"
"-104.60","52.82","MELFORT","4055079","2019-03-01 19:00","2019","03","01","19:00","-22.6","","-26.4","","71","","0.0","","32","","17","","","","97.19","","","","-33","","NA"
"-104.60","52.82","MELFORT","4055079","2019-03-01 20:00","2019","03","01","20:00","-23.8","","-27.4","","72","","0.2","","32","","15","","","","97.25","","","","-34","","NA"
"-104.60","52.82","MELFORT","4055079","2019-03-01 21:00","2019","03","01","21:00","-24.6","","-27.9","","74","","0.0","","32","","13","","","","97.31","","","","-34","","NA"
"-104.60","52.82","MELFORT","4055079","2019-03-01 22:00","2019","03","01","22:00","-25.5","","-28.7","","74","","0.0","","32","","13","","","","97.35","","","","-35","","NA"
"-104.60","52.82","MELFORT","4055079","2019-03-01 23:00","2019","03","01","23:00","-25.8","","-28.9","","75","","0.0","","31","","10","","","","97.41","","","","-34","","NA"
"-104.60","52.82","MELFORT","4055079","2019-03-02 00:00","2019","03","02","00:00","-28.5","","-31.7","","74","","0.0","","28","","12","","","","97.45","","","","-38","","NA"
"-104.60","52.82","MELFORT","4055079","2019-03-02 01:00","2019","03","02","01:00","-28.3","","-31.4","","75","","0.0","","29","","12","","","","97.48","","","","-38","","NA"
"-104.60","52.82","MELFORT","4055079","2019-03-02 02:00","2019","03","02","02:00","-29.1","","-32.4","","73","","0.0","","28","","14","","","","97.50","","","","-40","","NA"
"-104.60","52.82","MELFORT","4055079","2019-03-02 03:00","2019","03","02","03:00","-28.8","","-32.0","","74","","0.0","","28","","18","","","","97.52","","","","-41","","NA"
"-104.60","52.82","MELFORT","4055079","2019-03-02 04:00","2019","03","02","04:00","-29.4","","-32.7","","73","","0.0","","28","","17","","","","97.54","","","","-41","","NA"
"-104.60","52.82","MELFORT","4055079","2019-03-02 05:00","2019","03","02","05:00","-30.2","","-33.5","","73","","0.0","","27","","16","","","","97.51","","","","-42","","NA"
"-104.60","52.82","MELFORT","4055079","2019-03-02 06:00","2019","03","02","06:00","-30.5","","-33.8","","72","","0.0","","27","","17","","","","97.53","","","","-43","","NA"
"-104.60","52.82","MELFORT","4055079","2019-03-02 07:00","2019","03","02","07:00","-30.3","","-33.5","","74","","0.0","","27","","17","","","","97.52","","","","-43","","NA"
"-104.60","52.82","MELFORT","4055079","2019-03-02 08:00","2019","03","02","08:00","-30.3","","-33.6","","73","","0.0","","27","","19","","","","97.46","","","","-43","","NA"
"-104.60","52.82","MELFORT","4055079","2019-03-02 09:00","2019","03","02","09:00","-30.0","","-33.4","","72","","0.0","","27","","21","","","","97.47","","","","-43","","NA"
"-104.60","52.82","MELFORT","4055079","2019-03-02 10:00","2019","03","02","10:00","-28.9","","-32.6","","70","","0.0","","27","","19","","","","97.46","","","","-41","","NA"
"-104.60","52.82","MELFORT","4055079","2019-03-02 11:00","2019","03","02","11:00","-27.8","","-31.7","","70","","0.0","","28","","24","","","","97.43","","","","-41","","NA"
"-104.60","52.82","MELFORT","4055079","2019-03-02 12:00","2019","03","02","12:00","-27.0","","-31.0","","69","","0.0","","28","","19","","","","97.39","","","","-39","","NA"
"-104.60","52.82","MELFORT","4055079","2019-03-02 13:00","2019","03","02","13:00","-26.2","","-30.4","","68","","0.0","","28","","22","","","","97.32","","","","-39","","NA"
"-104.60","52.82","MELFORT","4055079","2019-03-02 14:00","2019","03","02","14:00","-25.3","","-29.5","","68","","0.0","","28","","22","","","","97.26","","","","-38","","NA"
"-104.60","52.82","MELFORT","4055079","2019-03-02 15:00","2019","03","02","15:00","-24.3","","-28.8","","66","","0.0","","28","","23","","","","97.16","","","","-37","","NA"
"-104.60","52.82","MELFORT","4055079","2019-03-02 16:00","2019","03","02","16:00","-23.4","","-28.0","","66","","0.0","","29","","22","","","","97.15","","","","-35","","NA"
"-104.60","52.82","MELFORT","4055079","2019-03-02 17:00","2019","03","02","17:00","-22.6","","-27.2","","66","","0.0","","29","","23","","","","97.10","","","","-35","","NA"
"-104.60","52.82","MELFORT","4055079","2019-03-02 18:00","2019","03","02","18:00","-22.5","","-26.5","","69","","0.0","","28","","17","","","","97.07","","","","-33","","NA"
"-104.60","52.82","MELFORT","4055079","2019-03-02 19:00","2019","03","02","19:00","-22.8","","-26.8","","69","","0.0","","29","","18","","","","97.05","","","","-33","","NA"
"-104.60","52.82","MELFORT","4055079","2019-03-02 20:00","2019","03","02","20:00","-22.9","","-26.2","","74","","0.0","","30","","15","","","","97.08","","","","-33","","NA"
"-104.60","52.82","MELFORT","4055079","2019-03-02 21:00","2019","03","02","21:00","-23.2","","-26.2","","76","","0.0","","30","","14","","","","97.05","","","","-33","","NA"
"-104.60","52.82","MELFORT","4055079","2019-03-02 22:00","2019","03","02","22:00","-23.3","","-26.4","","76","","0.0","","29","","14","","","","97.03","","","","-33","","NA"
"-104.60","52.82","MELFORT","4055079","2019-03-02 23:00","2019","03","02","23:00","-23.4","","-26.3","","76","","0.0","","29","","15","","","","97.02","","","","-33","","NA"
"-104.60","52.82","MELFORT","4055079","2019-03-03 00:00","2019","03","03","00:00","-23.3","","-26.5","","75","","0.0","","28","","17","","","","96.99","","","","-34","","NA"
"-104.60","52.82","MELFORT","4055079","2019-03-03 01:00","2019","03","03","01:00","-23.6","","-27.0","","74","","0.0","","28","","16","","","","96.96","","","","-34","","NA"
"-104.60","52.82","MELFORT","4055079","2019-03-03 02:00","2019","03","03","02:00","-23.7","","-26.9","","75","","0.0","","27","","17","","","","96.93","","","","-34","","NA"
"-104.60","52.82","MELFORT","4055079","2019-03-03 03:00","2019","03","03","03:00","-24.2","","-27.5","","74","","0.0","","28","","19","","","","96.93","","","","-36","","NA"
"-104.60","52.82","MELFORT","4055079","2019-03-03 04:00","2019","03","03","04:00","-23.6","","-26.8","","75","","0.0","","28","","20","","","","96.85","","","","-35","","NA"
"-104.60","52.82","MELFORT","4055079","2019-03-03 05:00","2019","03","03","05:00","-22.1","","-24.8","","78","","0.0","","28","","21","","","","96.81","","","","-33","","NA"
"-104.60","52.82","MELFORT","4055079","2019-03-03 06:00","2019","03","03","06:00","-21.8","","-24.7","","77","","0.0","","29","","22","","","","96.79","","","","-33","","NA"
"-104.60","52.82","MELFORT","4055079","2019-03-03 07:00","2019","03","03","07:00","-21.1","","-23.7","","80","","0.0","","29","","22","","","","96.79","","","","-32","","NA"
"-104.60","52.82","MELFORT","4055079","2019-03-03 08:00","2019","03","03","08:00","-21.1","","-23.6","","81","","0.2","","30","","23","","","","96.77","","","","-33","","NA"
"-104.60","52.82","MELFORT","4055079","2019-03-03 09:00","2019","03","03","09:00","-20.9","","-23.4","","80","","0.0","","30","","23","","","","96.75","","","","-32","","NA"
"-104.60","52.82","MELFORT","4055079","2019-03-03 10:00","2019","03","03","10:00","-20.4","","-23.2","","78","","0.0","","30","","21","","","","96.72","","","","-31","","NA"
"-104.60","52.82","MELFORT","4055079","2019-03-03 11:00","2019","03","03","11:00","-19.6","","-22.9","","75","","0.0","","31","","25","","","","96.70","","","","-31","","NA"
"-104.60","52.82","MELFORT","4055079","2019-03-03 12:00","2019","03","03","12:00","-18.5","","-22.0","","74","","0.0","","31","","27","","","","96.68","","","","-30","","NA"
"-104.60","52.82","MELFORT","4055079","2019-03-03 13:00","2019","03","03","13:00","-17.8","","-21.2","","75","","0.0","","30","","23","","","","96.65","","","","-28","","NA"
"-104.60","52.82","MELFORT","4055079","2019-03-03 14:00","2019","03","03","14:00","-16.8","","-20.4","","74","","0.0","","30","","26","","","","96.58","","","","-28","","NA"
"-104.60","52.82","MELFORT","4055079","2019-03-03 15:00","2019","03","03","15:00","-16.1","","-20.5","","69","","0.0","","29","","22","","","","96.56","","","","-26","","NA"
"-104.60","52.82","MELFORT","4055079","2019-03-03 16:00","2019","03","03","16:00","-15.5","","-18.9","","75","","0.0","","29","","21","","","","96.54","","","","-25","","NA"
"-104.60","52.82","MELFORT","4055079","2019-03-03 17:00","2019","03","03","17:00","-14.9","","-17.7","","79","","0.0","","30","","22","","","","96.54","","","","-24","","NA"
"-104.60","52.82","MELFORT","4055079","2019-03-03 18:00","2019","03","03","18:00","-14.3","","-18.0","","74","","0.0","","32","","23","","","","96.50","","","","-24","","NA"
"-104.60","52.82","MELFORT","4055079","2019-03-03 19:00","2019","03","03","19:00","-15.0","","-19.1","","71","","0.0","","32","","20","","","","96.51","","","","-24","","NA"
"-104.60","52.82","MELFORT","4055079","2019-03-03 20:00","2019","03","03","20:00","-16.5","","-20.2","","73","","0.0","","30","","18","","","","96.50","","","","-26","","NA"
"-104.60","52.82","MELFORT","4055079","2019-03-03 21:00","2019","03","03","21:00","-17.9","","-21.4","","74","","0.0","","29","","14","","","","96.48","","","","-26","","NA"
"-104.60","52.82","MELFORT","4055079","2019-03-03 22:00","2019","03","03","22:00","-16.6","","-20.2","","73","","0.0","","30","","18","","","","96.43","","","","-26","","NA"
"-104.60","52.82","MELFORT","4055079","2019-03-03 23:00","2019","03","03","23:00","-17.3","","-20.8","","74","","0.0","","29","","17","","","","96.37","","","","-26","","NA"
"-104.60","52.82","MELFORT","4055079","2019-03-04 00:00","2019","03","04","00:00","-17.5","","-20.9","","74","","0.0","","28","","19","","","","96.32","","","","-27","","NA"
"-104.60","52.82","MELFORT","4055079","2019-03-04 01:00","2019","03","04","01:00","-15.8","","-19.4","","74","","0.0","","29","","20","","","","96.25","","","","-25","","NA"
"-104.60","52.82","MELFORT","4055079","2019-03-04 02:00","2019","03","04","02:00","-15.0","","-18.6","","74","","0.0","","28","","21","","","","96.23","","","","-24","","NA"
"-104.60","52.82","MELFORT","4055079","2019-03-04 03:00","2019","03","04","03:00","-14.5","","-18.7","","71","","0.0","","29","","25","","","","96.16","","","","-25","","NA"
"-104.60","52.82","MELFORT","4055079","2019-03-04 04:00","2019","03","04","04:00","-14.7","","-18.4","","74","","0.0","","28","","23","","","","96.05","","","","-24","","NA"
"-104.60","52.82","MELFORT","4055079","2019-03-04 05:00","2019","03","04","05:00","-14.5","","-18.2","","74","","0.0","","29","","26","","","","95.98","","","","-25","","NA"
"-104.60","52.82","MELFORT","4055079","2019-03-04 06:00","2019","03","04","06:00","-14.3","","-17.9","","74","","0.0","","29","","26","","","","95.96","","","","-24","","NA"
"-104.60","52.82","MELFORT","4055079","2019-03-04 07:00","2019","03","04","07:00","-14.3","","-18.2","","72","","0.0","","29","","25","","","","95.91","","","","-24","","NA"
"-104.60","52.82","MELFORT","4055079","2019-03-04 08:00","2019","03","04","08:00","-14.2","","-18.1","","72","","0.0","","30","","26","","","","95.86","","","","-24","","NA"
"-104.60","52.82","MELFORT","4055079","2019-03-04 09:00","2019","03","04","09:00","-13.7","","-18.0","","70","","0.0","","31","","25","","","","95.83","","","","-24","","NA"
"-104.60","52.82","MELFORT","4055079","2019-03-04 10:00","2019","03","04","10:00","-13.2","","-17.7","","69","","0.0","","31","","18","","","","95.85","","","","-21","","NA"
"-104.60","52.82","MELFORT","4055079","2019-03-04 11:00","2019","03","04","11:00","-12.1","","-17.2","","66","","0.0","","32","","26","","","","95.86","","","","-22","","NA"
"-104.60","52.82","MELFORT","4055079","2019-03-04 12:00","2019","03","04","12:00","-12.2","","-16.8","","69","","0.0","","30","","23","","","","95.87","","","","-21","","NA"
"-104.60","52.82","MELFORT","4055079","2019-03-04 13:00","2019","03","04","13:00","-11.6","","-16.4","","67","","0.0","","30","","22","","","","95.88","","","","-20","","NA"
"-104.60","52.82","MELFORT","4055079","2019-03-04 14:00","2019","03","04","14:00","-10.5","","-14.8","","71","","0.0","","30","","22","","","","95.81","","","","-19","","NA"
"-104.60","52.82","MELFORT","4055079","2019-03-04 15:00","2019","03","04","15:00","-9.3","","-15.0","","63","","0.0","","31","","26","","","","95.82","","","","-18","","NA"
"-104.60","52.82","MELFORT","4055079","2019-03-04 16:00","2019","03","04","16:00","-8.7","","-14.6","","62","","0.0","","31","","25","","","","95.84","","","","-17","","NA"
"-104.60","52.82","MELFORT","4055079","2019-03-04 17:00","2019","03","04","17:00","-8.6","","-14.8","","61","","0.0","","31","","23","","","","95.89","","","","-17","","NA"
"-104.60","52.82","MELFORT","4055079","2019-03-04 18:00","2019","03","04","18:00","-9.0","","-14.9","","62","","0.0","","31","","17","","","","95.96","","","","-16","","NA"
"-104.60","52.82","MELFORT","4055079","2019-03-04 19:00","2019","03","04","19:00","-11.1","","-16.0","","67","","0.0","","31","","12","","","","95.97","","","","-17","","NA"
"-104.60","52.82","MELFORT","4055079","2019-03-04 20:00","2019","03","04","20:00","-11.9","","-17.6","","63","","0.0","","33","","11","","","","96.05","","","","-18","","NA"
"-104.60","52.82","MELFORT","4055079","2019-03-04 21:00","2019","03","04","21:00","-12.2","","-17.8","","63","","0.0","","31","","16","","","","96.10","","","","-20","","NA"
"-104.60","52.82","MELFORT","4055079","2019-03-04 22:00","2019","03","04","22:00","-13.1","","-18.2","","65","","0.0","","31","","18","","","","96.16","","","","-21","","NA"
"-104.60","52.82","MELFORT","4055079","2019-03-04 23:00","2019","03","04","23:00","-14.0","","-19.4","","63","","0.0","","30","","14","","","","96.20","","","","-21","","NA"
"-104.60","52.82","MELFORT","4055079","2019-03-05 00:00","2019","03","05","00:00","-15.1","","-20.1","","66","","0.0","","28","","14","","","","96.23","","","","-23","","NA"
"-104.60","52.82","MELFORT","4055079","2019-03-05 01:00","2019","03","05","01:00","-14.7","","-19.8","","65","","0.0","","29","","14","","","","96.24","","","","-22","","NA"
"-104.60","52.82","MELFORT","4055079","2019-03-05 02:00","2019","03","05","02:00","-13.8","","-19.0","","64","","0.0","","30","","15","","","","96.27","","","","-21","","NA"
"-104.60","52.82","MELFORT","4055079","2019-03-05 03:00","2019","03","05","03:00","-13.8","","-18.7","","67","","0.0","","29","","16","","","","96.29","","","","-22","","NA"
"-104.60","52.82","MELFORT","4055079","2019-03-05 04:00","2019","03","05","04:00","-14.0","","-18.3","","70","","0.0","","29","","13","","","","96.26","","","","-21","","NA"
"-104.60","52.82","MELFORT","4055079","2019-03-05 05:00","2019","03","05","05:00","-12.8","","-17.2","","69","","0.0","","29","","12","","","","96.24","","","","-19","","NA"
"-104.60","52.82","MELFORT","4055079","2019-03-05 06:00","2019","03","05","06:00","-12.8","","-16.9","","71","","0.0","","28","","14","","","","96.21","","","","-20","","NA"
"-104.60","52.82","MELFORT","4055079","2019-03-05 07:00","2019","03","05","07:00","-12.5","","-16.6","","71","","0.0","","28","","15","","","","96.19","","","","-20","","NA"
"-104.60","52.82","MELFORT","4055079","2019-03-05 08:00","2019","03","05","08:00","-12.0","","-16.5","","69","","0.0","","29","","13","","","","96.17","","","","-19","","NA"
"-104.60","52.82","MELFORT","4055079","2019-03-05 09:00","2019","03","05","09:00","-12.3","","-17.6","","65","","0.0","","30","","13","","","","96.19","","","","-19","","NA"
"-104.60","52.82","MELFORT","4055079","2019-03-05 10:00","2019","03","05","10:00","-12.4","","-18.1","","62","","0.0","","29","","12","","","","96.19","","","","-19","","NA"
"-104.60","52.82","MELFORT","4055079","2019-03-05 11:00","2019","03","05","11:00","-12.2","","-17.4","","65","","0.0","","30","","15","","","","96.17","","","","-19","","NA"
"-104.60","52.82","MELFORT","4055079","2019-03-05 12:00","2019","03","05","12:00","-12.1","","-17.0","","67","","0.0","","31","","22","","","","96.16","","","","-21","","NA"
"-104.60","52.82","MELFORT","4055079","2019-03-05 13:00","2019","03","05","13:00","-11.5","","-16.9","","65","","0.0","","31","","19","","","","96.17","","","","-20","","NA"
"-104.60","52.82","MELFORT","4055079","2019-03-05 14:00","2019","03","05","14:00","-11.0","","-16.7","","63","","0.0","","31","","21","","","","96.16","","","","-19","","NA"
"-104.60","52.82","MELFORT","4055079","2019-03-05 15:00","2019","03","05","15:00","-10.6","","-16.6","","61","","0.0","","31","","21","","","","96.16","","","","-19","","NA"
"-104.60","52.82","MELFORT","4055079","2019-03-05 16:00","2019","03","05","16:00","-10.6","","-16.2","","63","","0.0","","31","","21","","","","96.20","","","","-19","","NA"
"-104.60","52.82","MELFORT","4055079","2019-03-05 17:00","2019","03","05","17:00","-11.8","","-16.8","","66","","0.0","","33","","23","","","","96.20","","","","-21","","NA"
"-104.60","52.82","MELFORT","4055079","2019-03-05 18:00","2019","03","05","18:00","-12.6","","-18.4","","62","","0.0","","34","","19","","","","96.29","","","","-21","","NA"
"-104.60","52.82","MELFORT","4055079","2019-03-05 19:00","2019","03","05","19:00","-13.2","","-18.2","","66","","0.0","","36","","16","","","","96.34","","","","-21","","NA"
"-104.60","52.82","MELFORT","4055079","2019-03-05 20:00","2019","03","05","20:00","-13.4","","-17.8","","69","","0.0","","2","","11","","","","96.39","","","","-20","","NA"
"-104.60","52.82","MELFORT","4055079","2019-03-05 21:00","2019","03","05","21:00","-13.4","","-17.7","","70","","0.0","","36","","15","","","","96.40","","","","-21","","NA"
"-104.60","52.82","MELFORT","4055079","2019-03-05 22:00","2019","03","05","22:00","-16.0","","-20.1","","71","","0.0","","36","","10","","","","96.51","","","","-22","","NA"
"-104.60","52.82","MELFORT","4055079","2019-03-05 23:00","2019","03","05","23:00","-18.0","","-21.2","","76","","0.0","","32","","9","","","","96.58","","","","-24","","NA"
"-104.60","52.82","MELFORT","4055079","2019-03-06 00:00","2019","03","06","00:00","-18.9","","-21.9","","77","","0.0","","31","","10","","","","96.61","","","","-26","","NA"
"-104.60","52.82","MELFORT","4055079","2019-03-06 01:00","2019","03","06","01:00","-20.7","","-23.8","","76","","0.0","","33","","9","","","","96.67","","","","-28","","NA"
"-104.60","52.82","MELFORT","4055079","2019-03-06 02:00","2019","03","06","02:00","-20.4","","-23.6","","76","","0.0","","31","","9","","","","96.72","","","","-27","","NA"
"-104.60","52.82","MELFORT","4055079","2019-03-06 03:00","2019","03","06","03:00","-19.2","","-22.3","","76","","0.0","","33","","11","","","","96.77","","","","-27","","NA"
"-104.60","52.82","MELFORT","4055079","2019-03-06 04:00","2019","03","06","04:00","-18.0","","-21.4","","75","","0.0","","30","","12","","","","96.83","","","","-26","","NA"
"-104.60","52.82","MELFORT","4055079","2019-03-06 05:00","2019","03","06","05:00","-17.5","","-20.7","","76","","0.0","","31","","12","","","","96.84","","","","-25","","NA"
"-104.60","52.82","MELFORT","4055079","2019-03-06 06:00","2019","03","06","06:00","-18.5","","-21.4","","78","","0.0","","31","","10","","","","96.87","","","","-25","","NA"
"-104.60","52.82","MELFORT","4055079","2019-03-06 07:00","2019","03","06","07:00","-19.2","","-21.7","","81","","0.0","","30","","10","","","","96.84","","","","-26","","NA"
"-104.60","52.82","MELFORT","4055079","2019-03-06 08:00","2019","03","06","08:00","-19.9","","-22.2","","82","","0.0","","32","","11","","","","96.83","","","","-28","","NA"
"-104.60","52.82","MELFORT","4055079","2019-03-06 09:00","2019","03","06","09:00","-19.4","","-22.2","","79","","0.0","","31","","8","","","","96.90","","","","-26","","NA"
"-104.60","52.82","MELFORT","4055079","2019-03-06 10:00","2019","03","06","10:00","-20.9","","-24.7","","71","","0.0","","26","","6","","","","96.98","","","","-26","","NA"
"-104.60","52.82","MELFORT","4055079","2019-03-06 11:00","2019","03","06","11:00","-18.3","","-21.8","","74","","0.0","","28","","9","","","","97.01","","","","-25","","NA"
"-104.60","52.82","MELFORT","4055079","2019-03-06 12:00","2019","03","06","12:00","-17.2","","-20.6","","75","","0.0","","31","","12","","","","96.98","","","","-25","","NA"
"-104.60","52.82","MELFORT","4055079","2019-03-06 13:00","2019","03","06","13:00","-15.7","","-19.4","","73","","0.0","","31","","8","","","","97.00","","","","-21","","NA"
"-104.60","52.82","MELFORT","4055079","2019-03-06 14:00","2019","03","06","14:00","-14.9","","-19.2","","70","","0.0","","25","","11","","","","96.99","","","","-21","","NA"
"-104.60","52.82","MELFORT","4055079","2019-03-06 15:00","2019","03","06","15:00","-14.7","","-19.0","","70","","0.0","","25","","14","","","","96.92","","","","-22","","NA"
"-104.60","52.82","MELFORT","4055079","2019-03-06 16:00","2019","03","06","16:00","-14.1","","-18.5","","69","","0.0","","25","","13","","","","96.92","","","","-21","","NA"
"-104.60","52.82","MELFORT","4055079","2019-03-06 17:00","2019","03","06","17:00","-13.7","","-18.6","","66","","0.0","","27","","11","","","","96.85","","","","-20","","NA"
"-104.60","52.82","MELFORT","4055079","2019-03-06 18:00","2019","03","06","18:00","-15.2","","-19.6","","69","","0.0","","26","","8","","","","96.82","","","","-21","","NA"
"-104.60","52.82","MELFORT","4055079","2019-03-06 19:00","2019","03","06","19:00","-15.9","","-19.2","","76","","0.0","","26","","4","","","","96.71","","","","-19","","NA"
"-104.60","52.82","MELFORT","4055079","2019-03-06 20:00","2019","03","06","20:00","-17.6","","-20.3","","80","","0.0","","22","","5","","","","96.68","","","","-22","","NA"
"-104.60","52.82","MELFORT","4055079","2019-03-06 21:00","2019","03","06","21:00","-21.7","","-24.0","","82","","0.0","","24","","11","","","","96.70","","","","-30","","NA"
"-104.60","52.82","MELFORT","4055079","2019-03-06 22:00","2019","03","06","22:00","-21.1","","-23.2","","83","","0.0","","21","","15","","","","96.68","","","","-30","","NA"
"-104.60","52.82","MELFORT","4055079","2019-03-06 23:00","2019","03","06","23:00","-21.9","","-24.1","","83","","0.0","","22","","11","","","","96.63","","","","-30","","NA"
"-104.60","52.82","MELFORT","4055079","2019-03-07 00:00","2019","03","07","00:00","-21.9","","-24.0","","83","","0.0","","22","","16","","","","96.58","","","","-32","","NA"
"-104.60","52.82","MELFORT","4055079","2019-03-07 01:00","2019","03","07","01:00","-20.3","","-21.9","","87","","0.0","","21","","15","","","","96.51","","","","-29","","NA"
"-104.60","52.82","MELFORT","4055079","2019-03-07 02:00","2019","03","07","02:00","-22.3","","-24.4","","83","","0.0","","19","","12","","","","96.45","","","","-31","","NA"
"-104.60","52.82","MELFORT","4055079","2019-03-07 03:00","2019","03","07","03:00","-23.1","","-25.2","","82","","0.0","","23","","14","","","","96.42","","","","-33","","NA"
"-104.60","52.82","MELFORT","4055079","2019-03-07 04:00","2019","03","07","04:00","-22.5","","-24.8","","81","","0.0","","20","","12","","","","96.34","","","","-31","","NA"
"-104.60","52.82","MELFORT","4055079","2019-03-07 05:00","2019","03","07","05:00","-22.3","","-24.6","","82","","0.0","","20","","10","","","","96.27","","","","-30","","NA"
"-104.60","52.82","MELFORT","4055079","2019-03-07 06:00","2019","03","07","06:00","-24.9","","-27.5","","79","","0.0","","17","","11","","","","96.20","","","","-34","","NA"
"-104.60","52.82","MELFORT","4055079","2019-03-07 07:00","2019","03","07","07:00","-24.9","","-27.4","","79","","0.0","","15","","10","","","","96.09","","","","-33","","NA"
"-104.60","52.82","MELFORT","4055079","2019-03-07 08:00","2019","03","07","08:00","-23.6","","-25.9","","81","","0.0","","19","","14","","","","96.09","","","","-33","","NA"
"-104.60","52.82","MELFORT","4055079","2019-03-07 09:00","2019","03","07","09:00","-23.7","","-26.2","","80","","0.0","","17","","7","","","","96.04","","","","-30","","NA"
"-104.60","52.82","MELFORT","4055079","2019-03-07 10:00","2019","03","07","10:00","-19.9","","-22.1","","83","","0.0","","16","","7","","","","95.96","","","","-26","","NA"
"-104.60","52.82","MELFORT","4055079","2019-03-07 11:00","2019","03","07","11:00","-16.9","","-19.1","","83","","0.0","","17","","11","","","","95.85","","","","-24","","NA"
"-104.60","52.82","MELFORT","4055079","2019-03-07 12:00","2019","03","07","12:00","-15.8","","-19.1","","76","","0.0","","15","","14","","","","95.80","","","","-24","","NA"
"-104.60","52.82","MELFORT","4055079","2019-03-07 13:00","2019","03","07","13:00","-13.7","","-18.6","","66","","0.0","","16","","12","","","","95.73","","","","-20","","NA"
"-104.60","52.82","MELFORT","4055079","2019-03-07 14:00","2019","03","07","14:00","-12.8","","-18.5","","63","","0.0","","17","","15","","","","95.61","","","","-20","","NA"
"-104.60","52.82","MELFORT","4055079","2019-03-07 15:00","2019","03","07","15:00","-12.1","","-17.9","","62","","0.0","","17","","14","","","","95.55","","","","-19","","NA"
"-104.60","52.82","MELFORT","4055079","2019-03-07 16:00","2019","03","07","16:00","-12.2","","-18.1","","61","","0.0","","14","","11","","","","95.51","","","","-18","","NA"
"-104.60","52.82","MELFORT","4055079","2019-03-07 17:00","2019","03","07","17:00","-12.2","","-17.4","","65","","0.0","","16","","17","","","","95.43","","","","-20","","NA"
"-104.60","52.82","MELFORT","4055079","2019-03-07 18:00","2019","03","07","18:00","-12.3","","-17.4","","66","","0.0","","17","","16","","","","95.39","","","","-20","","NA"
"-104.60","52.82","MELFORT","4055079","2019-03-07 19:00","2019","03","07","19:00","-13.6","","-17.4","","73","","0.0","","17","","10","","","","95.32","","","","-20","","NA"
"-104.60","52.82","MELFORT","4055079","2019-03-07 20:00","2019","03","07","20:00","-14.5","","-17.9","","75","","0.0","","17","","12","","","","95.29","","","","-21","","NA"
"-104.60","52.82","MELFORT","4055079","2019-03-07 21:00","2019","03","07","21:00","-15.6","","-18.5","","79","","0.0","","20","","13","","","","95.28","","","","-23","","NA"
"-104.60","52.82","MELFORT","4055079","2019-03-07 22:00","2019","03","07","22:00","-15.9","","-18.6","","80","","0.0","","16","","6","","","","95.26","","","","-20","","NA"
"-104.60","52.82","MELFORT","4055079","2019-03-07 23:00","2019","03","07","23:00","-16.8","","-19.2","","81","","0.0","","18","","11","","","","95.25","","","","-24","","NA"
"-104.60","52.82","MELFORT","4055079","2019-03-08 00:00","2019","03","08","00:00","-16.8","","-18.7","","85","","0.0","","18","","11","","","","95.23","","","","-24","","NA"
"-104.60","52.82","MELFORT","4055079","2019-03-08 01:00","2019","03","08","01:00","-17.3","","-19.4","","84","","0.0","","16","","14","","","","95.18","","","","-25","","NA"
"-104.60","52.82","MELFORT","4055079","2019-03-08 02:00","2019","03","08","02:00","-16.0","","-17.9","","85","","0.0","","16","","14","","","","95.12","","","","-24","","NA"
"-104.60","52.82","MELFORT","4055079","2019-03-08 03:00","2019","03","08","03:00","-13.2","","-15.2","","84","","0.0","","17","","12","","","","95.06","","","","-20","","NA"
"-104.60","52.82","MELFORT","4055079","2019-03-08 04:00","2019","03","08","04:00","-11.8","","-14.1","","83","","0.0","","18","","13","","","","95.03","","","","-18","","NA"
"-104.60","52.82","MELFORT","4055079","2019-03-08 05:00","2019","03","08","05:00","-11.5","","-13.8","","83","","0.0","","16","","14","","","","94.97","","","","-18","","NA"
"-104.60","52.82","MELFORT","4055079","2019-03-08 06:00","2019","03","08","06:00","-10.9","","-12.9","","85","","0.0","","15","","11","","","","94.93","","","","-17","","NA"
"-104.60","52.82","MELFORT","4055079","2019-03-08 07:00","2019","03","08","07:00","-11.1","","-13.2","","85","","0.0","","15","","9","","","","94.88","","","","-16","","NA"
"-104.60","52.82","MELFORT","4055079","2019-03-08 08:00","2019","03","08","08:00","-12.5","","-14.2","","87","","0.0","","15","","8","","","","94.84","","","","-17","","NA"
"-104.60","52.82","MELFORT","4055079","2019-03-08 09:00","2019","03","08","09:00","-12.5","","-14.4","","85","","0.0","","14","","11","","","","94.80","","","","-19","","NA"
"-104.60","52.82","MELFORT","4055079","2019-03-08 10:00","2019","03","08","10:00","-11.4","","-14.0","","81","","0.0","","17","","15","","","","94.79","","","","-18","","NA"
"-104.60","52.82","MELFORT","4055079","2019-03-08 11:00","2019","03","08","11:00","-9.7","","-13.3","","75","","0.0","","22","","16","","","","94.73","","","","-17","","NA"
"-104.60","52.82","MELFORT","4055079","2019-03-08 12:00","2019","03","08","12:00","-10.3","","-13.6","","77","","0.0","","23","","20","","","","94.81","","","","-18","","NA"
"-104.60","52.82","MELFORT","4055079","2019-03-08 13:00","2019","03","08","13:00","-9.5","","-13.1","","75","","0.0","","22","","17","","","","94.80","","","","-17","","NA"
"-104.60","52.82","MELFORT","4055079","2019-03-08 14:00","2019","03","08","14:00","-8.2","","-12.6","","71","","0.0","","24","","23","","","","94.79","","","","-16","","NA"
"-104.60","52.82","MELFORT","4055079","2019-03-08 15:00","2019","03","08","15:00","-8.5","","-13.4","","68","","0.0","","24","","22","","","","94.78","","","","-16","","NA"
"-104.60","52.82","MELFORT","4055079","2019-03-08 16:00","2019","03","08","16:00","-8.5","","-13.6","","67","","0.0","","22","","19","","","","94.76","","","","-16","","NA"
"-104.60","52.82","MELFORT","4055079","2019-03-08 17:00","2019","03","08","17:00","-9.3","","-14.1","","68","","0.0","","22","","19","","","","94.77","","","","-17","","NA"
"-104.60","52.82","MELFORT","4055079","2019-03-08 18:00","2019","03","08","18:00","-10.6","","-14.8","","71","","0.0","","23","","18","","","","94.79","","","","-18","","NA"
"-104.60","52.82","MELFORT","4055079","2019-03-08 19:00","2019","03","08","19:00","-12.0","","-15.5","","75","","0.0","","22","","15","","","","94.79","","","","-19","","NA"
"-104.60","52.82","MELFORT","4055079","2019-03-08 20:00","2019","03","08","20:00","-13.3","","-16.3","","78","","0.0","","22","","14","","","","94.79","","","","-21","","NA"
"-104.60","52.82","MELFORT","4055079","2019-03-08 21:00","2019","03","08","21:00","-15.0","","-17.3","","82","","0.0","","22","","14","","","","94.77","","","","-23","","NA"
"-104.60","52.82","MELFORT","4055079","2019-03-08 22:00","2019","03","08","22:00","-16.0","","-18.5","","81","","0.0","","22","","14","","","","94.73","","","","-24","","NA"
"-104.60","52.82","MELFORT","4055079","2019-03-08 23:00","2019","03","08","23:00","-16.1","","-18.2","","84","","0.0","","23","","11","","","","94.70","","","","-23","","NA"
"-104.60","52.82","MELFORT","4055079","2019-03-09 00:00","2019","03","09","00:00","-16.4","","-18.3","","85","","0.0","","22","","13","","","","94.66","","","","-24","","NA"
"-104.60","52.82","MELFORT","4055079","2019-03-09 01:00","2019","03","09","01:00","-13.6","","-15.8","","84","","0.0","","24","","13","","","","94.63","","","","-21","","NA"
"-104.60","52.82","MELFORT","4055079","2019-03-09 02:00","2019","03","09","02:00","-12.8","","-15.1","","83","","0.0","","24","","17","","","","94.64","","","","-21","","NA"
"-104.60","52.82","MELFORT","4055079","2019-03-09 03:00","2019","03","09","03:00","-12.8","","-15.1","","83","","0.0","","25","","20","","","","94.64","","","","-21","","NA"
"-104.60","52.82","MELFORT","4055079","2019-03-09 04:00","2019","03","09","04:00","-12.5","","-14.5","","85","","0.0","","25","","19","","","","94.66","","","","-21","","NA"
"-104.60","52.82","MELFORT","4055079","2019-03-09 05:00","2019","03","09","05:00","-11.8","","-13.4","","88","","0.0","","27","","21","","","","94.69","","","","-20","","NA"
"-104.60","52.82","MELFORT","4055079","2019-03-09 06:00","2019","03","09","06:00","-11.1","","-12.8","","88","","0.0","","27","","16","","","","94.74","","","","-18","","NA"
"-104.60","52.82","MELFORT","4055079","2019-03-09 07:00","2019","03","09","07:00","-12.0","","-14.3","","83","","0.0","","28","","16","","","","94.79","","","","-19","","NA"
"-104.60","52.82","MELFORT","4055079","2019-03-09 08:00","2019","03","09","08:00","-12.6","","-15.5","","79","","0.0","","27","","20","","","","94.85","","","","-21","","NA"
"-104.60","52.82","MELFORT","4055079","2019-03-09 09:00","2019","03","09","09:00","-12.6","","-16.2","","74","","0.0","","27","","17","","","","94.90","","","","-20","","NA"
"-104.60","52.82","MELFORT","4055079","2019-03-09 10:00","2019","03","09","10:00","-12.1","","-15.8","","73","","0.0","","27","","17","","","","94.98","","","","-20","","NA"
"-104.60","52.82","MELFORT","4055079","2019-03-09 11:00","2019","03","09","11:00","-11.2","","-15.1","","73","","0.0","","28","","20","","","","95.04","","","","-19","","NA"
"-104.60","52.82","MELFORT","4055079","2019-03-09 12:00","2019","03","09","12:00","-10.3","","-14.5","","71","","0.0","","29","","18","","","","95.08","","","","-18","","NA"
"-104.60","52.82","MELFORT","4055079","2019-03-09 13:00","2019","03","09","13:00","-9.2","","-14.0","","68","","0.0","","29","","17","","","","95.16","","","","-16","","NA"
"-104.60","52.82","MELFORT","4055079","2019-03-09 14:00","2019","03","09","14:00","-8.4","","-13.6","","66","","0.0","","29","","17","","","","95.17","","","","-15","","NA"
"-104.60","52.82","MELFORT","4055079","2019-03-09 15:00","2019","03","09","15:00","-8.0","","-13.1","","66","","0.0","","28","","19","","","","95.18","","","","-15","","NA"
"-104.60","52.82","MELFORT","4055079","2019-03-09 16:00","2019","03","09","16:00","-7.5","","-12.9","","65","","0.0","","29","","17","","","","95.23","","","","-14","","NA"
"-104.60","52.82","MELFORT","4055079","2019-03-09 17:00","2019","03","09","17:00","-7.2","","-13.2","","62","","0.0","","29","","16","","","","95.26","","","","-14","","NA"
"-104.60","52.82","MELFORT","4055079","2019-03-09 18:00","2019","03","09","18:00","-7.8","","-13.3","","65","","0.0","","29","","13","","","","95.32","","","","-14","","NA"
"-104.60","52.82","MELFORT","4055079","2019-03-09 19:00","2019","03","09","19:00","-9.9","","-14.1","","71","","0.0","","29","","15","","","","95.38","","","","-17","","NA"
"-104.60","52.82","MELFORT","4055079","2019-03-09 20:00","2019","03","09","20:00","-10.9","","-14.7","","74","","0.0","","28","","15","","","","95.44","","","","-18","","NA"
"-104.60","52.82","MELFORT","4055079","2019-03-09 21:00","2019","03","09","21:00","-12.1","","-16.0","","73","","0.0","","30","","9","","","","95.47","","","","-17","","NA"
"-104.60","52.82","MELFORT","4055079","2019-03-09 22:00","2019","03","09","22:00","-11.8","","-16.2","","70","","0.0","","32","","11","","","","95.52","","","","-18","","NA"
"-104.60","52.82","MELFORT","4055079","2019-03-09 23:00","2019","03","09","23:00","-12.6","","-16.2","","74","","0.0","","34","","3","","","","95.59","","","","-15","","NA"
"-104.60","52.82","MELFORT","4055079","2019-03-10 00:00","2019","03","10","00:00","-19.1","","-22.1","","77","","0.0","","24","","9","","","","95.67","","","","-26","","NA"
"-104.60","52.82","MELFORT","4055079","2019-03-10 01:00","2019","03","10","01:00","-18.7","","-20.9","","83","","0.0","","24","","12","","","","95.71","","","","-26","","NA"
"-104.60","52.82","MELFORT","4055079","2019-03-10 02:00","2019","03","10","02:00","-16.9","","-19.3","","81","","0.0","","27","","12","","","","95.78","","","","-24","","NA"
"-104.60","52.82","MELFORT","4055079","2019-03-10 03:00","2019","03","10","03:00","-15.6","","-18.4","","79","","0.0","","30","","10","","","","95.82","","","","-22","","NA"
"-104.60","52.82","MELFORT","4055079","2019-03-10 04:00","2019","03","10","04:00","-18.1","","-20.8","","79","","0.0","","31","","7","","","","95.85","","","","-23","","NA"
"-104.60","52.82","MELFORT","4055079","2019-03-10 05:00","2019","03","10","05:00","-17.5","","-19.3","","86","","0.0","","34","","6","","","","95.86","","","","-22","","NA"
"-104.60","52.82","MELFORT","4055079","2019-03-10 06:00","2019","03","10","06:00","-21.4","","-23.3","","84","","0.0","","29","","3","","","","95.91","","","","-24","","NA"
"-104.60","52.82","MELFORT","4055079","2019-03-10 07:00","2019","03","10","07:00","-22.1","","-24.2","","83","","0.0","","24","","7","","","","95.96","","","","-28","","NA"
"-104.60","52.82","MELFORT","4055079","2019-03-10 08:00","2019","03","10","08:00","-20.3","","-22.1","","86","","0.0","","25","","8","","","","96.00","","","","-27","","NA"
"-104.60","52.82","MELFORT","4055079","2019-03-10 09:00","2019","03","10","09:00","-19.8","","-21.6","","86","","0.0","","25","","8","","","","96.08","","","","-26","","NA"
"-104.60","52.82","MELFORT","4055079","2019-03-10 10:00","2019","03","10","10:00","-16.6","","-18.6","","85","","0.0","","31","","5","","","","96.14","","","","-20","","NA"
"-104.60","52.82","MELFORT","4055079","2019-03-10 11:00","2019","03","10","11:00","-17.3","","-19.8","","81","","0.0","","25","","4","","","","96.15","","","","-20","","NA"
"-104.60","52.82","MELFORT","4055079","2019-03-10 12:00","2019","03","10","12:00","-15.5","","-19.0","","74","","0.0","","19","","4","","","","96.18","","","","-18","","NA"
"-104.60","52.82","MELFORT","4055079","2019-03-10 13:00","2019","03","10","13:00","-13.2","","-18.6","","64","","0.0","","21","","4","","","","96.20","","","","-16","","NA"
"-104.60","52.82","MELFORT","4055079","2019-03-10 14:00","2019","03","10","14:00","-11.7","","-17.3","","63","","0.0","","20","","4","","","","96.18","","","","-14","","NA"
"-104.60","52.82","MELFORT","4055079","2019-03-10 15:00","2019","03","10","15:00","-10.0","","-16.7","","58","","0.0","","22","","4","","","","96.14","","","","-12","","NA"
"-104.60","52.82","MELFORT","4055079","2019-03-10 16:00","2019","03","10","16:00","-10.0","","-16.6","","59","","0.0","","23","","4","","","","96.13","","","","-12","","NA"
"-104.60","52.82","MELFORT","4055079","2019-03-10 17:00","2019","03","10","17:00","-10.1","","-16.7","","59","","0.0","","22","","5","","","","96.12","","","","-13","","NA"
"-104.60","52.82","MELFORT","4055079","2019-03-10 18:00","2019","03","10","18:00","-11.2","","-16.0","","67","","0.0","","23","","10","","","","96.10","","","","-17","","NA"
"-104.60","52.82","MELFORT","4055079","2019-03-10 19:00","2019","03","10","19:00","-13.3","","-16.8","","75","","0.0","","20","","16","","","","96.04","","","","-21","","NA"
"-104.60","52.82","MELFORT","4055079","2019-03-10 20:00","2019","03","10","20:00","-14.5","","-17.6","","77","","0.0","","20","","15","","","","95.99","","","","-22","","NA"
"-104.60","52.82","MELFORT","4055079","2019-03-10 21:00","2019","03","10","21:00","-14.6","","-17.4","","79","","0.0","","20","","16","","","","95.97","","","","-23","","NA"
"-104.60","52.82","MELFORT","4055079","2019-03-10 22:00","2019","03","10","22:00","-15.4","","-18.2","","79","","0.0","","21","","17","","","","95.94","","","","-24","","NA"
"-104.60","52.82","MELFORT","4055079","2019-03-10 23:00","2019","03","10","23:00","-15.4","","-17.7","","83","","0.0","","21","","17","","","","95.91","","","","-24","","NA"
"-104.60","52.82","MELFORT","4055079","2019-03-11 00:00","2019","03","11","00:00","-13.0","","-15.7","","80","","0.0","","20","","21","","","","95.80","","","","-22","","NA"
"-104.60","52.82","MELFORT","4055079","2019-03-11 01:00","2019","03","11","01:00","-14.5","","-16.9","","82","","0.0","","21","","19","","","","95.76","","","","-23","","NA"
"-104.60","52.82","MELFORT","4055079","2019-03-11 02:00","2019","03","11","02:00","-14.1","","-16.2","","84","","0.0","","22","","16","","","","95.73","","","","-22","","NA"
"-104.60","52.82","MELFORT","4055079","2019-03-11 03:00","2019","03","11","03:00","-12.5","","-14.8","","84","","0.0","","20","","17","","","","95.61","","","","-20","","NA"
"-104.60","52.82","MELFORT","4055079","2019-03-11 04:00","2019","03","11","04:00","-12.6","","-15.2","","81","","0.0","","20","","17","","","","95.54","","","","-20","","NA"
"-104.60","52.82","MELFORT","4055079","2019-03-11 05:00","2019","03","11","05:00","-12.7","","-15.3","","81","","0.0","","19","","28","","","","95.43","","","","-23","","NA"
"-104.60","52.82","MELFORT","4055079","2019-03-11 06:00","2019","03","11","06:00","-13.1","","-16.0","","79","","0.0","","20","","24","","","","95.42","","","","-23","","NA"
"-104.60","52.82","MELFORT","4055079","2019-03-11 07:00","2019","03","11","07:00","-13.8","","-16.5","","80","","0.0","","20","","22","","","","95.32","","","","-23","","NA"
"-104.60","52.82","MELFORT","4055079","2019-03-11 08:00","2019","03","11","08:00","-13.4","","-16.3","","79","","0.0","","20","","27","","","","95.23","","","","-23","","NA"
"-104.60","52.82","MELFORT","4055079","2019-03-11 09:00","2019","03","11","09:00","-12.7","","-16.0","","76","","0.0","","20","","24","","","","95.19","","","","-22","","NA"
"-104.60","52.82","MELFORT","4055079","2019-03-11 10:00","2019","03","11","10:00","-11.4","","-15.2","","74","","0.0","","20","","25","","","","95.11","","","","-21","","NA"
"-104.60","52.82","MELFORT","4055079","2019-03-11 11:00","2019","03","11","11:00","-10.2","","-14.3","","72","","0.0","","21","","20","","","","95.08","","","","-18","","NA"
"-104.60","52.82","MELFORT","4055079","2019-03-11 12:00","2019","03","11","12:00","-8.0","","-12.9","","68","","0.0","","21","","24","","","","94.95","","","","-16","","NA"
"-104.60","52.82","MELFORT","4055079","2019-03-11 13:00","2019","03","11","13:00","-7.1","","-11.7","","70","","0.0","","22","","17","","","","94.96","","","","-14","","NA"
"-104.60","52.82","MELFORT","4055079","2019-03-11 14:00","2019","03","11","14:00","-6.5","","-11.4","","68","","0.0","","23","","23","","","","94.91","","","","-14","","NA"
"-104.60","52.82","MELFORT","4055079","2019-03-11 15:00","2019","03","11","15:00","-5.7","","-11.1","","66","","0.0","","22","","22","","","","94.83","","","","-13","","NA"
"-104.60","52.82","MELFORT","4055079","2019-03-11 16:00","2019","03","11","16:00","-5.2","","-9.8","","70","","0.0","","21","","17","","","","94.76","","","","-11","","NA"
"-104.60","52.82","MELFORT","4055079","2019-03-11 17:00","2019","03","11","17:00","-5.0","","-9.6","","70","","0.0","","22","","18","","","","94.74","","","","-11","","NA"
"-104.60","52.82","MELFORT","4055079","2019-03-11 18:00","2019","03","11","18:00","-5.3","","-9.6","","72","","0.0","","20","","19","","","","94.65","","","","-12","","NA"
"-104.60","52.82","MELFORT","4055079","2019-03-11 19:00","2019","03","11","19:00","-5.8","","-9.3","","77","","0.0","","20","","17","","","","94.65","","","","-12","","NA"
"-104.60","52.82","MELFORT","4055079","2019-03-11 20:00","2019","03","11","20:00","-5.8","","-8.8","","79","","0.0","","20","","14","","","","94.63","","","","-11","","NA"
"-104.60","52.82","MELFORT","4055079","2019-03-11 21:00","2019","03","11","21:00","-4.9","","-7.9","","80","","0.0","","22","","17","","","","94.51","","","","-11","","NA"
"-104.60","52.82","MELFORT","4055079","2019-03-11 22:00","2019","03","11","22:00","-4.7","","-7.4","","81","","0.0","","19","","19","","","","94.43","","","","-11","","NA"
"-104.60","52.82","MELFORT","4055079","2019-03-11 23:00","2019","03","11","23:00","-4.4","","-7.1","","81","","0.0","","19","","13","","","","94.36","","","","-9","","NA"
"-104.60","52.82","MELFORT","4055079","2019-03-12 00:00","2019","03","12","00:00","-3.8","","-6.7","","81","","0.0","","21","","13","","","","94.25","","","","-9","","NA"
"-104.60","52.82","MELFORT","4055079","2019-03-12 01:00","2019","03","12","01:00","-4.1","","-6.8","","82","","0.0","","20","","12","","","","94.20","","","","-9","","NA"
"-104.60","52.82","MELFORT","4055079","2019-03-12 02:00","2019","03","12","02:00","-3.8","","-6.6","","81","","0.0","","16","","11","","","","94.12","","","","-8","","NA"
"-104.60","52.82","MELFORT","4055079","2019-03-12 03:00","2019","03","12","03:00","-3.9","","-6.5","","82","","0.0","","18","","15","","","","94.09","","","","-9","","NA"
"-104.60","52.82","MELFORT","4055079","2019-03-12 04:00","2019","03","12","04:00","-3.6","","-6.5","","81","","0.0","","17","","15","","","","93.98","","","","-9","","NA"
"-104.60","52.82","MELFORT","4055079","2019-03-12 05:00","2019","03","12","05:00","-4.0","","-6.5","","82","","0.0","","16","","12","","","","93.89","","","","-9","","NA"
"-104.60","52.82","MELFORT","4055079","2019-03-12 06:00","2019","03","12","06:00","-4.1","","-6.4","","84","","0.0","","17","","13","","","","93.90","","","","-9","","NA"
"-104.60","52.82","MELFORT","4055079","2019-03-12 07:00","2019","03","12","07:00","-4.8","","-7.0","","84","","0.0","","18","","14","","","","93.85","","","","-10","","NA"
"-104.60","52.82","MELFORT","4055079","2019-03-12 08:00","2019","03","12","08:00","-5.5","","-7.6","","85","","0.0","","20","","10","","","","93.84","","","","-10","","NA"
"-104.60","52.82","MELFORT","4055079","2019-03-12 09:00","2019","03","12","09:00","-5.7","","-7.8","","85","","0.0","","25","","11","","","","93.85","","","","-10","","NA"
"-104.60","52.82","MELFORT","4055079","2019-03-12 10:00","2019","03","12","10:00","-5.0","","-7.4","","83","","0.0","","23","","11","","","","93.83","","","","-10","","NA"
"-104.60","52.82","MELFORT","4055079","2019-03-12 11:00","2019","03","12","11:00","-4.0","","-7.1","","79","","0.0","","28","","13","","","","93.87","","","","-9","","NA"
"-104.60","52.82","MELFORT","4055079","2019-03-12 12:00","2019","03","12","12:00","-3.7","","-6.6","","81","","0.0","","24","","12","","","","93.90","","","","-8","","NA"
"-104.60","52.82","MELFORT","4055079","2019-03-12 13:00","2019","03","12","13:00","-2.7","","-6.0","","78","","0.0","","29","","13","","","","93.92","","","","-7","","NA"
"-104.60","52.82","MELFORT","4055079","2019-03-12 14:00","2019","03","12","14:00","-1.8","","-5.2","","78","","0.0","","26","","15","","","","93.93","","","","-7","","NA"
"-104.60","52.82","MELFORT","4055079","2019-03-12 15:00","2019","03","12","15:00","-0.8","","-5.1","","73","","0.0","","27","","16","","","","93.94","","","","-6","","NA"
"-104.60","52.82","MELFORT","4055079","2019-03-12 16:00","2019","03","12","16:00","-0.5","","-4.5","","74","","0.0","","27","","15","","","","93.96","","","","-5","","NA"
"-104.60","52.82","MELFORT","4055079","2019-03-12 17:00","2019","03","12","17:00","0.3","","-4.4","","71","","0.0","","28","","18","","","","94.01","","","","","","NA"
"-104.60","52.82","MELFORT","4055079","2019-03-12 18:00","2019","03","12","18:00","-0.2","","-4.0","","76","","0.0","","26","","13","","","","94.06","","","","-4","","NA"
"-104.60","52.82","MELFORT","4055079","2019-03-12 19:00","2019","03","12","19:00","-0.6","","-4.1","","77","","0.0","","27","","12","","","","94.10","","","","-5","","NA"
"-104.60","52.82","MELFORT","4055079","2019-03-12 20:00","2019","03","12","20:00","0.6","","-4.1","","71","","0.0","","27","","16","","","","94.14","","","","","","NA"
"-104.60","52.82","MELFORT","4055079","2019-03-12 21:00","2019","03","12","21:00","0.3","","-3.6","","75","","0.0","","27","","16","","","","94.22","","","","","","NA"
"-104.60","52.82","MELFORT","4055079","2019-03-12 22:00","2019","03","12","22:00","-0.3","","-4.0","","76","","0.0","","28","","13","","","","94.30","","","","-4","","NA"
"-104.60","52.82","MELFORT","4055079","2019-03-12 23:00","2019","03","12","23:00","-0.8","","-4.8","","74","","0.0","","29","","12","","","","94.39","","","","-5","","NA"
"-104.60","52.82","MELFORT","4055079","2019-03-13 00:00","2019","03","13","00:00","-1.1","","-6.0","","69","","0.0","","30","","10","","","","94.45","","","","-5","","NA"
"-104.60","52.82","MELFORT","4055079","2019-03-13 01:00","2019","03","13","01:00","-1.9","","-6.3","","72","","0.0","","29","","10","","","","94.51","","","","-6","","NA"
"-104.60","52.82","MELFORT","4055079","2019-03-13 02:00","2019","03","13","02:00","-2.3","","-6.4","","73","","0.0","","29","","11","","","","94.63","","","","-6","","NA"
"-104.60","52.82","MELFORT","4055079","2019-03-13 03:00","2019","03","13","03:00","-2.2","","-5.7","","77","","0.0","","29","","11","","","","94.72","","","","-6","","NA"
"-104.60","52.82","MELFORT","4055079","2019-03-13 04:00","2019","03","13","04:00","-2.2","","-5.4","","79","","0.0","","29","","9","","","","94.74","","","","-6","","NA"
"-104.60","52.82","MELFORT","4055079","2019-03-13 05:00","2019","03","13","05:00","-2.6","","-5.4","","81","","0.0","","29","","10","","","","94.86","","","","-6","","NA"
"-104.60","52.82","MELFORT","4055079","2019-03-13 06:00","2019","03","13","06:00","-2.4","","-5.0","","83","","0.0","","30","","10","","","","94.91","","","","-6","","NA"
"-104.60","52.82","MELFORT","4055079","2019-03-13 07:00","2019","03","13","07:00","-2.4","","-4.7","","84","","0.0","","30","","8","","","","95.06","","","","-6","","NA"
"-104.60","52.82","MELFORT","4055079","2019-03-13 08:00","2019","03","13","08:00","-3.9","","-5.7","","87","","0.0","","27","","7","","","","95.15","","","","-7","","NA"
"-104.60","52.82","MELFORT","4055079","2019-03-13 09:00","2019","03","13","09:00","-2.7","","-5.6","","81","","0.0","","29","","7","","","","95.23","","","","-6","","NA"
"-104.60","52.82","MELFORT","4055079","2019-03-13 10:00","2019","03","13","10:00","-3.6","","-6.5","","80","","0.0","","27","","8","","","","95.34","","","","-7","","NA"
"-104.60","52.82","MELFORT","4055079","2019-03-13 11:00","2019","03","13","11:00","-1.8","","-5.5","","76","","0.0","","27","","11","","","","95.44","","","","-6","","NA"
"-104.60","52.82","MELFORT","4055079","2019-03-13 12:00","2019","03","13","12:00","-1.5","","-4.9","","78","","0.0","","25","","10","","","","95.55","","","","-5","","NA"
"-104.60","52.82","MELFORT","4055079","2019-03-13 13:00","2019","03","13","13:00","-0.7","","-4.6","","74","","0.0","","27","","13","","","","95.62","","","","-5","","NA"
"-104.60","52.82","MELFORT","4055079","2019-03-13 14:00","2019","03","13","14:00","0.4","","-3.9","","73","","0.0","","28","","9","","","","95.66","","","","","","NA"
"-104.60","52.82","MELFORT","4055079","2019-03-13 15:00","2019","03","13","15:00","1.2","","-3.9","","69","","0.0","","29","","11","","","","95.70","","","","","","NA"
"-104.60","52.82","MELFORT","4055079","2019-03-13 16:00","2019","03","13","16:00","1.7","","-4.3","","64","","0.0","","27","","12","","","","95.74","","","","","","NA"
"-104.60","52.82","MELFORT","4055079","2019-03-13 17:00","2019","03","13","17:00","2.2","","-4.8","","60","","0.0","","28","","7","","","","95.77","","","","","","NA"
"-104.60","52.82","MELFORT","4055079","2019-03-13 18:00","2019","03","13","18:00","1.5","","-5.3","","60","","0.0","","29","","15","","","","95.79","","","","","","NA"
"-104.60","52.82","MELFORT","4055079","2019-03-13 19:00","2019","03","13","19:00","-0.2","","-6.1","","64","","0.0","","29","","15","","","","95.80","","","","-5","","NA"
"-104.60","52.82","MELFORT","4055079","2019-03-13 20:00","2019","03","13","20:00","-1.1","","-6.9","","65","","0.0","","28","","15","","","","95.86","","","","-6","","NA"
"-104.60","52.82","MELFORT","4055079","2019-03-13 21:00","2019","03","13","21:00","-2.5","","-7.6","","68","","0.0","","27","","13","","","","95.90","","","","-7","","NA"
"-104.60","52.82","MELFORT","4055079","2019-03-13 22:00","2019","03","13","22:00","-3.2","","-7.1","","74","","0.0","","28","","15","","","","95.97","","","","-8","","NA"
"-104.60","52.82","MELFORT","4055079","2019-03-13 23:00","2019","03","13","23:00","-3.6","","-8.2","","70","","0.0","","31","","12","","","","95.99","","","","-8","","NA"
"-104.60","52.82","MELFORT","4055079","2019-03-14 00:00","2019","03","14","00:00","-4.8","","-9.5","","70","","0.0","","31","","9","","","","96.04","","","","-9","","NA"
"-104.60","52.82","MELFORT","4055079","2019-03-14 01:00","2019","03","14","01:00","-7.4","","-10.7","","77","","0.0","","32","","6","","","","96.07","","","","-11","","NA"
"-104.60","52.82","MELFORT","4055079","2019-03-14 02:00","2019","03","14","02:00","-9.7","","-12.5","","80","","0.0","","27","","7","","","","96.14","","","","-14","","NA"
"-104.60","52.82","MELFORT","4055079","2019-03-14 03:00","2019","03","14","03:00","-8.4","","-10.6","","84","","0.0","","28","","9","","","","96.18","","","","-13","","NA"
"-104.60","52.82","MELFORT","4055079","2019-03-14 04:00","2019","03","14","04:00","-8.7","","-10.6","","86","","0.0","","29","","8","","","","96.17","","","","-13","","NA"
"-104.60","52.82","MELFORT","4055079","2019-03-14 05:00","2019","03","14","05:00","-9.7","","-11.7","","85","","0.0","","27","","7","","","","96.16","","","","-14","","NA"
"-104.60","52.82","MELFORT","4055079","2019-03-14 06:00","2019","03","14","06:00","-10.1","","-12.5","","83","","0.0","","26","","6","","","","96.16","","","","-14","","NA"
"-104.60","52.82","MELFORT","4055079","2019-03-14 07:00","2019","03","14","07:00","-10.7","","-12.1","","90","","0.0","","25","","8","","","","96.14","","","","-15","","NA"
"-104.60","52.82","MELFORT","4055079","2019-03-14 08:00","2019","03","14","08:00","-9.6","","-11.7","","85","","0.0","","25","","14","","","","96.10","","","","-16","","NA"
"-104.60","52.82","MELFORT","4055079","2019-03-14 09:00","2019","03","14","09:00","-7.4","","-11.3","","74","","0.0","","0","","1","","","","96.14","","","","-8","","NA"
"-104.60","52.82","MELFORT","4055079","2019-03-14 10:00","2019","03","14","10:00","-6.9","","-10.9","","73","","0.0","","25","","7","","","","96.14","","","","-10","","NA"
"-104.60","52.82","MELFORT","4055079","2019-03-14 11:00","2019","03","14","11:00","-5.7","","-9.3","","76","","0.0","","23","","12","","","","96.13","","","","-11","","NA"
"-104.60","52.82","MELFORT","4055079","2019-03-14 12:00","2019","03","14","12:00","-4.1","","-8.5","","72","","0.0","","25","","14","","","","96.11","","","","-9","","NA"
"-104.60","52.82","MELFORT","4055079","2019-03-14 13:00","2019","03","14","13:00","-2.8","","-7.6","","70","","0.0","","26","","19","","","","96.08","","","","-9","","NA"
"-104.60","52.82","MELFORT","4055079","2019-03-14 14:00","2019","03","14","14:00","-1.4","","-6.2","","69","","0.0","","28","","15","","","","96.04","","","","-6","","NA"
"-104.60","52.82","MELFORT","4055079","2019-03-14 15:00","2019","03","14","15:00","0.2","","-4.8","","69","","0.0","","28","","15","","","","96.01","","","","","","NA"
"-104.60","52.82","MELFORT","4055079","2019-03-14 16:00","2019","03","14","16:00","1.5","","-4.1","","66","","0.0","","29","","16","","","","96.03","","","","","","NA"
"-104.60","52.82","MELFORT","4055079","2019-03-14 17:00","2019","03","14","17:00","1.2","","-4.4","","66","","0.0","","31","","18","","","","96.06","","","","","","NA"
"-104.60","52.82","MELFORT","4055079","2019-03-14 18:00","2019","03","14","18:00","-0.2","","-6.5","","63","","0.0","","33","","11","","","","96.08","","","","-4","","NA"
"-104.60","52.82","MELFORT","4055079","2019-03-14 19:00","2019","03","14","19:00","-2.3","","-9.1","","60","","0.0","","35","","11","","","","96.13","","","","-6","","NA"
"-104.60","52.82","MELFORT","4055079","2019-03-14 20:00","2019","03","14","20:00","-3.1","","-8.9","","64","","0.0","","32","","11","","","","96.17","","","","-7","","NA"
"-104.60","52.82","MELFORT","4055079","2019-03-14 21:00","2019","03","14","21:00","-3.6","","-8.7","","67","","0.0","","32","","11","","","","96.22","","","","-8","","NA"
"-104.60","52.82","MELFORT","4055079","2019-03-14 22:00","2019","03","14","22:00","-5.5","","-10.6","","67","","0.0","","32","","9","","","","96.24","","","","-10","","NA"
"-104.60","52.82","MELFORT","4055079","2019-03-14 23:00","2019","03","14","23:00","-5.8","","-10.7","","68","","0.0","","32","","10","","","","96.28","","","","-10","","NA"
"-104.60","52.82","MELFORT","4055079","2019-03-15 00:00","2019","03","15","00:00","-6.5","","-11.3","","69","","0.0","","32","","11","","","","96.31","","","","-11","","NA"
"-104.60","52.82","MELFORT","4055079","2019-03-15 01:00","2019","03","15","01:00","-9.4","","-12.2","","80","","0.0","","30","","6","","","","96.31","","","","-13","","NA"
"-104.60","52.82","MELFORT","4055079","2019-03-15 02:00","2019","03","15","02:00","-9.1","","-11.8","","81","","0.0","","32","","5","","","","96.34","","","","-12","","NA"
"-104.60","52.82","MELFORT","4055079","2019-03-15 03:00","2019","03","15","03:00","-12.1","","-14.3","","84","","0.0","","32","","3","","","","96.34","","","","-14","","NA"
"-104.60","52.82","MELFORT","4055079","2019-03-15 04:00","2019","03","15","04:00","-12.9","","-14.4","","89","","0.0","","25","","5","","","","96.37","","","","-16","","NA"
"-104.60","52.82","MELFORT","4055079","2019-03-15 05:00","2019","03","15","05:00","-11.1","","-12.5","","90","","0.0","","9","","4","","","","96.39","","","","-14","","NA"
"-104.60","52.82","MELFORT","4055079","2019-03-15 06:00","2019","03","15","06:00","-12.0","","-13.1","","92","","0.0","","11","","3","","","","96.42","","","","-14","","NA"
"-104.60","52.82","MELFORT","4055079","2019-03-15 07:00","2019","03","15","07:00","-14.1","","-15.2","","92","","0.0","","10","","8","","","","96.41","","","","-19","","NA"
"-104.60","52.82","MELFORT","4055079","2019-03-15 08:00","2019","03","15","08:00","-15.3","","-16.7","","89","","0.0","","13","","9","","","","96.41","","","","-21","","NA"
"-104.60","52.82","MELFORT","4055079","2019-03-15 09:00","2019","03","15","09:00","-12.7","","-14.6","","86","","0.0","","14","","10","","","","96.42","","","","-18","","NA"
"-104.60","52.82","MELFORT","4055079","2019-03-15 10:00","2019","03","15","10:00","-10.1","","-13.7","","75","","0.0","","13","","9","","","","96.41","","","","-15","","NA"
"-104.60","52.82","MELFORT","4055079","2019-03-15 11:00","2019","03","15","11:00","-8.2","","-12.4","","71","","0.0","","16","","9","","","","96.41","","","","-13","","NA"
"-104.60","52.82","MELFORT","4055079","2019-03-15 12:00","2019","03","15","12:00","-5.8","","-11.2","","66","","0.0","","15","","9","","","","96.38","","","","-10","","NA"
"-104.60","52.82","MELFORT","4055079","2019-03-15 13:00","2019","03","15","13:00","-3.7","","-10.2","","61","","0.0","","16","","12","","","","96.36","","","","-8","","NA"
"-104.60","52.82","MELFORT","4055079","2019-03-15 14:00","2019","03","15","14:00","-3.0","","-9.8","","59","","0.0","","17","","15","","","","96.33","","","","-8","","NA"
"-104.60","52.82","MELFORT","4055079","2019-03-15 15:00","2019","03","15","15:00","-2.4","","-8.4","","64","","0.0","","18","","11","","","","96.30","","","","-6","","NA"
"-104.60","52.82","MELFORT","4055079","2019-03-15 16:00","2019","03","15","16:00","-3.1","","-8.7","","65","","0.0","","19","","15","","","","96.28","","","","-8","","NA"
"-104.60","52.82","MELFORT","4055079","2019-03-15 17:00","2019","03","15","17:00","-3.1","","-8.5","","66","","0.0","","20","","12","","","","96.26","","","","-8","","NA"
"-104.60","52.82","MELFORT","4055079","2019-03-15 18:00","2019","03","15","18:00","-4.8","","-9.0","","73","","0.0","","19","","13","","","","96.24","","","","-10","","NA"
"-104.60","52.82","MELFORT","4055079","2019-03-15 19:00","2019","03","15","19:00","-4.5","","-8.2","","75","","0.0","","19","","17","","","","96.19","","","","-10","","NA"
"-104.60","52.82","MELFORT","4055079","2019-03-15 20:00","2019","03","15","20:00","-4.8","","-7.7","","80","","0.0","","19","","14","","","","96.22","","","","-10","","NA"
"-104.60","52.82","MELFORT","4055079","2019-03-15 21:00","2019","03","15","21:00","-5.1","","-7.5","","83","","0.0","","20","","12","","","","96.20","","","","-10","","NA"
"-104.60","52.82","MELFORT","4055079","2019-03-15 22:00","2019","03","15","22:00","-4.6","","-7.0","","84","","0.0","","20","","14","","","","96.22","","","","-10","","NA"
"-104.60","52.82","MELFORT","4055079","2019-03-15 23:00","2019","03","15","23:00","-5.3","","-7.1","","87","","0.0","","22","","16","","","","96.17","","","","-11","","NA"
"-104.60","52.82","MELFORT","4055079","2019-03-16 00:00","2019","03","16","00:00","-6.5","","-8.4","","86","","0.0","","23","","15","","","","96.16","","","","-12","","NA"
"-104.60","52.82","MELFORT","4055079","2019-03-16 01:00","2019","03","16","01:00","-8.0","","-9.8","","87","","0.0","","24","","14","","","","96.17","","","","-14","","NA"
"-104.60","52.82","MELFORT","4055079","2019-03-16 02:00","2019","03","16","02:00","-7.4","","-9.2","","87","","0.0","","25","","13","","","","96.20","","","","-13","","NA"
"-104.60","52.82","MELFORT","4055079","2019-03-16 03:00","2019","03","16","03:00","-7.7","","-9.5","","87","","0.0","","25","","13","","","","96.22","","","","-13","","NA"
"-104.60","52.82","MELFORT","4055079","2019-03-16 04:00","2019","03","16","04:00","-7.0","","-8.9","","86","","0.0","","25","","13","","","","96.23","","","","-13","","NA"
"-104.60","52.82","MELFORT","4055079","2019-03-16 05:00","2019","03","16","05:00","-8.5","","-10.6","","85","","0.0","","23","","12","","","","96.23","","","","-14","","NA"
"-104.60","52.82","MELFORT","4055079","2019-03-16 06:00","2019","03","16","06:00","-8.5","","-10.7","","84","","0.0","","24","","15","","","","96.28","","","","-15","","NA"
"-104.60","52.82","MELFORT","4055079","2019-03-16 07:00","2019","03","16","07:00","-9.4","","-12.1","","80","","0.0","","23","","14","","","","96.28","","","","-16","","NA"
"-104.60","52.82","MELFORT","4055079","2019-03-16 08:00","2019","03","16","08:00","-6.0","","-9.3","","78","","0.0","","26","","16","","","","96.31","","","","-12","","NA"
"-104.60","52.82","MELFORT","4055079","2019-03-16 09:00","2019","03","16","09:00","-5.3","","-9.2","","74","","0.0","","27","","19","","","","96.32","","","","-12","","NA"
"-104.60","52.82","MELFORT","4055079","2019-03-16 10:00","2019","03","16","10:00","-4.7","","-9.0","","72","","0.0","","26","","18","","","","96.36","","","","-11","","NA"
"-104.60","52.82","MELFORT","4055079","2019-03-16 11:00","2019","03","16","11:00","-3.5","","-8.3","","69","","0.0","","27","","16","","","","96.37","","","","-9","","NA"
"-104.60","52.82","MELFORT","4055079","2019-03-16 12:00","2019","03","16","12:00","-2.2","","-7.4","","68","","0.0","","27","","16","","","","96.37","","","","-7","","NA"
"-104.60","52.82","MELFORT","4055079","2019-03-16 13:00","2019","03","16","13:00","-1.2","","-6.6","","66","","0.0","","27","","16","","","","96.35","","","","-6","","NA"
"-104.60","52.82","MELFORT","4055079","2019-03-16 14:00","2019","03","16","14:00","-0.2","","-5.8","","66","","0.0","","26","","16","","","","96.30","","","","-5","","NA"
"-104.60","52.82","MELFORT","4055079","2019-03-16 15:00","2019","03","16","15:00","1.0","","-5.5","","62","","0.0","","26","","16","","","","96.27","","","","","","NA"
"-104.60","52.82","MELFORT","4055079","2019-03-16 16:00","2019","03","16","16:00","0.8","","-5.6","","62","","0.0","","26","","15","","","","96.27","","","","","","NA"
"-104.60","52.82","MELFORT","4055079","2019-03-16 17:00","2019","03","16","17:00","1.3","","-5.6","","60","","0.0","","29","","11","","","","96.31","","","","","","NA"
"-104.60","52.82","MELFORT","4055079","2019-03-16 18:00","2019","03","16","18:00","-0.7","","-6.1","","67","","0.0","","26","","10","","","","96.30","","","","-4","","NA"
"-104.60","52.82","MELFORT","4055079","2019-03-16 19:00","2019","03","16","19:00","-2.3","","-6.1","","75","","0.0","","25","","12","","","","96.29","","","","-7","","NA"
"-104.60","52.82","MELFORT","4055079","2019-03-16 20:00","2019","03","16","20:00","-3.3","","-6.9","","76","","0.0","","25","","11","","","","96.29","","","","-8","","NA"
"-104.60","52.82","MELFORT","4055079","2019-03-16 21:00","2019","03","16","21:00","-3.2","","-7.8","","71","","0.0","","26","","11","","","","96.33","","","","-7","","NA"
"-104.60","52.82","MELFORT","4055079","2019-03-16 22:00","2019","03","16","22:00","-3.9","","-8.9","","68","","0.0","","26","","13","","","","96.34","","","","-9","","NA"
"-104.60","52.82","MELFORT","4055079","2019-03-16 23:00","2019","03","16","23:00","-3.5","","-8.8","","67","","0.0","","26","","16","","","","96.38","","","","-9","","NA"
"-104.60","52.82","MELFORT","4055079","2019-03-17 00:00","2019","03","17","00:00","-4.1","","-8.9","","69","","0.0","","27","","17","","","","96.41","","","","-10","","NA"
"-104.60","52.82","MELFORT","4055079","2019-03-17 01:00","2019","03","17","01:00","-5.4","","-10.0","","70","","0.0","","27","","15","","","","96.43","","","","-11","","NA"
"-104.60","52.82","MELFORT","4055079","2019-03-17 02:00","2019","03","17","02:00","-5.6","","-10.3","","69","","0.0","","28","","18","","","","96.47","","","","-12","","NA"
"-104.60","52.82","MELFORT","4055079","2019-03-17 03:00","2019","03","17","03:00","-6.8","","-11.3","","70","","0.0","","28","","16","","","","96.52","","","","-13","","NA"
"-104.60","52.82","MELFORT","4055079","2019-03-17 04:00","2019","03","17","04:00","-7.1","","-10.8","","74","","0.0","","27","","18","","","","96.54","","","","-14","","NA"
"-104.60","52.82","MELFORT","4055079","2019-03-17 05:00","2019","03","17","05:00","-7.6","","-11.5","","73","","0.0","","27","","16","","","","96.57","","","","-14","","NA"
"-104.60","52.82","MELFORT","4055079","2019-03-17 06:00","2019","03","17","06:00","-7.2","","-11.4","","72","","0.0","","27","","15","","","","96.61","","","","-13","","NA"
"-104.60","52.82","MELFORT","4055079","2019-03-17 07:00","2019","03","17","07:00","-7.8","","-12.1","","71","","0.0","","28","","15","","","","96.67","","","","-14","","NA"
"-104.60","52.82","MELFORT","4055079","2019-03-17 08:00","2019","03","17","08:00","-8.5","","-12.8","","71","","0.0","","26","","15","","","","96.71","","","","-15","","NA"
"-104.60","52.82","MELFORT","4055079","2019-03-17 09:00","2019","03","17","09:00","-6.3","","-11.8","","65","","0.0","","27","","13","","","","96.75","","","","-12","","NA"
"-104.60","52.82","MELFORT","4055079","2019-03-17 10:00","2019","03","17","10:00","-5.5","","-11.4","","63","","0.0","","26","","12","","","","96.77","","","","-10","","NA"
"-104.60","52.82","MELFORT","4055079","2019-03-17 11:00","2019","03","17","11:00","-3.8","","-10.3","","60","","0.0","","22","","9","","","","96.80","","","","-8","","NA"
"-104.60","52.82","MELFORT","4055079","2019-03-17 12:00","2019","03","17","12:00","-1.5","","-8.3","","60","","0.0","","24","","10","","","","96.80","","","","-5","","NA"
"-104.60","52.82","MELFORT","4055079","2019-03-17 13:00","2019","03","17","13:00","0.0","","-7.5","","57","","0.0","","21","","10","","","","96.78","","","","-3","","NA"
"-104.60","52.82","MELFORT","4055079","2019-03-17 14:00","2019","03","17","14:00","1.0","","-6.2","","59","","0.0","","21","","10","","","","96.75","","","","","","NA"
"-104.60","52.82","MELFORT","4055079","2019-03-17 15:00","2019","03","17","15:00","1.0","","-5.6","","61","","0.0","","23","","17","","","","96.72","","","","","","NA"
"-104.60","52.82","MELFORT","4055079","2019-03-17 16:00","2019","03","17","16:00","1.1","","-6.0","","59","","0.0","","24","","20","","","","96.68","","","","","","NA"
"-104.60","52.82","MELFORT","4055079","2019-03-17 17:00","2019","03","17","17:00","0.9","","-5.9","","60","","0.0","","23","","16","","","","96.63","","","","","","NA"
"-104.60","52.82","MELFORT","4055079","2019-03-17 18:00","2019","03","17","18:00","0.3","","-5.2","","67","","0.0","","22","","19","","","","96.57","","","","","","NA"
"-104.60","52.82","MELFORT","4055079","2019-03-17 19:00","2019","03","17","19:00","-0.2","","-4.2","","75","","0.0","","22","","23","","","","96.50","","","","-6","","NA"
"-104.60","52.82","MELFORT","4055079","2019-03-17 20:00","2019","03","17","20:00","-1.3","","-4.5","","78","","0.0","","21","","22","","","","96.42","","","","-7","","NA"
"-104.60","52.82","MELFORT","4055079","2019-03-17 21:00","2019","03","17","21:00","-1.4","","-4.6","","79","","0.0","","21","","24","","","","96.34","","","","-8","","NA"
"-104.60","52.82","MELFORT","4055079","2019-03-17 22:00","2019","03","17","22:00","-1.1","","-4.6","","77","","0.0","","23","","28","","","","96.26","","","","-8","","NA"
"-104.60","52.82","MELFORT","4055079","2019-03-17 23:00","2019","03","17","23:00","-1.3","","-4.5","","79","","0.0","","23","","29","","","","96.17","","","","-8","","NA"
"-104.60","52.82","MELFORT","4055079","2019-03-18 00:00","2019","03","18","00:00","-2.1","","-4.8","","82","","0.0","","24","","24","","","","96.16","","","","-8","","NA"
"-104.60","52.82","MELFORT","4055079","2019-03-18 01:00","2019","03","18","01:00","-2.4","","-4.9","","83","","0.0","","24","","22","","","","96.14","","","","-9","","NA"
"-104.60","52.82","MELFORT","4055079","2019-03-18 02:00","2019","03","18","02:00","-1.5","","-3.8","","85","","0.0","","24","","20","","","","96.09","","","","-7","","NA"
"-104.60","52.82","MELFORT","4055079","2019-03-18 03:00","2019","03","18","03:00","-0.7","","-3.1","","84","","0.0","","24","","16","","","","96.03","","","","-5","","NA"
"-104.60","52.82","MELFORT","4055079","2019-03-18 04:00","2019","03","18","04:00","-1.2","","-3.5","","84","","0.0","","23","","15","","","","95.94","","","","-6","","NA"
"-104.60","52.82","MELFORT","4055079","2019-03-18 05:00","2019","03","18","05:00","-1.1","","-3.4","","84","","0.0","","24","","13","","","","95.87","","","","-5","","NA"
"-104.60","52.82","MELFORT","4055079","2019-03-18 06:00","2019","03","18","06:00","0.0","","-2.9","","81","","0.0","","26","","20","","","","95.85","","","","-5","","NA"
"-104.60","52.82","MELFORT","4055079","2019-03-18 07:00","2019","03","18","07:00","-0.7","","-3.5","","81","","0.0","","27","","18","","","","95.86","","","","-6","","NA"
"-104.60","52.82","MELFORT","4055079","2019-03-18 08:00","2019","03","18","08:00","-1.3","","-4.1","","81","","0.0","","28","","17","","","","95.83","","","","-6","","NA"
"-104.60","52.82","MELFORT","4055079","2019-03-18 09:00","2019","03","18","09:00","-0.9","","-3.5","","82","","0.0","","27","","15","","","","95.84","","","","-6","","NA"
"-104.60","52.82","MELFORT","4055079","2019-03-18 10:00","2019","03","18","10:00","0.2","","-3.4","","77","","0.0","","31","","15","","","","95.93","","","","","","NA"
"-104.60","52.82","MELFORT","4055079","2019-03-18 11:00","2019","03","18","11:00","0.4","","-3.3","","77","","0.0","","31","","15","","","","95.97","","","","","","NA"
"-104.60","52.82","MELFORT","4055079","2019-03-18 12:00","2019","03","18","12:00","1.5","","-2.8","","73","","0.0","","31","","18","","","","96.02","","","","","","NA"
"-104.60","52.82","MELFORT","4055079","2019-03-18 13:00","2019","03","18","13:00","2.5","","-2.4","","70","","0.0","","30","","12","","","","96.02","","","","","","NA"
"-104.60","52.82","MELFORT","4055079","2019-03-18 14:00","2019","03","18","14:00","3.4","","-2.5","","65","","0.0","","29","","14","","","","96.04","","","","","","NA"
"-104.60","52.82","MELFORT","4055079","2019-03-18 15:00","2019","03","18","15:00","3.8","","-2.4","","64","","0.0","","30","","20","","","","96.05","","","","","","NA"
"-104.60","52.82","MELFORT","4055079","2019-03-18 16:00","2019","03","18","16:00","3.9","","-2.5","","63","","0.0","","29","","14","","","","96.05","","","","","","NA"
"-104.60","52.82","MELFORT","4055079","2019-03-18 17:00","2019","03","18","17:00","3.9","","-2.3","","64","","0.0","","29","","15","","","","96.11","","","","","","NA"
"-104.60","52.82","MELFORT","4055079","2019-03-18 18:00","2019","03","18","18:00","3.8","","-2.3","","64","","0.0","","29","","14","","","","96.14","","","","","","NA"
"-104.60","52.82","MELFORT","4055079","2019-03-18 19:00","2019","03","18","19:00","2.8","","-2.4","","69","","0.0","","29","","14","","","","96.17","","","","","","NA"
"-104.60","52.82","MELFORT","4055079","2019-03-18 20:00","2019","03","18","20:00","2.2","","-2.5","","71","","0.0","","28","","15","","","","96.21","","","","","","NA"
"-104.60","52.82","MELFORT","4055079","2019-03-18 21:00","2019","03","18","21:00","1.0","","-3.1","","74","","0.0","","28","","12","","","","96.24","","","","","","NA"
"-104.60","52.82","MELFORT","4055079","2019-03-18 22:00","2019","03","18","22:00","0.6","","-3.5","","74","","0.0","","27","","14","","","","96.21","","","","","","NA"
"-104.60","52.82","MELFORT","4055079","2019-03-18 23:00","2019","03","18","23:00","0.4","","-3.9","","73","","0.0","","26","","13","","","","96.20","","","","","","NA"
"-104.60","52.82","MELFORT","4055079","2019-03-19 00:00","2019","03","19","00:00","-1.1","","-4.5","","78","","0.0","","25","","14","","","","96.21","","","","-6","","NA"
"-104.60","52.82","MELFORT","4055079","2019-03-19 01:00","2019","03","19","01:00","-4.6","","-7.2","","83","","0.0","","23","","12","","","","96.22","","","","-9","","NA"
"-104.60","52.82","MELFORT","4055079","2019-03-19 02:00","2019","03","19","02:00","-3.3","","-6.3","","80","","0.0","","23","","15","","","","96.14","","","","-8","","NA"
"-104.60","52.82","MELFORT","4055079","2019-03-19 03:00","2019","03","19","03:00","-3.1","","-5.9","","81","","0.0","","22","","16","","","","96.12","","","","-8","","NA"
"-104.60","52.82","MELFORT","4055079","2019-03-19 04:00","2019","03","19","04:00","-2.2","","-5.6","","78","","0.0","","22","","18","","","","96.06","","","","-8","","NA"
"-104.60","52.82","MELFORT","4055079","2019-03-19 05:00","2019","03","19","05:00","-1.5","","-5.1","","77","","0.0","","24","","24","","","","95.95","","","","-8","","NA"
"-104.60","52.82","MELFORT","4055079","2019-03-19 06:00","2019","03","19","06:00","-1.4","","-5.2","","75","","0.0","","23","","25","","","","95.89","","","","-8","","NA"
"-104.60","52.82","MELFORT","4055079","2019-03-19 07:00","2019","03","19","07:00","-1.3","","-4.9","","76","","0.0","","23","","22","","","","95.84","","","","-7","","NA"
"-104.60","52.82","MELFORT","4055079","2019-03-19 08:00","2019","03","19","08:00","-0.9","","-4.6","","76","","0.0","","24","","26","","","","95.79","","","","-7","","NA"
"-104.60","52.82","MELFORT","4055079","2019-03-19 09:00","2019","03","19","09:00","-0.2","","-3.9","","76","","0.0","","24","","20","","","","95.75","","","","-5","","NA"
"-104.60","52.82","MELFORT","4055079","2019-03-19 10:00","2019","03","19","10:00","2.2","","-2.6","","71","","0.0","","26","","25","","","","95.73","","","","","","NA"
"-104.60","52.82","MELFORT","4055079","2019-03-19 11:00","2019","03","19","11:00","2.5","","-2.4","","70","","0.0","","27","","22","","","","95.73","","","","","","NA"
"-104.60","52.82","MELFORT","4055079","2019-03-19 12:00","2019","03","19","12:00","3.0","","-2.2","","68","","0.0","","27","","19","","","","95.73","","","","","","NA"
"-104.60","52.82","MELFORT","4055079","2019-03-19 13:00","2019","03","19","13:00","3.5","","-2.0","","67","","0.0","","27","","18","","","","95.71","","","","","","NA"
"-104.60","52.82","MELFORT","4055079","2019-03-19 14:00","2019","03","19","14:00","4.1","","-1.8","","66","","0.0","","27","","18","","","","95.72","","","","","","NA"
"-104.60","52.82","MELFORT","4055079","2019-03-19 15:00","2019","03","19","15:00","3.9","","-1.5","","68","","0.0","","26","","23","","","","95.71","","","","","","NA"
"-104.60","52.82","MELFORT","4055079","2019-03-19 16:00","2019","03","19","16:00","4.2","","-1.3","","67","","0.0","","27","","18","","","","95.71","","","","","","NA"
"-104.60","52.82","MELFORT","4055079","2019-03-19 17:00","2019","03","19","17:00","4.1","","-1.2","","68","","0.0","","27","","17","","","","95.73","","","","","","NA"
"-104.60","52.82","MELFORT","4055079","2019-03-19 18:00","2019","03","19","18:00","4.6","","-0.9","","68","","0.0","","27","","15","","","","95.75","","","","","","NA"
"-104.60","52.82","MELFORT","4055079","2019-03-19 19:00","2019","03","19","19:00","4.3","","-0.8","","70","","0.0","","27","","15","","","","95.80","","","","","","NA"
"-104.60","52.82","MELFORT","4055079","2019-03-19 20:00","2019","03","19","20:00","3.8","","-1.0","","71","","0.0","","28","","16","","","","95.84","","","","","","NA"
"-104.60","52.82","MELFORT","4055079","2019-03-19 21:00","2019","03","19","21:00","4.1","","-0.9","","70","","0.0","","28","","15","","","","95.89","","","","","","NA"
"-104.60","52.82","MELFORT","4055079","2019-03-19 22:00","2019","03","19","22:00","3.1","","-1.3","","72","","0.0","","29","","13","","","","95.95","","","","","","NA"
"-104.60","52.82","MELFORT","4055079","2019-03-19 23:00","2019","03","19","23:00","0.8","","-3.0","","76","","0.0","","28","","6","","","","96.01","","","","","","NA"
"-104.60","52.82","MELFORT","4055079","2019-03-20 00:00","2019","03","20","00:00","-0.1","","-2.8","","82","","0.0","","28","","9","","","","96.03","","","","-3","","NA"
"-104.60","52.82","MELFORT","4055079","2019-03-20 01:00","2019","03","20","01:00","1.5","","-1.6","","80","","0.0","","26","","12","","","","96.07","","","","","","NA"
"-104.60","52.82","MELFORT","4055079","2019-03-20 02:00","2019","03","20","02:00","0.9","","-2.8","","76","","0.0","","27","","8","","","","96.09","","","","","","NA"
"-104.60","52.82","MELFORT","4055079","2019-03-20 03:00","2019","03","20","03:00","-0.2","","-3.8","","77","","0.0","","25","","10","","","","96.10","","","","-4","","NA"
"-104.60","52.82","MELFORT","4055079","2019-03-20 04:00","2019","03","20","04:00","0.9","","-2.9","","76","","0.0","","27","","9","","","","96.11","","","","","","NA"
"-104.60","52.82","MELFORT","4055079","2019-03-20 05:00","2019","03","20","05:00","0.9","","-2.7","","77","","0.0","","27","","11","","","","96.15","","","","","","NA"
"-104.60","52.82","MELFORT","4055079","2019-03-20 06:00","2019","03","20","06:00","-2.6","","-5.3","","82","","0.0","","23","","10","","","","96.17","","","","-6","","NA"
"-104.60","52.82","MELFORT","4055079","2019-03-20 07:00","2019","03","20","07:00","-3.9","","-5.9","","86","","0.0","","20","","12","","","","96.20","","","","-9","","NA"
"-104.60","52.82","MELFORT","4055079","2019-03-20 08:00","2019","03","20","08:00","-2.9","","-5.1","","84","","0.0","","19","","15","","","","96.20","","","","-8","","NA"
"-104.60","52.82","MELFORT","4055079","2019-03-20 09:00","2019","03","20","09:00","0.7","","-2.7","","78","","0.0","","20","","14","","","","96.16","","","","","","NA"
"-104.60","52.82","MELFORT","4055079","2019-03-20 10:00","2019","03","20","10:00","2.3","","-2.2","","72","","0.0","","22","","13","","","","96.18","","","","","","NA"
"-104.60","52.82","MELFORT","4055079","2019-03-20 11:00","2019","03","20","11:00","3.8","","-1.6","","68","","0.0","","22","","20","","","","96.18","","","","","","NA"
"-104.60","52.82","MELFORT","4055079","2019-03-20 12:00","2019","03","20","12:00","3.8","","-1.7","","68","","0.0","","22","","20","","","","96.13","","","","","","NA"
"-104.60","52.82","MELFORT","4055079","2019-03-20 13:00","2019","03","20","13:00","3.6","","-1.7","","68","","0.0","","22","","15","","","","96.10","","","","","","NA"
"-104.60","52.82","MELFORT","4055079","2019-03-20 14:00","2019","03","20","14:00","4.8","","-1.1","","65","","0.0","","25","","17","","","","96.09","","","","","","NA"
"-104.60","52.82","MELFORT","4055079","2019-03-20 15:00","2019","03","20","15:00","4.4","","-1.3","","67","","0.0","","24","","21","","","","96.03","","","","","","NA"
"-104.60","52.82","MELFORT","4055079","2019-03-20 16:00","2019","03","20","16:00","4.9","","-1.2","","65","","0.0","","24","","20","","","","96.02","","","","","","NA"
"-104.60","52.82","MELFORT","4055079","2019-03-20 17:00","2019","03","20","17:00","4.5","","-1.2","","67","","0.0","","23","","21","","","","95.95","","","","","","NA"
"-104.60","52.82","MELFORT","4055079","2019-03-20 18:00","2019","03","20","18:00","4.1","","-0.9","","70","","0.0","","23","","22","","","","95.91","","","","","","NA"
"-104.60","52.82","MELFORT","4055079","2019-03-20 19:00","2019","03","20","19:00","3.6","","-0.8","","73","","0.0","","23","","19","","","","95.90","","","","","","NA"
"-104.60","52.82","MELFORT","4055079","2019-03-20 20:00","2019","03","20","20:00","2.2","","-1.1","","79","","0.0","","23","","19","","","","95.86","","","","","","NA"
"-104.60","52.82","MELFORT","4055079","2019-03-20 21:00","2019","03","20","21:00","2.3","","-1.2","","77","","0.0","","24","","21","","","","95.84","","","","","","NA"
"-104.60","52.82","MELFORT","4055079","2019-03-20 22:00","2019","03","20","22:00","3.1","","-1.1","","74","","0.0","","26","","14","","","","95.91","","","","","","NA"
"-104.60","52.82","MELFORT","4055079","2019-03-20 23:00","2019","03","20","23:00","1.4","","-1.9","","78","","0.0","","25","","15","","","","95.92","","","","","","NA"
"-104.60","52.82","MELFORT","4055079","2019-03-21 00:00","2019","03","21","00:00","3.4","","-1.4","","71","","0.0","","27","","18","","","","95.95","","","","","","NA"
"-104.60","52.82","MELFORT","4055079","2019-03-21 01:00","2019","03","21","01:00","3.2","","-1.5","","71","","0.0","","28","","14","","","","96.00","","","","","","NA"
"-104.60","52.82","MELFORT","4055079","2019-03-21 02:00","2019","03","21","02:00","1.7","","-2.4","","74","","0.0","","29","","9","","","","96.07","","","","","","NA"
"-104.60","52.82","MELFORT","4055079","2019-03-21 03:00","2019","03","21","03:00","0.2","","-3.6","","76","","0.0","","32","","6","","","","96.15","","","","","","NA"
"-104.60","52.82","MELFORT","4055079","2019-03-21 04:00","2019","03","21","04:00","-1.9","","-4.3","","84","","0.0","","33","","5","","","","96.20","","","","-4","","NA"
"-104.60","52.82","MELFORT","4055079","2019-03-21 05:00","2019","03","21","05:00","-2.0","","-3.8","","87","","0.0","","35","","3","","","","96.28","","","","-3","","NA"
"-104.60","52.82","MELFORT","4055079","2019-03-21 06:00","2019","03","21","06:00","-0.5","","-4.0","","77","","0.0","","2","","7","","","","96.34","","","","-3","","NA"
"-104.60","52.82","MELFORT","4055079","2019-03-21 07:00","2019","03","21","07:00","-4.5","","-7.7","","78","","0.0","","35","","3","","","","96.40","","","","-6","","NA"
"-104.60","52.82","MELFORT","4055079","2019-03-21 08:00","2019","03","21","08:00","-5.3","","-7.3","","86","","0.0","","25","","6","","","","96.46","","","","-8","","NA"
"-104.60","52.82","MELFORT","4055079","2019-03-21 09:00","2019","03","21","09:00","-2.9","","-5.3","","84","","0.0","","23","","9","","","","96.51","","","","-6","","NA"
"-104.60","52.82","MELFORT","4055079","2019-03-21 10:00","2019","03","21","10:00","1.9","","-5.1","","60","","0.0","","3","","1","","","","96.56","","","","","","NA"
"-104.60","52.82","MELFORT","4055079","2019-03-21 11:00","2019","03","21","11:00","3.3","","-4.2","","58","","0.0","","6","","7","","","","96.59","","","","","","NA"
"-104.60","52.82","MELFORT","4055079","2019-03-21 12:00","2019","03","21","12:00","3.7","","-4.3","","56","","0.0","","6","","6","","","","96.60","","","","","","NA"
"-104.60","52.82","MELFORT","4055079","2019-03-21 13:00","2019","03","21","13:00","4.7","","-3.8","","54","","0.0","","6","","3","","","","96.62","","","","","","NA"
"-104.60","52.82","MELFORT","4055079","2019-03-21 14:00","2019","03","21","14:00","5.2","","-4.4","","50","","0.0","","1","","3","","","","96.60","","","","","","NA"
"-104.60","52.82","MELFORT","4055079","2019-03-21 15:00","2019","03","21","15:00","7.6","","-4.5","","42","","0.0","","","","0","","","","96.59","","","","","","NA"
"-104.60","52.82","MELFORT","4055079","2019-03-21 16:00","2019","03","21","16:00","7.5","","-4.4","","43","","0.0","","0","","1","","","","96.60","","","","","","NA"
"-104.60","52.82","MELFORT","4055079","2019-03-21 17:00","2019","03","21","17:00","4.5","","-2.3","","61","","0.0","","25","","4","","","","96.60","","","","","","NA"
"-104.60","52.82","MELFORT","4055079","2019-03-21 18:00","2019","03","21","18:00","5.1","","-3.8","","52","","0.0","","10","","3","","","","96.57","","","","","","NA"
"-104.60","52.82","MELFORT","4055079","2019-03-21 19:00","2019","03","21","19:00","2.0","","-2.7","","71","","0.0","","18","","6","","","","96.54","","","","","","NA"
"-104.60","52.82","MELFORT","4055079","2019-03-21 20:00","2019","03","21","20:00","1.8","","-2.8","","71","","0.0","","17","","10","","","","96.48","","","","","","NA"
"-104.60","52.82","MELFORT","4055079","2019-03-21 21:00","2019","03","21","21:00","0.9","","-3.7","","71","","0.0","","16","","15","","","","96.47","","","","","","NA"
"-104.60","52.82","MELFORT","4055079","2019-03-21 22:00","2019","03","21","22:00","0.9","","-3.5","","72","","0.0","","19","","10","","","","96.44","","","","","","NA"
"-104.60","52.82","MELFORT","4055079","2019-03-21 23:00","2019","03","21","23:00","-2.1","","-5.6","","77","","0.0","","18","","13","","","","96.42","","","","-7","","NA"
"-104.60","52.82","MELFORT","4055079","2019-03-22 00:00","2019","03","22","00:00","-2.3","","-5.3","","80","","0.0","","16","","11","","","","96.40","","","","-6","","NA"
"-104.60","52.82","MELFORT","4055079","2019-03-22 01:00","2019","03","22","01:00","-3.9","","-6.2","","84","","0.0","","17","","10","","","","96.33","","","","-8","","NA"
"-104.60","52.82","MELFORT","4055079","2019-03-22 02:00","2019","03","22","02:00","-1.3","","-5.1","","75","","0.0","","19","","16","","","","96.34","","","","-6","","NA"
"-104.60","52.82","MELFORT","4055079","2019-03-22 03:00","2019","03","22","03:00","-1.9","","-5.6","","76","","0.0","","19","","15","","","","96.26","","","","-7","","NA"
"-104.60","52.82","MELFORT","4055079","2019-03-22 04:00","2019","03","22","04:00","-4.0","","-7.0","","80","","0.0","","17","","11","","","","96.22","","","","-8","","NA"
"-104.60","52.82","MELFORT","4055079","2019-03-22 05:00","2019","03","22","05:00","-4.6","","-7.0","","83","","0.0","","16","","13","","","","96.20","","","","-10","","NA"
"-104.60","52.82","MELFORT","4055079","2019-03-22 06:00","2019","03","22","06:00","-1.8","","-3.7","","87","","0.0","","19","","17","","","","96.10","","","","-7","","NA"
"-104.60","52.82","MELFORT","4055079","2019-03-22 07:00","2019","03","22","07:00","-2.0","","-5.0","","80","","0.0","","19","","17","","","","96.06","","","","-7","","NA"
"-104.60","52.82","MELFORT","4055079","2019-03-22 08:00","2019","03","22","08:00","-0.6","","-4.3","","76","","0.0","","18","","21","","","","95.97","","","","-6","","NA"
"-104.60","52.82","MELFORT","4055079","2019-03-22 09:00","2019","03","22","09:00","0.9","","-2.8","","76","","0.0","","19","","24","","","","95.90","","","","","","NA"
"-104.60","52.82","MELFORT","4055079","2019-03-22 10:00","2019","03","22","10:00","2.1","","-2.0","","74","","0.0","","20","","23","","","","95.88","","","","","","NA"
"-104.60","52.82","MELFORT","4055079","2019-03-22 11:00","2019","03","22","11:00","2.2","","-1.5","","76","","0.0","","19","","19","","","","95.82","","","","","","NA"
"-104.60","52.82","MELFORT","4055079","2019-03-22 12:00","2019","03","22","12:00","3.0","","-1.0","","75","","0.0","","19","","19","","","","95.78","","","","","","NA"
"-104.60","52.82","MELFORT","4055079","2019-03-22 13:00","2019","03","22","13:00","3.7","","-0.5","","74","","0.0","","19","","23","","","","95.73","","","","","","NA"
"-104.60","52.82","MELFORT","4055079","2019-03-22 14:00","2019","03","22","14:00","4.5","","-0.7","","69","","0.0","","20","","10","","","","95.71","","","","","","NA"
"-104.60","52.82","MELFORT","4055079","2019-03-22 15:00","2019","03","22","15:00","4.6","","-0.1","","72","","0.0","","19","","20","","","","95.62","","","","","","NA"
"-104.60","52.82","MELFORT","4055079","2019-03-22 16:00","2019","03","22","16:00","4.8","","-0.2","","70","","0.0","","19","","16","","","","95.61","","","","","","NA"
"-104.60","52.82","MELFORT","4055079","2019-03-22 17:00","2019","03","22","17:00","4.8","","0.1","","71","","0.0","","20","","17","","","","95.57","","","","","","NA"
"-104.60","52.82","MELFORT","4055079","2019-03-22 18:00","2019","03","22","18:00","4.5","","0.1","","73","","0.0","","19","","14","","","","95.51","","","","","","NA"
"-104.60","52.82","MELFORT","4055079","2019-03-22 19:00","2019","03","22","19:00","3.7","","0.5","","79","","0.0","","20","","15","","","","95.49","","","","","","NA"
"-104.60","52.82","MELFORT","4055079","2019-03-22 20:00","2019","03","22","20:00","2.9","","0.6","","85","","0.0","","20","","13","","","","95.44","","","","","","NA"
"-104.60","52.82","MELFORT","4055079","2019-03-22 21:00","2019","03","22","21:00","2.9","","0.6","","85","","0.0","","20","","16","","","","95.46","","","","","","NA"
"-104.60","52.82","MELFORT","4055079","2019-03-22 22:00","2019","03","22","22:00","2.5","","0.3","","86","","0.0","","21","","16","","","","95.46","","","","","","NA"
"-104.60","52.82","MELFORT","4055079","2019-03-22 23:00","2019","03","22","23:00","2.3","","0.3","","86","","0.0","","21","","15","","","","95.45","","","","","","NA"
"-104.60","52.82","MELFORT","4055079","2019-03-23 00:00","2019","03","23","00:00","2.5","","0.6","","87","","0.0","","21","","15","","","","95.46","","","","","","NA"
"-104.60","52.82","MELFORT","4055079","2019-03-23 01:00","2019","03","23","01:00","2.2","","0.6","","90","","0.0","","22","","18","","","","95.45","","","","","","NA"
"-104.60","52.82","MELFORT","4055079","2019-03-23 02:00","2019","03","23","02:00","1.2","","-0.2","","90","","0.0","","23","","13","","","","95.45","","","","","","NA"
"-104.60","52.82","MELFORT","4055079","2019-03-23 03:00","2019","03","23","03:00","0.2","","-0.9","","92","","0.0","","24","","13","","","","95.47","","","","","","NA"
"-104.60","52.82","MELFORT","4055079","2019-03-23 04:00","2019","03","23","04:00","-0.3","","-1.3","","93","","0.0","","22","","16","","","","95.45","","","","-5","","NA"
"-104.60","52.82","MELFORT","4055079","2019-03-23 05:00","2019","03","23","05:00","-1.9","","-2.8","","93","","0.0","","22","","12","","","","95.46","","","","-6","","NA"
"-104.60","52.82","MELFORT","4055079","2019-03-23 06:00","2019","03","23","06:00","-1.6","","-2.4","","94","","0.0","","22","","17","","","","95.49","","","","-7","","NA"
"-104.60","52.82","MELFORT","4055079","2019-03-23 07:00","2019","03","23","07:00","-2.2","","-2.9","","95","","0.0","","22","","9","","","","95.56","","","","-6","","NA"
"-104.60","52.82","MELFORT","4055079","2019-03-23 08:00","2019","03","23","08:00","-0.9","","-1.6","","95","","0.0","","26","","9","","","","95.60","","","","-4","","NA"
"-104.60","52.82","MELFORT","4055079","2019-03-23 09:00","2019","03","23","09:00","1.2","","-0.3","","90","","0.0","","31","","6","","","","95.64","","","","","","NA"
"-104.60","52.82","MELFORT","4055079","2019-03-23 10:00","2019","03","23","10:00","0.7","","-1.0","","88","","0.0","","1","","7","","","","95.72","","","","","","NA"
"-104.60","52.82","MELFORT","4055079","2019-03-23 11:00","2019","03","23","11:00","1.5","","-1.5","","80","","0.0","","7","","11","","","","95.83","","","","","","NA"
"-104.60","52.82","MELFORT","4055079","2019-03-23 12:00","2019","03","23","12:00","2.3","","-0.9","","79","","0.0","","4","","19","","","","95.93","","","","","","NA"
"-104.60","52.82","MELFORT","4055079","2019-03-23 13:00","2019","03","23","13:00","2.8","","-0.9","","77","","0.0","","5","","20","","","","96.02","","","","","","NA"
"-104.60","52.82","MELFORT","4055079","2019-03-23 14:00","2019","03","23","14:00","3.8","","-0.9","","71","","0.0","","4","","22","","","","96.09","","","","","","NA"
"-104.60","52.82","MELFORT","4055079","2019-03-23 15:00","2019","03","23","15:00","3.5","","-1.0","","72","","0.0","","6","","22","","","","96.20","","","","","","NA"
"-104.60","52.82","MELFORT","4055079","2019-03-23 16:00","2019","03","23","16:00","3.1","","-1.2","","73","","0.0","","5","","28","","","","96.28","","","","","","NA"
"-104.60","52.82","MELFORT","4055079","2019-03-23 17:00","2019","03","23","17:00","1.4","","-1.7","","80","","0.0","","6","","31","","","","96.40","","","","","","NA"
"-104.60","52.82","MELFORT","4055079","2019-03-23 18:00","2019","03","23","18:00","0.3","","-2.6","","81","","0.0","","5","","30","","","","96.52","","","","","","NA"
"-104.60","52.82","MELFORT","4055079","2019-03-23 19:00","2019","03","23","19:00","-0.4","","-2.7","","84","","0.0","","6","","26","","","","96.64","","","","-7","","NA"
"-104.60","52.82","MELFORT","4055079","2019-03-23 20:00","2019","03","23","20:00","-0.8","","-3.6","","81","","0.0","","6","","28","","","","96.74","","","","-7","","NA"
"-104.60","52.82","MELFORT","4055079","2019-03-23 21:00","2019","03","23","21:00","-1.7","","-4.3","","82","","0.0","","6","","26","","","","96.82","","","","-8","","NA"
"-104.60","52.82","MELFORT","4055079","2019-03-23 22:00","2019","03","23","22:00","-2.2","","-5.5","","78","","0.0","","6","","25","","","","96.91","","","","-9","","NA"
"-104.60","52.82","MELFORT","4055079","2019-03-23 23:00","2019","03","23","23:00","-3.1","","-6.7","","76","","0.0","","6","","24","","","","96.99","","","","-10","","NA"
"-104.60","52.82","MELFORT","4055079","2019-03-24 00:00","2019","03","24","00:00","-4.4","","-7.5","","79","","0.0","","6","","20","","","","97.06","","","","-11","","NA"
"-104.60","52.82","MELFORT","4055079","2019-03-24 01:00","2019","03","24","01:00","-5.5","","-8.1","","82","","0.0","","7","","17","","","","97.14","","","","-12","","NA"
"-104.60","52.82","MELFORT","4055079","2019-03-24 02:00","2019","03","24","02:00","-6.0","","-9.9","","74","","0.0","","10","","16","","","","97.19","","","","-12","","NA"
"-104.60","52.82","MELFORT","4055079","2019-03-24 03:00","2019","03","24","03:00","-7.1","","-11.1","","73","","0.0","","8","","14","","","","97.23","","","","-13","","NA"
"-104.60","52.82","MELFORT","4055079","2019-03-24 04:00","2019","03","24","04:00","-7.8","","-11.5","","75","","0.0","","8","","15","","","","97.22","","","","-14","","NA"
"-104.60","52.82","MELFORT","4055079","2019-03-24 05:00","2019","03","24","05:00","-8.6","","-11.7","","78","","0.0","","8","","12","","","","97.23","","","","-14","","NA"
"-104.60","52.82","MELFORT","4055079","2019-03-24 06:00","2019","03","24","06:00","-9.1","","-12.5","","76","","0.0","","8","","12","","","","97.27","","","","-15","","NA"
"-104.60","52.82","MELFORT","4055079","2019-03-24 07:00","2019","03","24","07:00","-10.0","","-13.5","","75","","0.0","","9","","12","","","","97.29","","","","-16","","NA"
"-104.60","52.82","MELFORT","4055079","2019-03-24 08:00","2019","03","24","08:00","-9.2","","-13.2","","72","","0.0","","10","","10","","","","97.35","","","","-14","","NA"
"-104.60","52.82","MELFORT","4055079","2019-03-24 09:00","2019","03","24","09:00","-8.5","","-12.9","","70","","0.0","","10","","12","","","","97.35","","","","-14","","NA"
"-104.60","52.82","MELFORT","4055079","2019-03-24 10:00","2019","03","24","10:00","-7.1","","-11.8","","69","","0.0","","10","","11","","","","97.34","","","","-12","","NA"
"-104.60","52.82","MELFORT","4055079","2019-03-24 11:00","2019","03","24","11:00","-6.0","","-12.4","","60","","0.0","","10","","6","","","","97.36","","","","-9","","NA"
"-104.60","52.82","MELFORT","4055079","2019-03-24 12:00","2019","03","24","12:00","-5.8","","-11.9","","62","","0.0","","8","","9","","","","97.34","","","","-10","","NA"
"-104.60","52.82","MELFORT","4055079","2019-03-24 13:00","2019","03","24","13:00","-5.2","","-11.1","","63","","0.0","","7","","11","","","","97.34","","","","-10","","NA"
"-104.60","52.82","MELFORT","4055079","2019-03-24 14:00","2019","03","24","14:00","-5.0","","-10.8","","64","","0.0","","6","","14","","","","97.31","","","","-10","","NA"
"-104.60","52.82","MELFORT","4055079","2019-03-24 15:00","2019","03","24","15:00","-5.1","","-10.8","","64","","0.0","","6","","12","","","","97.30","","","","-10","","NA"
"-104.60","52.82","MELFORT","4055079","2019-03-24 16:00","2019","03","24","16:00","-4.9","","-11.6","","59","","0.0","","6","","9","","","","97.32","","","","-9","","NA"
"-104.60","52.82","MELFORT","4055079","2019-03-24 17:00","2019","03","24","17:00","-4.8","","-11.4","","60","","0.0","","6","","9","","","","97.30","","","","-9","","NA"
"-104.60","52.82","MELFORT","4055079","2019-03-24 18:00","2019","03","24","18:00","-5.1","","-11.3","","62","","0.0","","7","","7","","","","97.28","","","","-8","","NA"
"-104.60","52.82","MELFORT","4055079","2019-03-24 19:00","2019","03","24","19:00","-5.7","","-11.3","","65","","0.0","","11","","4","","","","97.25","","","","-8","","NA"
"-104.60","52.82","MELFORT","4055079","2019-03-24 20:00","2019","03","24","20:00","-6.6","","-10.9","","72","","0.0","","8","","4","","","","97.23","","","","-9","","NA"
"-104.60","52.82","MELFORT","4055079","2019-03-24 21:00","2019","03","24","21:00","-7.7","","-10.7","","79","","0.0","","8","","6","","","","97.26","","","","-11","","NA"
"-104.60","52.82","MELFORT","4055079","2019-03-24 22:00","2019","03","24","22:00","-8.6","","-11.6","","79","","0.0","","12","","5","","","","97.24","","","","-11","","NA"
"-104.60","52.82","MELFORT","4055079","2019-03-24 23:00","2019","03","24","23:00","-8.8","","-11.5","","81","","0.0","","13","","5","","","","97.23","","","","-12","","NA"
"-104.60","52.82","MELFORT","4055079","2019-03-25 00:00","2019","03","25","00:00","-9.5","","-11.9","","82","","0.0","","16","","8","","","","97.18","","","","-14","","NA"
"-104.60","52.82","MELFORT","4055079","2019-03-25 01:00","2019","03","25","01:00","-8.9","","-11.4","","83","","0.0","","19","","7","","","","97.15","","","","-13","","NA"
"-104.60","52.82","MELFORT","4055079","2019-03-25 02:00","2019","03","25","02:00","-9.8","","-12.1","","83","","0.0","","18","","6","","","","97.14","","","","-13","","NA"
"-104.60","52.82","MELFORT","4055079","2019-03-25 03:00","2019","03","25","03:00","-10.5","","-12.5","","85","","0.0","","16","","7","","","","97.13","","","","-15","","NA"
"-104.60","52.82","MELFORT","4055079","2019-03-25 04:00","2019","03","25","04:00","-10.9","","-12.8","","86","","0.0","","18","","8","","","","97.08","","","","-16","","NA"
"-104.60","52.82","MELFORT","4055079","2019-03-25 05:00","2019","03","25","05:00","-10.7","","-13.0","","83","","0.0","","18","","10","","","","97.03","","","","-16","","NA"
"-104.60","52.82","MELFORT","4055079","2019-03-25 06:00","2019","03","25","06:00","-11.6","","-13.9","","83","","0.0","","18","","10","","","","96.98","","","","-17","","NA"
"-104.60","52.82","MELFORT","4055079","2019-03-25 07:00","2019","03","25","07:00","-11.8","","-13.8","","85","","0.0","","16","","10","","","","96.95","","","","-17","","NA"
"-104.60","52.82","MELFORT","4055079","2019-03-25 08:00","2019","03","25","08:00","-10.8","","-13.1","","83","","0.0","","18","","11","","","","96.96","","","","-17","","NA"
"-104.60","52.82","MELFORT","4055079","2019-03-25 09:00","2019","03","25","09:00","-8.1","","-10.8","","81","","0.0","","16","","10","","","","96.93","","","","-13","","NA"
"-104.60","52.82","MELFORT","4055079","2019-03-25 10:00","2019","03","25","10:00","-5.2","","-9.0","","75","","0.0","","17","","8","","","","96.89","","","","-9","","NA"
"-104.60","52.82","MELFORT","4055079","2019-03-25 11:00","2019","03","25","11:00","-3.5","","-8.6","","68","","0.0","","19","","11","","","","96.85","","","","-8","","NA"
"-104.60","52.82","MELFORT","4055079","2019-03-25 12:00","2019","03","25","12:00","-1.7","","-8.0","","62","","0.0","","19","","14","","","","96.79","","","","-6","","NA"
"-104.60","52.82","MELFORT","4055079","2019-03-25 13:00","2019","03","25","13:00","-0.7","","-7.6","","60","","0.0","","18","","13","","","","96.72","","","","-5","","NA"
"-104.60","52.82","MELFORT","4055079","2019-03-25 14:00","2019","03","25","14:00","-0.3","","-7.4","","59","","0.0","","21","","13","","","","96.64","","","","-4","","NA"
"-104.60","52.82","MELFORT","4055079","2019-03-25 15:00","2019","03","25","15:00","0.2","","-6.2","","62","","0.0","","20","","14","","","","96.57","","","","","","NA"
"-104.60","52.82","MELFORT","4055079","2019-03-25 16:00","2019","03","25","16:00","-0.3","","-6.8","","61","","0.0","","20","","14","","","","96.52","","","","-5","","NA"
"-104.60","52.82","MELFORT","4055079","2019-03-25 17:00","2019","03","25","17:00","0.6","","-6.2","","60","","0.0","","20","","15","","","","96.41","","","","","","NA"
"-104.60","52.82","MELFORT","4055079","2019-03-25 18:00","2019","03","25","18:00","0.2","","-4.7","","70","","0.0","","17","","8","","","","96.33","","","","","","NA"
"-104.60","52.82","MELFORT","4055079","2019-03-25 19:00","2019","03","25","19:00","-0.5","","-4.6","","73","","0.0","","17","","12","","","","96.25","","","","-4","","NA"
"-104.60","52.82","MELFORT","4055079","2019-03-25 20:00","2019","03","25","20:00","-1.6","","-4.9","","79","","0.0","","17","","11","","","","96.17","","","","-5","","NA"
"-104.60","52.82","MELFORT","4055079","2019-03-25 21:00","2019","03","25","21:00","-2.5","","-5.1","","82","","0.0","","16","","11","","","","96.09","","","","-7","","NA"
"-104.60","52.82","MELFORT","4055079","2019-03-25 22:00","2019","03","25","22:00","-2.1","","-4.9","","82","","0.0","","17","","9","","","","96.05","","","","-6","","NA"
"-104.60","52.82","MELFORT","4055079","2019-03-25 23:00","2019","03","25","23:00","-0.5","","-2.4","","87","","0.0","","20","","15","","","","95.99","","","","-5","","NA"
"-104.60","52.82","MELFORT","4055079","2019-03-26 00:00","2019","03","26","00:00","-0.2","","-1.7","","90","","0.0","","21","","16","","","","95.89","","","","-5","","NA"
"-104.60","52.82","MELFORT","4055079","2019-03-26 01:00","2019","03","26","01:00","-0.1","","-1.4","","91","","0.0","","21","","13","","","","95.85","","","","-4","","NA"
"-104.60","52.82","MELFORT","4055079","2019-03-26 02:00","2019","03","26","02:00","-0.2","","-1.4","","92","","0.0","","20","","11","","","","95.77","","","","-4","","NA"
"-104.60","52.82","MELFORT","4055079","2019-03-26 03:00","2019","03","26","03:00","0.2","","-1.0","","91","","0.0","","20","","11","","","","95.72","","","","","","NA"
"-104.60","52.82","MELFORT","4055079","2019-03-26 04:00","2019","03","26","04:00","0.3","","-0.9","","92","","0.0","","19","","10","","","","95.64","","","","","","NA"
"-104.60","52.82","MELFORT","4055079","2019-03-26 05:00","2019","03","26","05:00","0.6","","-0.5","","93","","0.0","","21","","10","","","","95.55","","","","","","NA"
"-104.60","52.82","MELFORT","4055079","2019-03-26 06:00","2019","03","26","06:00","0.4","","-0.7","","92","","0.0","","19","","9","","","","95.50","","","","","","NA"
"-104.60","52.82","MELFORT","4055079","2019-03-26 07:00","2019","03","26","07:00","-0.7","","-1.7","","93","","0.0","","15","","9","","","","95.41","","","","-4","","NA"
"-104.60","52.82","MELFORT","4055079","2019-03-26 08:00","2019","03","26","08:00","-0.4","","-1.3","","94","","0.0","","19","","8","","","","95.46","","","","-3","","NA"
"-104.60","52.82","MELFORT","4055079","2019-03-26 09:00","2019","03","26","09:00","0.5","","-0.7","","92","","0.0","","21","","9","","","","95.41","","","","","","NA"
"-104.60","52.82","MELFORT","4055079","2019-03-26 10:00","2019","03","26","10:00","1.8","","-0.3","","86","","0.0","","20","","8","","","","95.35","","","","","","NA"
"-104.60","52.82","MELFORT","4055079","2019-03-26 11:00","2019","03","26","11:00","1.9","","-0.1","","86","","0.0","","20","","12","","","","95.31","","","","","","NA"
"-104.60","52.82","MELFORT","4055079","2019-03-26 12:00","2019","03","26","12:00","1.7","","-0.1","","88","","0.0","","19","","13","","","","95.29","","","","","","NA"
"-104.60","52.82","MELFORT","4055079","2019-03-26 13:00","2019","03","26","13:00","2.0","","-0.1","","86","","0.0","","19","","12","","","","95.23","","","","","","NA"
"-104.60","52.82","MELFORT","4055079","2019-03-26 14:00","2019","03","26","14:00","2.4","","0.5","","87","","0.0","","18","","9","","","","95.17","","","","","","NA"
"-104.60","52.82","MELFORT","4055079","2019-03-26 15:00","2019","03","26","15:00","2.0","","0.4","","89","","0.0","","15","","12","","","","95.09","","","","","","NA"
"-104.60","52.82","MELFORT","4055079","2019-03-26 16:00","2019","03","26","16:00","2.0","","0.6","","91","","0.0","","16","","10","","","","95.06","","","","","","NA"
"-104.60","52.82","MELFORT","4055079","2019-03-26 17:00","2019","03","26","17:00","2.2","","0.9","","91","","0.0","","13","","7","","","","95.02","","","","","","NA"
"-104.60","52.82","MELFORT","4055079","2019-03-26 18:00","2019","03","26","18:00","2.2","","0.7","","90","","0.0","","12","","4","","","","94.99","","","","","","NA"
"-104.60","52.82","MELFORT","4055079","2019-03-26 19:00","2019","03","26","19:00","1.8","","0.4","","91","","0.0","","9","","5","","","","94.92","","","","","","NA"
"-104.60","52.82","MELFORT","4055079","2019-03-26 20:00","2019","03","26","20:00","1.5","","0.4","","92","","0.0","","6","","5","","","","94.91","","","","","","NA"
"-104.60","52.82","MELFORT","4055079","2019-03-26 21:00","2019","03","26","21:00","0.9","","0.0","","94","","0.0","","3","","8","","","","94.90","","","","","","NA"
"-104.60","52.82","MELFORT","4055079","2019-03-26 22:00","2019","03","26","22:00","0.8","","0.1","","95","","0.0","","3","","4","","","","94.88","","","","","","NA"
"-104.60","52.82","MELFORT","4055079","2019-03-26 23:00","2019","03","26","23:00","0.8","","0.0","","95","","0.0","","3","","8","","","","94.88","","","","","","NA"
"-104.60","52.82","MELFORT","4055079","2019-03-27 00:00","2019","03","27","00:00","0.5","","-0.1","","96","","0.0","","3","","10","","","","94.86","","","","","","NA"
"-104.60","52.82","MELFORT","4055079","2019-03-27 01:00","2019","03","27","01:00","0.3","","-0.3","","96","","0.0","","36","","5","","","","94.90","","","","","","NA"
"-104.60","52.82","MELFORT","4055079","2019-03-27 02:00","2019","03","27","02:00","0.3","","-0.2","","96","","0.0","","1","","10","","","","94.84","","","","","","NA"
"-104.60","52.82","MELFORT","4055079","2019-03-27 03:00","2019","03","27","03:00","0.5","","-0.1","","96","","0.0","","3","","15","","","","94.87","","","","","","NA"
"-104.60","52.82","MELFORT","4055079","2019-03-27 04:00","2019","03","27","04:00","0.5","","-0.2","","95","","0.0","","1","","14","","","","94.93","","","","","","NA"
"-104.60","52.82","MELFORT","4055079","2019-03-27 05:00","2019","03","27","05:00","0.1","","-0.5","","95","","0.3","","34","","17","","","","95.07","","","","","","NA"
"-104.60","52.82","MELFORT","4055079","2019-03-27 06:00","2019","03","27","06:00","0.2","","-0.4","","96","","0.2","","34","","15","","","","95.18","","","","","","NA"
"-104.60","52.82","MELFORT","4055079","2019-03-27 07:00","2019","03","27","07:00","0.0","","-0.6","","96","","0.0","","32","","14","","","","95.27","","","","-4","","NA"
"-104.60","52.82","MELFORT","4055079","2019-03-27 08:00","2019","03","27","08:00","0.3","","-0.5","","95","","0.6","","31","","15","","","","95.37","","","","","","NA"
"-104.60","52.82","MELFORT","4055079","2019-03-27 09:00","2019","03","27","09:00","0.5","","-0.4","","94","","0.3","","31","","14","","","","95.43","","","","","","NA"
"-104.60","52.82","MELFORT","4055079","2019-03-27 10:00","2019","03","27","10:00","0.8","","-0.3","","93","","0.0","","32","","17","","","","95.50","","","","","","NA"
"-104.60","52.82","MELFORT","4055079","2019-03-27 11:00","2019","03","27","11:00","0.9","","-0.4","","91","","0.0","","30","","17","","","","95.57","","","","","","NA"
"-104.60","52.82","MELFORT","4055079","2019-03-27 12:00","2019","03","27","12:00","1.4","","-1.1","","84","","0.0","","32","","22","","","","95.61","","","","","","NA"
"-104.60","52.82","MELFORT","4055079","2019-03-27 13:00","2019","03","27","13:00","1.5","","-1.5","","80","","0.0","","31","","23","","","","95.64","","","","","","NA"
"-104.60","52.82","MELFORT","4055079","2019-03-27 14:00","2019","03","27","14:00","1.5","","-2.9","","73","","0.0","","30","","23","","","","95.70","","","","","","NA"
"-104.60","52.82","MELFORT","4055079","2019-03-27 15:00","2019","03","27","15:00","2.2","","-2.7","","70","","0.0","","31","","20","","","","95.72","","","","","","NA"
"-104.60","52.82","MELFORT","4055079","2019-03-27 16:00","2019","03","27","16:00","1.8","","-3.2","","69","","0.0","","31","","20","","","","95.78","","","","","","NA"
"-104.60","52.82","MELFORT","4055079","2019-03-27 17:00","2019","03","27","17:00","1.6","","-3.1","","71","","0.0","","31","","18","","","","95.82","","","","","","NA"
"-104.60","52.82","MELFORT","4055079","2019-03-27 18:00","2019","03","27","18:00","1.5","","-3.2","","71","","0.0","","31","","18","","","","95.86","","","","","","NA"
"-104.60","52.82","MELFORT","4055079","2019-03-27 19:00","2019","03","27","19:00","1.1","","-3.4","","72","","0.0","","32","","20","","","","95.90","","","","","","NA"
"-104.60","52.82","MELFORT","4055079","2019-03-27 20:00","2019","03","27","20:00","0.6","","-3.3","","75","","0.0","","32","","17","","","","96.01","","","","","","NA"
"-104.60","52.82","MELFORT","4055079","2019-03-27 21:00","2019","03","27","21:00","-0.7","","-3.7","","80","","0.0","","31","","12","","","","96.09","","","","-5","","NA"
"-104.60","52.82","MELFORT","4055079","2019-03-27 22:00","2019","03","27","22:00","-1.3","","-4.4","","79","","0.0","","30","","12","","","","96.17","","","","-5","","NA"
"-104.60","52.82","MELFORT","4055079","2019-03-27 23:00","2019","03","27","23:00","-1.9","","-5.6","","76","","0.0","","34","","12","","","","96.25","","","","-6","","NA"
"-104.60","52.82","MELFORT","4055079","2019-03-28 00:00","2019","03","28","00:00","-2.5","","-6.5","","74","","0.0","","34","","8","","","","96.34","","","","-6","","NA"
"-104.60","52.82","MELFORT","4055079","2019-03-28 01:00","2019","03","28","01:00","-2.7","","-6.0","","78","","0.0","","33","","8","","","","96.39","","","","-6","","NA"
"-104.60","52.82","MELFORT","4055079","2019-03-28 02:00","2019","03","28","02:00","-2.6","","-6.3","","76","","0.0","","32","","9","","","","96.45","","","","-6","","NA"
"-104.60","52.82","MELFORT","4055079","2019-03-28 03:00","2019","03","28","03:00","-3.5","","-6.5","","80","","0.0","","32","","12","","","","96.46","","","","-8","","NA"
"-104.60","52.82","MELFORT","4055079","2019-03-28 04:00","2019","03","28","04:00","-3.6","","-7.0","","78","","0.0","","33","","12","","","","96.52","","","","-8","","NA"
"-104.60","52.82","MELFORT","4055079","2019-03-28 05:00","2019","03","28","05:00","-4.6","","-7.7","","79","","0.0","","35","","9","","","","96.58","","","","-8","","NA"
"-104.60","52.82","MELFORT","4055079","2019-03-28 06:00","2019","03","28","06:00","-4.7","","-8.2","","77","","0.0","","33","","6","","","","96.59","","","","-7","","NA"
"-104.60","52.82","MELFORT","4055079","2019-03-28 07:00","2019","03","28","07:00","-4.6","","-7.2","","82","","0.0","","31","","8","","","","96.68","","","","-8","","NA"
"-104.60","52.82","MELFORT","4055079","2019-03-28 08:00","2019","03","28","08:00","-4.1","","-7.5","","78","","0.0","","28","","6","","","","96.67","","","","-7","","NA"
"-104.60","52.82","MELFORT","4055079","2019-03-28 09:00","2019","03","28","09:00","-3.3","","-7.3","","74","","0.0","","27","","9","","","","96.66","","","","-7","","NA"
"-104.60","52.82","MELFORT","4055079","2019-03-28 10:00","2019","03","28","10:00","-2.4","","-8.3","","64","","0.0","","27","","14","","","","96.68","","","","-7","","NA"
"-104.60","52.82","MELFORT","4055079","2019-03-28 11:00","2019","03","28","11:00","-1.3","","-6.6","","67","","0.0","","27","","16","","","","96.65","","","","-6","","NA"
"-104.60","52.82","MELFORT","4055079","2019-03-28 12:00","2019","03","28","12:00","-0.4","","-6.4","","64","","0.0","","27","","19","","","","96.61","","","","-6","","NA"
"-104.60","52.82","MELFORT","4055079","2019-03-28 13:00","2019","03","28","13:00","0.6","","-5.3","","64","","0.0","","27","","19","","","","96.57","","","","","","NA"
"-104.60","52.82","MELFORT","4055079","2019-03-28 14:00","2019","03","28","14:00","2.0","","-5.3","","58","","0.0","","28","","16","","","","96.47","","","","","","NA"
"-104.60","52.82","MELFORT","4055079","2019-03-28 15:00","2019","03","28","15:00","2.5","","-4.9","","58","","0.0","","27","","24","","","","96.37","","","","","","NA"
"-104.60","52.82","MELFORT","4055079","2019-03-28 16:00","2019","03","28","16:00","2.3","","-4.1","","62","","0.0","","26","","17","","","","96.32","","","","","","NA"
"-104.60","52.82","MELFORT","4055079","2019-03-28 17:00","2019","03","28","17:00","2.9","","-3.3","","64","","0.0","","26","","20","","","","96.24","","","","","","NA"
"-104.60","52.82","MELFORT","4055079","2019-03-28 18:00","2019","03","28","18:00","2.2","","-2.5","","71","","0.0","","25","","14","","","","96.18","","","","","","NA"
"-104.60","52.82","MELFORT","4055079","2019-03-28 19:00","2019","03","28","19:00","2.1","","-2.0","","74","","0.0","","24","","14","","","","96.10","","","","","","NA"
"-104.60","52.82","MELFORT","4055079","2019-03-28 20:00","2019","03","28","20:00","1.4","","-2.1","","78","","0.0","","24","","15","","","","96.06","","","","","","NA"
"-104.60","52.82","MELFORT","4055079","2019-03-28 21:00","2019","03","28","21:00","2.3","","-1.5","","76","","0.0","","25","","22","","","","96.01","","","","","","NA"
"-104.60","52.82","MELFORT","4055079","2019-03-28 22:00","2019","03","28","22:00","2.2","","-1.6","","76","","0.0","","25","","23","","","","95.97","","","","","","NA"
"-104.60","52.82","MELFORT","4055079","2019-03-28 23:00","2019","03","28","23:00","2.4","","-1.5","","76","","0.0","","27","","22","","","","95.92","","","","","","NA"
"-104.60","52.82","MELFORT","4055079","2019-03-29 00:00","2019","03","29","00:00","2.0","","-1.4","","78","","0.0","","28","","16","","","","95.92","","","","","","NA"
"-104.60","52.82","MELFORT","4055079","2019-03-29 01:00","2019","03","29","01:00","1.5","","-1.4","","81","","0.0","","28","","15","","","","95.93","","","","","","NA"
"-104.60","52.82","MELFORT","4055079","2019-03-29 02:00","2019","03","29","02:00","0.4","","-0.7","","92","","0.0","","32","","11","","","","95.97","","","","","","NA"
"-104.60","52.82","MELFORT","4055079","2019-03-29 03:00","2019","03","29","03:00","0.9","","-1.8","","82","","0.0","","33","","18","","","","96.00","","","","","","NA"
"-104.60","52.82","MELFORT","4055079","2019-03-29 04:00","2019","03","29","04:00","0.1","","-3.4","","77","","0.0","","34","","15","","","","96.04","","","","","","NA"
"-104.60","52.82","MELFORT","4055079","2019-03-29 05:00","2019","03","29","05:00","-0.3","","-3.4","","80","","0.0","","35","","13","","","","96.07","","","","-4","","NA"
"-104.60","52.82","MELFORT","4055079","2019-03-29 06:00","2019","03","29","06:00","-0.4","","-5.0","","71","","0.0","","36","","20","","","","96.18","","","","-6","","NA"
"-104.60","52.82","MELFORT","4055079","2019-03-29 07:00","2019","03","29","07:00","-1.0","","-4.3","","78","","0.0","","35","","14","","","","96.25","","","","-5","","NA"
"-104.60","52.82","MELFORT","4055079","2019-03-29 08:00","2019","03","29","08:00","-1.3","","-4.3","","80","","0.0","","35","","18","","","","96.35","","","","-7","","NA"
"-104.60","52.82","MELFORT","4055079","2019-03-29 09:00","2019","03","29","09:00","-1.5","","-7.1","","66","","0.0","","1","","18","","","","96.46","","","","-7","","NA"
"-104.60","52.82","MELFORT","4055079","2019-03-29 10:00","2019","03","29","10:00","-1.7","","-6.8","","68","","0.0","","3","","17","","","","96.54","","","","-7","","NA"
"-104.60","52.82","MELFORT","4055079","2019-03-29 11:00","2019","03","29","11:00","-1.8","","-5.9","","74","","0.0","","1","","12","","","","96.60","","","","-6","","NA"
"-104.60","52.82","MELFORT","4055079","2019-03-29 12:00","2019","03","29","12:00","-1.5","","-6.6","","68","","0.0","","2","","15","","","","96.68","","","","-6","","NA"
"-104.60","52.82","MELFORT","4055079","2019-03-29 13:00","2019","03","29","13:00","-0.9","","-6.3","","67","","0.0","","34","","14","","","","96.73","","","","-5","","NA"
"-104.60","52.82","MELFORT","4055079","2019-03-29 14:00","2019","03","29","14:00","-0.4","","-5.4","","69","","0.0","","35","","13","","","","96.77","","","","-5","","NA"
"-104.60","52.82","MELFORT","4055079","2019-03-29 15:00","2019","03","29","15:00","-0.1","","-6.4","","63","","0.0","","35","","12","","","","96.80","","","","-4","","NA"
"-104.60","52.82","MELFORT","4055079","2019-03-29 16:00","2019","03","29","16:00","0.0","","-7.7","","56","","0.0","","33","","16","","","","96.81","","","","-5","","NA"
"-104.60","52.82","MELFORT","4055079","2019-03-29 17:00","2019","03","29","17:00","0.2","","-7.3","","57","","0.0","","32","","15","","","","96.83","","","","","","NA"
"-104.60","52.82","MELFORT","4055079","2019-03-29 18:00","2019","03","29","18:00","0.2","","-7.9","","55","","0.0","","32","","12","","","","96.86","","","","","","NA"
"-104.60","52.82","MELFORT","4055079","2019-03-29 19:00","2019","03","29","19:00","-0.6","","-8.1","","57","","0.0","","33","","13","","","","96.89","","","","-5","","NA"
"-104.60","52.82","MELFORT","4055079","2019-03-29 20:00","2019","03","29","20:00","-1.6","","-7.7","","63","","0.0","","35","","11","","","","96.93","","","","-5","","NA"
"-104.60","52.82","MELFORT","4055079","2019-03-29 21:00","2019","03","29","21:00","-3.6","","-8.5","","69","","0.0","","33","","5","","","","96.94","","","","-6","","NA"
"-104.60","52.82","MELFORT","4055079","2019-03-29 22:00","2019","03","29","22:00","-3.7","","-8.1","","72","","0.0","","31","","6","","","","96.99","","","","-6","","NA"
"-104.60","52.82","MELFORT","4055079","2019-03-29 23:00","2019","03","29","23:00","-4.7","","-8.2","","76","","0.0","","33","","2","","","","97.01","","","","-6","","NA"
"-104.60","52.82","MELFORT","4055079","2019-03-30 00:00","2019","03","30","00:00","-5.7","","-7.8","","85","","0.0","","22","","2","","","","96.97","","","","-7","","NA"
"-104.60","52.82","MELFORT","4055079","2019-03-30 01:00","2019","03","30","01:00","-5.0","","-7.2","","85","","0.0","","18","","5","","","","97.01","","","","-7","","NA"
"-104.60","52.82","MELFORT","4055079","2019-03-30 02:00","2019","03","30","02:00","-4.7","","-7.2","","83","","0.0","","17","","6","","","","96.98","","","","-7","","NA"
"-104.60","52.82","MELFORT","4055079","2019-03-30 03:00","2019","03","30","03:00","-4.9","","-7.4","","83","","0.0","","19","","7","","","","96.99","","","","-8","","NA"
"-104.60","52.82","MELFORT","4055079","2019-03-30 04:00","2019","03","30","04:00","-5.1","","-8.3","","78","","0.0","","19","","7","","","","96.91","","","","-8","","NA"
"-104.60","52.82","MELFORT","4055079","2019-03-30 05:00","2019","03","30","05:00","-5.0","","-8.4","","77","","0.0","","18","","8","","","","96.92","","","","-9","","NA"
"-104.60","52.82","MELFORT","4055079","2019-03-30 06:00","2019","03","30","06:00","-5.3","","-8.0","","81","","0.0","","18","","9","","","","96.93","","","","-9","","NA"
"-104.60","52.82","MELFORT","4055079","2019-03-30 07:00","2019","03","30","07:00","-4.0","","-6.8","","81","","0.0","","19","","10","","","","96.92","","","","-8","","NA"
"-104.60","52.82","MELFORT","4055079","2019-03-30 08:00","2019","03","30","08:00","-2.9","","-5.7","","81","","0.0","","19","","9","","","","96.87","","","","-6","","NA"
"-104.60","52.82","MELFORT","4055079","2019-03-30 09:00","2019","03","30","09:00","-1.4","","-4.8","","78","","0.0","","22","","9","","","","96.83","","","","-5","","NA"
"-104.60","52.82","MELFORT","4055079","2019-03-30 10:00","2019","03","30","10:00","-0.3","","-4.5","","74","","0.0","","20","","10","","","","96.77","","","","-4","","NA"
"-104.60","52.82","MELFORT","4055079","2019-03-30 11:00","2019","03","30","11:00","0.9","","-5.1","","64","","0.0","","22","","7","","","","96.74","","","","","","NA"
"-104.60","52.82","MELFORT","4055079","2019-03-30 12:00","2019","03","30","12:00","0.8","","-4.3","","68","","0.0","","21","","9","","","","96.69","","","","","","NA"
"-104.60","52.82","MELFORT","4055079","2019-03-30 13:00","2019","03","30","13:00","1.7","","-4.0","","66","","0.0","","15","","12","","","","96.62","","","","","","NA"
"-104.60","52.82","MELFORT","4055079","2019-03-30 14:00","2019","03","30","14:00","1.9","","-3.7","","66","","0.0","","15","","14","","","","96.55","","","","","","NA"
"-104.60","52.82","MELFORT","4055079","2019-03-30 15:00","2019","03","30","15:00","2.5","","-4.1","","62","","0.0","","14","","18","","","","96.47","","","","","","NA"
"-104.60","52.82","MELFORT","4055079","2019-03-30 16:00","2019","03","30","16:00","2.7","","-4.4","","59","","0.0","","13","","16","","","","96.43","","","","","","NA"
"-104.60","52.82","MELFORT","4055079","2019-03-30 17:00","2019","03","30","17:00","1.9","","-1.6","","78","","0.0","","11","","15","","","","96.39","","","","","","NA"
"-104.60","52.82","MELFORT","4055079","2019-03-30 18:00","2019","03","30","18:00","1.0","","-2.3","","78","","0.0","","10","","16","","","","96.42","","","","","","NA"
"-104.60","52.82","MELFORT","4055079","2019-03-30 19:00","2019","03","30","19:00","0.4","","-2.7","","80","","0.0","","11","","12","","","","96.43","","","","","","NA"
"-104.60","52.82","MELFORT","4055079","2019-03-30 20:00","2019","03","30","20:00","0.1","","-2.2","","84","","0.0","","5","","10","","","","96.48","","","","","","NA"
"-104.60","52.82","MELFORT","4055079","2019-03-30 21:00","2019","03","30","21:00","-0.3","","-2.2","","87","","0.0","","8","","9","","","","96.52","","","","-3","","NA"
"-104.60","52.82","MELFORT","4055079","2019-03-30 22:00","2019","03","30","22:00","-0.5","","-1.9","","90","","0.0","","2","","8","","","","96.59","","","","-3","","NA"
"-104.60","52.82","MELFORT","4055079","2019-03-30 23:00","2019","03","30","23:00","-0.7","","-1.7","","93","","0.0","","36","","9","","","","96.62","","","","-4","","NA"
"-104.60","52.82","MELFORT","4055079","2019-03-31 00:00","2019","03","31","00:00","-0.6","","-1.8","","92","","0.0","","35","","8","","","","96.62","","","","-3","","NA"
"-104.60","52.82","MELFORT","4055079","2019-03-31 01:00","2019","03","31","01:00","-0.6","","-2.3","","89","","0.0","","33","","10","","","","96.66","","","","-4","","NA"
"-104.60","52.82","MELFORT","4055079","2019-03-31 02:00","2019","03","31","02:00","-0.7","","-3.0","","84","","0.0","","35","","15","","","","96.69","","","","-5","","NA"
"-104.60","52.82","MELFORT","4055079","2019-03-31 03:00","2019","03","31","03:00","-1.4","","-3.7","","84","","0.0","","35","","15","","","","96.70","","","","-6","","NA"
"-104.60","52.82","MELFORT","4055079","2019-03-31 04:00","2019","03","31","04:00","-2.4","","-4.4","","86","","0.0","","34","","11","","","","96.76","","","","-6","","NA"
"-104.60","52.82","MELFORT","4055079","2019-03-31 05:00","2019","03","31","05:00","-3.3","","-4.8","","90","","0.0","","32","","9","","","","96.75","","","","-7","","NA"
"-104.60","52.82","MELFORT","4055079","2019-03-31 06:00","2019","03","31","06:00","-3.3","","-4.8","","90","","0.0","","32","","9","","","","96.83","","","","-7","","NA"
"-104.60","52.82","MELFORT","4055079","2019-03-31 07:00","2019","03","31","07:00","-2.4","","-4.0","","89","","0.2","","34","","8","","","","96.89","","","","-6","","NA"
"-104.60","52.82","MELFORT","4055079","2019-03-31 08:00","2019","03","31","08:00","-2.0","","-4.8","","81","","0.0","","36","","14","","","","96.89","","","","-7","","NA"
"-104.60","52.82","MELFORT","4055079","2019-03-31 09:00","2019","03","31","09:00","-2.4","","-6.2","","75","","0.0","","35","","18","","","","96.93","","","","-8","","NA"
"-104.60","52.82","MELFORT","4055079","2019-03-31 10:00","2019","03","31","10:00","-1.6","","-6.7","","68","","0.0","","35","","14","","","","96.91","","","","-6","","NA"
"-104.60","52.82","MELFORT","4055079","2019-03-31 11:00","2019","03","31","11:00","-1.4","","-8.1","","60","","0.0","","34","","15","","","","96.92","","","","-6","","NA"
"-104.60","52.82","MELFORT","4055079","2019-03-31 12:00","2019","03","31","12:00","-1.3","","-7.8","","61","","0.0","","33","","12","","","","96.89","","","","-5","","NA"
"-104.60","52.82","MELFORT","4055079","2019-03-31 13:00","2019","03","31","13:00","-1.1","","-7.7","","61","","0.0","","34","","9","","","","96.84","","","","-4","","NA"
"-104.60","52.82","MELFORT","4055079","2019-03-31 14:00","2019","03","31","14:00","-0.9","","-8.1","","58","","0.0","","31","","11","","","","96.79","","","","-5","","NA"
"-104.60","52.82","MELFORT","4055079","2019-03-31 15:00","2019","03","31","15:00","-0.9","","-8.7","","55","","0.0","","30","","12","","","","96.73","","","","-5","","NA"
"-104.60","52.82","MELFORT","4055079","2019-03-31 16:00","2019","03","31","16:00","-0.3","","-8.2","","55","","0.0","","28","","13","","","","96.66","","","","-4","","NA"
"-104.60","52.82","MELFORT","4055079","2019-03-31 17:00","2019","03","31","17:00","0.2","","-8.1","","54","","0.0","","29","","13","","","","96.58","","","","","","NA"
"-104.60","52.82","MELFORT","4055079","2019-03-31 18:00","2019","03","31","18:00","0.1","","-7.2","","58","","0.0","","28","","11","","","","96.50","","","","","","NA"
"-104.60","52.82","MELFORT","4055079","2019-03-31 19:00","2019","03","31","19:00","-1.1","","-6.4","","68","","0.0","","26","","8","","","","96.46","","","","-4","","NA"
"-104.60","52.82","MELFORT","4055079","2019-03-31 20:00","2019","03","31","20:00","-2.4","","-6.0","","76","","0.0","","23","","9","","","","96.42","","","","-6","","NA"
"-104.60","52.82","MELFORT","4055079","2019-03-31 21:00","2019","03","31","21:00","-2.8","","-6.0","","78","","0.0","","22","","10","","","","96.37","","","","-7","","NA"
"-104.60","52.82","MELFORT","4055079","2019-03-31 22:00","2019","03","31","22:00","-2.9","","-5.8","","81","","0.0","","21","","11","","","","96.32","","","","-7","","NA"
"-104.60","52.82","MELFORT","4055079","2019-03-31 23:00","2019","03","31","23:00","-4.1","","-6.9","","81","","0.0","","23","","10","","","","96.23","","","","-8","","NA"
