-9.969756800046352119e-01,-1.002996210440314062e+00,-1.009586686556652291e+00,-1.016794031499322681e+00,-1.024669197684666688e+00,-1.033267959172381456e+00,-1.042651972622641754e+00,-1.052890187846545089e+00,-1.064060715433449822e+00,-1.076253297963548627e+00,-1.089572589724831619e+00,-1.104142538375263216e+00,-1.120112297896986187e+00,-1.137664314109462671e+00,-1.157025560815821530e+00,-1.178483452365639117e+00,-1.202408873409098078e+00,-1.229290343532378094e+00,-1.259786151154287381e+00,-1.294806533858938069e+00,-1.335648218854034175e+00,-1.384224778484881124e+00,-1.443482943353513681e+00,-1.518679215826067130e+00,-1.569333482570999250e+00,-1.603320984237518454e+00,-1.627590771836394445e+00,-1.645701416114836446e+00,-1.659665087612660184e+00,-1.670706232952812620e+00,-1.679613573722407160e+00,-1.686918869071139193e+00,-1.692994341669727953e+00,-1.698108875702283305e+00,-1.702461985763696672e+00,-1.706205179961409302e+00,-1.709455872134050480e+00,-1.712306736180533084e+00,-1.714832186863481933e+00,-1.717092992337660773e+00,-1.719139624681519374e+00,-1.721014713144917829e+00,-1.722754818616698991e+00,-1.724391664162405302e+00,-1.725952916114803948e+00,-1.727462599389943954e+00,-1.728941237408897491e+00,-1.730405819520514754e+00,-1.731869706216457416e+00,-1.733342576366967425e+00
-9.982188567660209566e-01,-1.004328742245689243e+00,-1.011025189480761144e+00,-1.018356731342440202e+00,-1.026375918758531514e+00,-1.035140094718158377e+00,-1.044712438140402044e+00,-1.055163357641258459e+00,-1.066572340235897309e+00,-1.079030396980268369e+00,-1.092643303045538694e+00,-1.107535913911628978e+00,-1.123857968511317695e+00,-1.141791990983387350e+00,-1.161564220531184244e+00,-1.183460012993002630e+00,-1.207846011212690307e+00,-1.235202841650887562e+00,-1.266174681790099177e+00,-1.301646812989460278e+00,-1.342871484920455272e+00,-1.391681195805984483e+00,-1.450869317682736748e+00,-1.523797371390801070e+00,-1.574414702315129810e+00,-1.608118168695696237e+00,-1.632050848783813235e+00,-1.649830934418432760e+00,-1.663488387243339472e+00,-1.674251280586375623e+00,-1.682907125958867267e+00,-1.689985010706703816e+00,-1.695854270883833559e+00,-1.700781124154722157e+00,-1.704962753425804944e+00,-1.708548661652910861e+00,-1.711654537727949954e+00,-1.714371565893086702e+00,-1.716772881451919641e+00,-1.718918183902483410e+00,-1.720857110085614927e+00,-1.722631720768525554e+00,-1.724278302998046852e+00,-1.725828605863326537e+00,-1.727310590349520947e+00,-1.728748770759808595e+00,-1.730164242392932428e+00,-1.731574513696260142e+00,-1.732993276863209253e+00,-1.734430247358627275e+00
-9.993567329083700157e-01,-1.005549594977494410e+00,-1.012345711015777194e+00,-1.019795256828266217e+00,-1.027952399429403529e+00,-1.036876048621363067e+00,-1.046630880215457360e+00,-1.057288710028377432e+00,-1.068930321159895280e+00,-1.081647881803966538e+00,-1.095548143267943697e+00,-1.110756687641109908e+00,-1.127423616924776217e+00,-1.145731265305839353e+00,-1.165904815553112428e+00,-1.188227182090064948e+00,-1.213060317780595643e+00,-1.240876451173450246e+00,-1.272305132673953398e+00,-1.308206300491127516e+00,-1.349787853354891043e+00,-1.398802874745150415e+00,-1.457897320285933551e+00,-1.529125655339884648e+00,-1.579668530241551183e+00,-1.613055560926870413e+00,-1.636626643114262425e+00,-1.654057915460760864e+00,-1.667395356506586657e+00,-1.677869351495867578e+00,-1.686265296457766683e+00,-1.693108994886604046e+00,-1.698766483460365517e+00,-1.703501032307255025e+00,-1.707507294617576887e+00,-1.710932616905909143e+00,-1.713890831911398127e+00,-1.716471505790873042e+00,-1.718746361702722547e+00,-1.720773897254114670e+00,-1.722602793496165630e+00,-1.724274454171031756e+00,-1.725824856099404281e+00,-1.727285805019920684e+00,-1.728685658195681540e+00,-1.730049581561569072e+00,-1.731399440288315938e+00,-1.732753460315710203e+00,-1.734125826209582444e+00,-1.735526381538491592e+00
-1.000389124828527265e+00,-1.006658432958691840e+00,-1.013547796027600256e+00,-1.021109074940634409e+00,-1.029398078209421863e+00,-1.038475286685795362e+00,-1.048406852461245542e+00,-1.059265950293361458e+00,-1.071134581483100368e+00,-1.084105962460379491e+00,-1.098287679533648253e+00,-1.113805866509447684e+00,-1.130810777503849840e+00,-1.149484306373658615e+00,-1.170050285463149597e+00,-1.192788846562397254e+00,-1.218056865055951343e+00,-1.246317753211894530e+00,-1.278186038654943957e+00,-1.314496091840037240e+00,-1.356411790224923086e+00,-1.405608663934905911e+00,-1.464591198225541069e+00,-1.534676537245146299e+00,-1.585103305140642904e+00,-1.618139006584515593e+00,-1.641322547809751065e+00,-1.658385886012343491e+00,-1.671388987622643096e+00,-1.681563095752125259e+00,-1.689690509051591460e+00,-1.696293093957157883e+00,-1.701733154921855506e+00,-1.706270726264476956e+00,-1.710097733049292801e+00,-1.713359215154265813e+00,-1.716167015390338779e+00,-1.718608942977769338e+00,-1.720755155879586384e+00,-1.722662787245657690e+00,-1.724379407750558535e+00,-1.725945643678995722e+00,-1.727397103398636835e+00,-1.728765675088737463e+00,-1.730080230058484991e+00,-1.731366784579497775e+00,-1.732648222501447899e+00,-1.733943740373268927e+00,-1.735268222065913912e+00,-1.736631757964856471e+00
-1.001315890449576695e+00,-1.007654945826797377e+00,-1.014631000775717551e+00,-1.022297653391637473e+00,-1.030712387562931376e+00,-1.039937265960348300e+00,-1.050039900747322452e+00,-1.061094779805351607e+00,-1.073185045791531067e+00,-1.086404855039279305e+00,-1.100862489106600339e+00,-1.116684462423183088e+00,-1.134020978397977331e+00,-1.153053254942031591e+00,-1.174003504187947078e+00,-1.197148771259495037e+00,-1.222840521283707682e+00,-1.251533009906690141e+00,-1.283825454291350310e+00,-1.320526575941613379e+00,-1.362756734947370596e+00,-1.412115930014780085e+00,-1.470973080809669931e+00,-1.540463638296984517e+00,-1.590728004033235443e+00,-1.623374750227005281e+00,-1.646143239844403139e+00,-1.662818598049455421e+00,-1.675472465444570513e+00,-1.685335335820966840e+00,-1.693185345355198601e+00,-1.699539726144634111e+00,-1.704756597159647002e+00,-1.709092463185077237e+00,-1.712736325771843537e+00,-1.715830773069323856e+00,-1.718485524723448510e+00,-1.720786484291996432e+00,-1.722802067900783385e+00,-1.724587845111350992e+00,-1.726190077354066155e+00,-1.727648449926476593e+00,-1.728998113164328387e+00,-1.730271053488158461e+00,-1.731496791336916585e+00,-1.732702436595184858e+00,-1.733912205164660714e+00,-1.735146588183242411e+00,-1.736421436102354443e+00,-1.737747239989286596e+00
-1.002136937828040475e+00,-1.008538855746077045e+00,-1.015594899163176468e+00,-1.023360466567223792e+00,-1.031894760371530273e+00,-1.041261442625720735e+00,-1.051529573386985383e+00,-1.062774909264970313e+00,-1.075081656851570422e+00,-1.088544802518453425e+00,-1.103273182239716155e+00,-1.119393521051056384e+00,-1.137055774042958767e+00,-1.156440259176785057e+00,-1.177767319264060975e+00,-1.201310641716159644e+00,-1.227415997959279359e+00,-1.256528217302937955e+00,-1.289231016083882908e+00,-1.326307513138939687e+00,-1.368835205763607288e+00,-1.418340711465287063e+00,-1.477063217399041894e+00,-1.546501912515931387e+00,-1.596552336985152420e+00,-1.628769494991389788e+00,-1.651093723532267354e+00,-1.667360063353726662e+00,-1.679649196622092999e+00,-1.689189091664245357e+00,-1.696752566083792102e+00,-1.702851472700281921e+00,-1.707839270778124918e+00,-1.711968638565176226e+00,-1.715425466229837603e+00,-1.718349755883570529e+00,-1.720848976182702161e+00,-1.723006968135566863e+00,-1.724890202513364335e+00,-1.726552440808760469e+00,-1.728038378949652065e+00,-1.729386539816931023e+00,-1.730631481765001478e+00,-1.731805287588803033e+00,-1.732938279731112141e+00,-1.734058959314234594e+00,-1.735193269932129745e+00,-1.736363413548595469e+00,-1.737586553717484161e+00,-1.738873781745799096e+00
-1.002852234620003280e+00,-1.009309925190221557e+00,-1.016439089326867995e+00,-1.024297001692793030e+00,-1.032944636646176528e+00,-1.042447280317567282e+00,-1.052875432101533670e+00,-1.064306073183973300e+00,-1.076824394231149951e+00,-1.090526097856687748e+00,-1.105520429776663205e+00,-1.121934153728043393e+00,-1.139916781004993052e+00,-1.159647514037227545e+00,-1.181344594461499531e+00,-1.205278109997709901e+00,-1.231787899394221286e+00,-1.261309160017099584e+00,-1.294410005113870943e+00,-1.331848111248387534e+00,-1.374658899032905390e+00,-1.424297858590161114e+00,-1.482880187172677999e+00,-1.552807868071652386e+00,-1.602586862797964695e+00,-1.634330475827290519e+00,-1.656179383983325648e+00,-1.672014596305770207e+00,-1.683922845780577715e+00,-1.693127612044909247e+00,-1.700395137863371042e+00,-1.706231099652932848e+00,-1.710983800738520078e+00,-1.714901794991185557e+00,-1.718167686633876867e+00,-1.720918776112487114e+00,-1.723260166075106348e+00,-1.725273473477374475e+00,-1.727022990285464354e+00,-1.728560369507939898e+00,-1.729928411212011241e+00,-1.731164177078758248e+00,-1.732301437470890049e+00,-1.733372340793794875e+00,-1.734408181329387233e+00,-1.735439215006258307e+00,-1.736493613775541345e+00,-1.737595827430551410e+00,-1.738764784017520215e+00,-1.740012434472780312e+00
-1.003461818550667406e+00,-1.009967965375969445e+00,-1.017163200592046568e+00,-1.025106765207389303e+00,-1.033861470470995858e+00,-1.043494258901623395e+00,-1.054077063838191108e+00,-1.065688045754875413e+00,-1.078413294914346343e+00,-1.092349109676521213e+00,-1.107604993865635379e+00,-1.124307572869323035e+00,-1.142605717578933477e+00,-1.162677304492582442e+00,-1.184738256153739844e+00,-1.209054844032178666e+00,-1.235960775306965020e+00,-1.265881468180414249e+00,-1.299369410736745278e+00,-1.337157100580993685e+00,-1.380238783869251140e+00,-1.430001162255955194e+00,-1.488441085655861196e+00,-1.558546043596414465e+00,-1.608843130450393843e+00,-1.640065549456620309e+00,-1.661406053065774158e+00,-1.676786866855858316e+00,-1.688297380462288277e+00,-1.697154413671607243e+00,-1.704116267142546715e+00,-1.709681585756380295e+00,-1.714192996738851171e+00,-1.717894633384918768e+00,-1.720965659966616990e+00,-1.723540589134135548e+00,-1.725722066276560440e+00,-1.727589324523693293e+00,-1.729204211277870495e+00,-1.730615902062636602e+00,-1.731864875407117088e+00,-1.732986330231705896e+00,-1.734012966997103833e+00,-1.734976923886631051e+00,-1.735910650728264226e+00,-1.736846601159512726e+00,-1.737815810331360789e+00,-1.738845671822692118e+00,-1.739957469528181200e+00,-1.741164352458255848e+00
-1.003965809068960047e+00,-1.010512845450305397e+00,-1.017766900822720810e+00,-1.025789289333234766e+00,-1.034644737159926997e+00,-1.044401883719988877e+00,-1.055134093536520767e+00,-1.066920658303817104e+00,-1.079848476204382735e+00,-1.094014310918016264e+00,-1.109527762223536884e+00,-1.126515131355024790e+00,-1.145124447592019701e+00,-1.165532052991596235e+00,-1.187951343815020655e+00,-1.212644580782871850e+00,-1.239939176796823528e+00,-1.270250677078659018e+00,-1.304115995900721359e+00,-1.342242808808953081e+00,-1.385585193504227597e+00,-1.435463473729727824e+00,-1.493761692189226498e+00,-1.563268385136866279e+00,-1.615333852182354146e+00,-1.645983304874058639e+00,-1.666780090789519608e+00,-1.681681966105111892e+00,-1.692777126984205127e+00,-1.701273330208241230e+00,-1.707919443231833867e+00,-1.713206158708612703e+00,-1.717469880327668230e+00,-1.720950028308336099e+00,-1.723822202312379259e+00,-1.726218085161731253e+00,-1.728237813489440500e+00,-1.729958089112845876e+00,-1.731438015810921938e+00,-1.732723839026444779e+00,-1.733853167892446479e+00,-1.734858801215627411e+00,-1.735771969935999470e+00,-1.736624658176402658e+00,-1.737450662063511286e+00,-1.738285169965913424e+00,-1.739162886322571433e+00,-1.740115054788067050e+00,-1.741166095090510790e+00,-1.742330798386442892e+00
-1.004364420416841597e+00,-1.010944502563205560e+00,-1.018249904210567047e+00,-1.026344138826001062e+00,-1.035293940603986051e+00,-1.045169695333928450e+00,-1.056046197962945410e+00,-1.068003818566933383e+00,-1.081130161276450785e+00,-1.095522310922239839e+00,-1.111289786465951890e+00,-1.128558366411273939e+00,-1.147475028907097183e+00,-1.168214371619580749e+00,-1.190987065010153279e+00,-1.216051183569896166e+00,-1.243727715988981908e+00,-1.274422289816560250e+00,-1.308656364552588380e+00,-1.347113236411658255e+00,-1.390707914601366335e+00,-1.440696817707247002e+00,-1.498856622003717831e+00,-1.567789061204446943e+00,-1.622073115263763965e+00,-1.652093198929620144e+00,-1.672308485625151775e+00,-1.686705487475144150e+00,-1.697366839868196919e+00,-1.705488573648402895e+00,-1.711808492997864306e+00,-1.716808342326472836e+00,-1.720817721490953245e+00,-1.724071049672414757e+00,-1.726740276792920081e+00,-1.728954277346754331e+00,-1.730810690505174554e+00,-1.732383568381745453e+00,-1.733728940204103619e+00,-1.734889567426731061e+00,-1.735899485813171328e+00,-1.736788378352933870e+00,-1.737585447212357304e+00,-1.738322278605530791e+00,-1.739034199973844785e+00,-1.739759780600158789e+00,-1.740538418039641488e+00,-1.741406392039045903e+00,-1.742392295169275629e+00,-1.743513147903530180e+00
-1.004657976405590070e+00,-1.011262952996979214e+00,-1.018611979560390735e+00,-1.026770917890633017e+00,-1.035808620783972511e+00,-1.045797279798415191e+00,-1.056813120767281511e+00,-1.068937532093433784e+00,-1.082258707828758659e+00,-1.096873891502461174e+00,-1.112892325114547498e+00,-1.130439048591259432e+00,-1.149659767167775071e+00,-1.170727119389071147e+00,-1.193848855215459803e+00,-1.219278703786090379e+00,-1.247331129542885053e+00,-1.278401843213226030e+00,-1.312997031449266716e+00,-1.351776133273663527e+00,-1.395616275558710262e+00,-1.445712500369413123e+00,-1.503739466117881340e+00,-1.572123654953706540e+00,-1.629076640740926285e+00,-1.658405722306794727e+00,-1.677998977943201631e+00,-1.691863627094479572e+00,-1.702071788121470863e+00,-1.709804811138051051e+00,-1.715787650337426973e+00,-1.720492018094272657e+00,-1.724240088415152083e+00,-1.727260994289297136e+00,-1.729723001305302432e+00,-1.731752286156413190e+00,-1.733444097567432340e+00,-1.734869774684526522e+00,-1.736081914750364330e+00,-1.737119119100837938e+00,-1.738010947169193354e+00,-1.738783017663375174e+00,-1.739461730682115626e+00,-1.740077886881593594e+00,-1.740668502323527544e+00,-1.741276295342613301e+00,-1.741946655126634713e+00,-1.742722457163948357e+00,-1.743637858519633488e+00,-1.744712893374844365e+00
-1.004846927273148172e+00,-1.011468304575352528e+00,-1.018852959151570037e+00,-1.027069277247997237e+00,-1.036188361420999682e+00,-1.046284279518495675e+00,-1.057434688962511249e+00,-1.069721926163019088e+00,-1.083234640394487913e+00,-1.098070047688739725e+00,-1.114336892014167191e+00,-1.132159236554535875e+00,-1.151681275382578695e+00,-1.173073465117832281e+00,-1.196540442769053136e+00,-1.222331447167640750e+00,-1.250754346092017633e+00,-1.282194976977214074e+00,-1.317144494507971109e+00,-1.356239076796299736e+00,-1.400319234597863005e+00,-1.450521214014243165e+00,-1.508422921843944220e+00,-1.576286605415513131e+00,-1.636362098735943738e+00,-1.664932601960275926e+00,-1.683860211462609557e+00,-1.697163307787803666e+00,-1.706897862421212331e+00,-1.714227261061018526e+00,-1.719861644267588252e+00,-1.724261505372374659e+00,-1.727740915354456286e+00,-1.730523432229822189e+00,-1.732773663639792350e+00,-1.734615320895048773e+00,-1.736141511847617114e+00,-1.737420894150584871e+00,-1.738502260545877309e+00,-1.739419228995902733e+00,-1.740195726305566293e+00,-1.740852056737004938e+00,-1.741410761806668539e+00,-1.741901266730065956e+00,-1.742362370115438708e+00,-1.742841835080155777e+00,-1.743392682511748726e+00,-1.744066443891000517e+00,-1.744904728811030425e+00,-1.745931647192669134e+00
-1.004931869104180864e+00,-1.011560770645287599e+00,-1.018972748284560526e+00,-1.027238921339604705e+00,-1.036432797735631350e+00,-1.046630404759464783e+00,-1.057910831094179382e+00,-1.070357276718624906e+00,-1.084058687027676049e+00,-1.099112033995801152e+00,-1.115625311042731660e+00,-1.133721338456405769e+00,-1.153542540005674910e+00,-1.175256956348852189e+00,-1.199065919190815066e+00,-1.225214044668594182e+00,-1.254002557525603967e+00,-1.285807506011980905e+00,-1.321105309593487487e+00,-1.360509551615560309e+00,-1.404825468131868371e+00,-1.455133139454890756e+00,-1.512918916225868937e+00,-1.580291357020296328e+00,-1.643949491068994240e+00,-1.671687046682624356e+00,-1.689901918248893464e+00,-1.702612331893660125e+00,-1.711851708224177759e+00,-1.718761813145132766e+00,-1.724035810327756879e+00,-1.728121665544236407e+00,-1.731324595043814529e+00,-1.733862275040615408e+00,-1.735895749620704587e+00,-1.737546660456477321e+00,-1.738906433150244846e+00,-1.740041229715550530e+00,-1.740995671238098952e+00,-1.741797391580980126e+00,-1.742463205792865732e+00,-1.743006465282063155e+00,-1.743444427642252936e+00,-1.743804275213336474e+00,-1.744126564505021015e+00,-1.744465116292576390e+00,-1.744882637185351415e+00,-1.745442046129489277e+00,-1.746194999404862225e+00,-1.747171145846237783e+00
-1.004913566436634431e+00,-1.011540686018596258e+00,-1.018971335662626210e+00,-1.027279615661686574e+00,-1.036541624285890251e+00,-1.046835445914497509e+00,-1.058241597455529703e+00,-1.070844038968222112e+00,-1.084731821274253161e+00,-1.100001417275283888e+00,-1.116759778185123508e+00,-1.135128180894579009e+00,-1.155246994237052904e+00,-1.177281594757315419e+00,-1.201429815032429183e+00,-1.227931527847034188e+00,-1.257081293828778534e+00,-1.289245495461649460e+00,-1.324886167354740074e+00,-1.364595030684242483e+00,-1.409143459515517005e+00,-1.459558046920365282e+00,-1.517238724181225074e+00,-1.584150496944307651e+00,-1.651861612891311948e+00,-1.678684042723826098e+00,-1.696135143232866183e+00,-1.708219568971559799e+00,-1.716940891005181324e+00,-1.723415178604897013e+00,-1.728316231072878573e+00,-1.732078036478248206e+00,-1.734996103890952490e+00,-1.737281875705680712e+00,-1.739092992972524065e+00,-1.740549637360208957e+00,-1.741742314396164559e+00,-1.742735120057866682e+00,-1.743568175485040950e+00,-1.744261913704163725e+00,-1.744824145814343197e+00,-1.745259135972992537e+00,-1.745576961630324941e+00,-1.745801325010643223e+00,-1.745974316021875028e+00,-1.746156901296785247e+00,-1.746424006343523239e+00,-1.746853565930994057e+00,-1.747510900059847438e+00,-1.748433257746085712e+00
-1.004792978867566688e+00,-1.011408525388047819e+00,-1.018848804815989384e+00,-1.027191194226771076e+00,-1.036514602855466594e+00,-1.046899286678708130e+00,-1.058427182828382440e+00,-1.071182882515672175e+00,-1.085255310601264789e+00,-1.100740137484906400e+00,-1.117742932275463952e+00,-1.136383086519287877e+00,-1.156798599331903876e+00,-1.179151918463536841e+00,-1.203637181309203719e+00,-1.230489408493708359e+00,-1.259996500964397637e+00,-1.292515337822750521e+00,-1.328493971384963501e+00,-1.368503057074756724e+00,-1.413281587801462624e+00,-1.463805395619919736e+00,-1.521393082425564591e+00,-1.587875882671698324e+00,-1.660124605394112329e+00,-1.685940705977909460e+00,-1.702572514131451387e+00,-1.713995185084610462e+00,-1.722174101199924534e+00,-1.728195078062547463e+00,-1.732709912911507111e+00,-1.736137004867531530e+00,-1.738761170161600811e+00,-1.740787173991282577e+00,-1.742369460121655944e+00,-1.743627632224813651e+00,-1.744652476395508689e+00,-1.745506829821883432e+00,-1.746226076289814078e+00,-1.746821963363874186e+00,-1.747290872991702715e+00,-1.747625218253847867e+00,-1.747825413986022314e+00,-1.747909971197648016e+00,-1.747921976265388588e+00,-1.747930607629936794e+00,-1.748026050236737072e+00,-1.748306067990444301e+00,-1.748854772992122220e+00,-1.749720001460847163e+00
-1.004571292723954956e+00,-1.011164924907027363e+00,-1.018605346855204763e+00,-1.026973567161848733e+00,-1.036351570366600638e+00,-1.046821918343346480e+00,-1.058467952401423995e+00,-1.071374732160569110e+00,-1.085630772803927613e+00,-1.101330578055512710e+00,-1.118577935999222506e+00,-1.137489961595782084e+00,-1.158201934771276864e+00,-1.180873091619255355e+00,-1.205693676419405058e+00,-1.232893762015410344e+00,-1.262754621004869238e+00,-1.295623831122004965e+00,-1.331935916595999192e+00,-1.372241325396918121e+00,-1.417248215555506174e+00,-1.467884431421562219e+00,-1.525392299379288774e+00,-1.591478761097634642e+00,-1.668562937327179752e+00,-1.693476695739108306e+00,-1.709228561559998028e+00,-1.719950920335767908e+00,-1.727561407807783445e+00,-1.733110477369680602e+00,-1.737225008762054435e+00,-1.740306025339067419e+00,-1.742626497297186106e+00,-1.744383905637357790e+00,-1.745729689763705794e+00,-1.746784090648058507e+00,-1.747640008263267264e+00,-1.748360407146519746e+00,-1.748975864959449789e+00,-1.749487616822138270e+00,-1.749877492888437969e+00,-1.750122496416694373e+00,-1.750210190617029093e+00,-1.750151609841827716e+00,-1.749989845319090076e+00,-1.749803142507473153e+00,-1.749700422500421348e+00,-1.749805616130469810e+00,-1.750229035678186662e+00,-1.751033588641826011e+00
-1.004249959205080422e+00,-1.010810707862170421e+00,-1.018241274952434994e+00,-1.026626728468747363e+00,-1.036052446798188198e+00,-1.046603455516201375e+00,-1.058364471756852332e+00,-1.071420815888677547e+00,-1.085860242370133566e+00,-1.101775647983156192e+00,-1.119268569096114607e+00,-1.138453395011591374e+00,-1.159462298192984520e+00,-1.182451001543962432e+00,-1.207605658261436066e+00,-1.235151313817958618e+00,-1.265362673405083127e+00,-1.298578256799038044e+00,-1.335219566279542081e+00,-1.375817761219357838e+00,-1.421051774142406909e+00,-1.471804281258441760e+00,-1.529246360173452723e+00,-1.594969879149539693e+00,-1.671202659313043570e+00,-1.701314691873112128e+00,-1.716120091320986418e+00,-1.726100419919226914e+00,-1.733114570466270932e+00,-1.738171884599711170e+00,-1.741871099654395127e+00,-1.744593897013660300e+00,-1.746600055857569389e+00,-1.748078899720866497e+00,-1.749178916716278565e+00,-1.750022581868868166e+00,-1.750707658171048786e+00,-1.751299506465230582e+00,-1.751824111112641580e+00,-1.752269912656331474e+00,-1.752600135711701368e+00,-1.752771812141649788e+00,-1.752755648952872614e+00,-1.752552280346593827e+00,-1.752203203802884524e+00,-1.751796054913513867e+00,-1.751462113083811500e+00,-1.751359661824542835e+00,-1.751636128615823296e+00,-1.752376522200648434e+00
-1.003830740865992999e+00,-1.010346915702861503e+00,-1.017757041108034555e+00,-1.026150763997081494e+00,-1.035617243099791418e+00,-1.046244153706863189e+00,-1.058117542152326340e+00,-1.071322722098211111e+00,-1.085946249394062146e+00,-1.102078878342897861e+00,-1.119819336124083575e+00,-1.139278770436532806e+00,-1.160585815995227144e+00,-1.183892363538042725e+00,-1.209380280998206825e+00,-1.237269527608293673e+00,-1.267828335947429386e+00,-1.301386455545268328e+00,-1.338352925895720746e+00,-1.379240596363072724e+00,-1.424700844217131612e+00,-1.475574041953678472e+00,-1.532965024606467219e+00,-1.598359584249278598e+00,-1.673811006116169064e+00,-1.709480931883853305e+00,-1.723266605421480913e+00,-1.732459619853879751e+00,-1.738847418900095310e+00,-1.743391725084506794e+00,-1.746659554666021075e+00,-1.749011111573681498e+00,-1.750691457458498412e+00,-1.751880494824242129e+00,-1.752723423685645043e+00,-1.753346929848089264e+00,-1.753857725255805855e+00,-1.754327178977890034e+00,-1.754777337173859530e+00,-1.755180932846755137e+00,-1.755477255488287591e+00,-1.755597532208765355e+00,-1.755490722495235856e+00,-1.755143532509154447e+00,-1.754593555875873401e+00,-1.753937127319939560e+00,-1.753330932540690723e+00,-1.752977729180740241e+00,-1.753078449350231383e+00,-1.753751816826384591e+00
-1.003315768944902375e+00,-1.009774846161807682e+00,-1.017153255987494065e+00,-1.025545859716825881e+00,-1.035046069108190858e+00,-1.045744429407195808e+00,-1.057728242801368790e+00,-1.071082468830495404e+00,-1.085891914446844408e+00,-1.102244536644278572e+00,-1.120235591637316785e+00,-1.139972393553253749e+00,-1.161579565477144804e+00,-1.185204833262119228e+00,-1.211025595570133451e+00,-1.239256694141093407e+00,-1.270160023487806544e+00,-1.304056898948994681e+00,-1.341344511208132140e+00,-1.382518437442743275e+00,-1.428204228506078310e+00,-1.479202860223705729e+00,-1.536557914545796599e+00,-1.601657911042589255e+00,-1.676397675449208036e+00,-1.718005796397297003e+00,-1.730690759358406661e+00,-1.739047179992701198e+00,-1.744776303518734917e+00,-1.748784813801550708e+00,-1.751603998954338604e+00,-1.753570295053915817e+00,-1.754912421329756445e+00,-1.755799109246336975e+00,-1.756371084854068121e+00,-1.756761464171539666e+00,-1.757091975467256262e+00,-1.757445642422050813e+00,-1.757841897700789024e+00,-1.758233951023021824e+00,-1.758530023207522719e+00,-1.758628067138063411e+00,-1.758449523262174186e+00,-1.757963264853376506e+00,-1.757200027490318339e+00,-1.756262543139506693e+00,-1.755333921598796199e+00,-1.754672709117173213e+00,-1.754558283248590200e+00,-1.755163496417154079e+00
-1.002707614910827161e+00,-1.009096100869936619e+00,-1.016430712944598636e+00,-1.024812310432061890e+00,-1.034339141497521153e+00,-1.045104883577561150e+00,-1.057197982537386727e+00,-1.070702588780233055e+00,-1.085701063903422137e+00,-1.102277763360092866e+00,-1.120523686192261614e+00,-1.140541636447523377e+00,-1.162451709227381835e+00,-1.186397126207858310e+00,-1.212550652596169343e+00,-1.241122018459832166e+00,-1.272366962189334538e+00,-1.306598754397845674e+00,-1.344203408006151568e+00,-1.385660324618031902e+00,-1.431571013419693728e+00,-1.482699999803460456e+00,-1.540034585983591553e+00,-1.604874648877792076e+00,-1.678972030427738238e+00,-1.726924421153354094e+00,-1.738418830053553688e+00,-1.745884941830279091e+00,-1.750920607489828695e+00,-1.754368940957101275e+00,-1.756720934439656823e+00,-1.758286786325974127e+00,-1.759277339038426424e+00,-1.759847996931862779e+00,-1.760132193437404569e+00,-1.760271461849694852e+00,-1.760411630013285933e+00,-1.760656060096394748e+00,-1.761023902146464648e+00,-1.761443721565541631e+00,-1.761782890198177132e+00,-1.761896460621187765e+00,-1.761671845713472129e+00,-1.761056357536062267e+00,-1.760070728027855136e+00,-1.758819707067208249e+00,-1.757509342760039672e+00,-1.756463480118847453e+00,-1.756077768503048420e+00,-1.756617751728643873e+00
-1.002009380821879958e+00,-1.008312645832242671e+00,-1.015590417834326464e+00,-1.023950529159314726e+00,-1.033496791831239658e+00,-1.044326329864557312e+00,-1.056528564235302392e+00,-1.070186235273056674e+00,-1.085378371685148613e+00,-1.102184736095998874e+00,-1.120691137203579268e+00,-1.140995101324731920e+00,-1.163211642150393965e+00,-1.187479143242317958e+00,-1.213965605692941541e+00,-1.242875703112043428e+00,-1.274459256451828004e+00,-1.309021940312065757e+00,-1.346939320355005743e+00,-1.388675777241246800e+00,-1.434810615697669434e+00,-1.486074891089566696e+00,-1.543404579987150527e+00,-1.608019382874472436e+00,-1.681543093451945081e+00,-1.736277301752917834e+00,-1.746481152095897826e+00,-1.752998365845529039e+00,-1.757303283518201642e+00,-1.760165566858776121e+00,-1.762030570470618063e+00,-1.763179444041747645e+00,-1.763803945666254869e+00,-1.764044189899489856e+00,-1.764020701591482165e+00,-1.763883880101447810e+00,-1.763817537907615973e+00,-1.763958393138284508e+00,-1.764329244475882241e+00,-1.764827039467404379e+00,-1.765264458282396420e+00,-1.765441097968341255e+00,-1.765203475525820576e+00,-1.764474818136932299e+00,-1.763263632059948183e+00,-1.761670514684330335e+00,-1.759913268971088129e+00,-1.758380611065184285e+00,-1.757639019835705474e+00,-1.758125810417679347e+00
-1.001224814784896333e+00,-1.007426889536919390e+00,-1.014633626949889011e+00,-1.022961057518373185e+00,-1.032519474841025131e+00,-1.043409829500988595e+00,-1.055722266817665567e+00,-1.069537316396562465e+00,-1.084929535332110451e+00,-1.101972868258668026e+00,-1.120746829275848455e+00,-1.141342805611531341e+00,-1.163870150940166326e+00,-1.188462100418495426e+00,-1.215281812447766674e+00,-1.244529024141485918e+00,-1.276447945236848236e+00,-1.311337168446442769e+00,-1.349562604126859577e+00,-1.391574823006175965e+00,-1.437932810246696169e+00,-1.489337158589738364e+00,-1.546677446431409697e+00,-1.611101500574844581e+00,-1.684119495856903459e+00,-1.746110846506633951e+00,-1.754912462315431743e+00,-1.760416874212846761e+00,-1.763951333973823088e+00,-1.766200569013066879e+00,-1.767557905756615977e+00,-1.768271867336327796e+00,-1.768514171536398782e+00,-1.768409508688010945e+00,-1.768056035738629239e+00,-1.767608504210622433e+00,-1.767310810174856917e+00,-1.767351443891715057e+00,-1.767763832277933655e+00,-1.768403799549282507e+00,-1.769008890368554576e+00,-1.769306625843839464e+00,-1.769096204756126056e+00,-1.768277069204761354e+00,-1.766846168228103142e+00,-1.764894066092348446e+00,-1.762629829259048542e+00,-1.760479709545267779e+00,-1.759244869003542266e+00,-1.759711824558285453e+00
-1.000358460205062361e+00,-1.006441785549986756e+00,-1.013561896533524020e+00,-1.021844577676408683e+00,-1.031407777145872950e+00,-1.042356735796805767e+00,-1.054781951838547283e+00,-1.068760667322464331e+00,-1.084361496927467527e+00,-1.101651050733099435e+00,-1.120701249133583710e+00,-1.141596390066929922e+00,-1.164439584847617448e+00,-1.189358660127237899e+00,-1.216511929263299097e+00,-1.246094395869190796e+00,-1.278345043962660466e+00,-1.313555969728199546e+00,-1.352084282523581260e+00,-1.394368007361600492e+00,-1.440947735667336138e+00,-1.492496621947724256e+00,-1.549862734953528109e+00,-1.614130156664035809e+00,-1.686709373767502296e+00,-1.756477826438924472e+00,-1.763752079534350869e+00,-1.768173996636251299e+00,-1.770896095100827461e+00,-1.772504881695781132e+00,-1.773333992311017848e+00,-1.773594313350004503e+00,-1.773435593025871393e+00,-1.772971103032440432e+00,-1.772265622281984809e+00,-1.771459668641562901e+00,-1.770894630260729130e+00,-1.770833260395517694e+00,-1.771334142246131060e+00,-1.772198973548700929e+00,-1.773058242972480825e+00,-1.773545221734917465e+00,-1.773407481045343070e+00,-1.772526014745331224e+00,-1.770892365242773492e+00,-1.768586164623197732e+00,-1.765784018318925730e+00,-1.762874393340954304e+00,-1.760902375121545127e+00,-1.761438077911651412e+00
-9.994158509157681225e-01,-1.005360969570490814e+00,-1.012377149046644220e+00,-1.020601926691688144e+00,-1.030162426764150263e+00,-1.041168752628545358e+00,-1.053711204920334765e+00,-1.067862274957845692e+00,-1.083682722853510194e+00,-1.101229946951203464e+00,-1.120566760471760404e+00,-1.141769350549904916e+00,-1.164934035076255592e+00,-1.190183059127382537e+00,-1.217669995017275575e+00,-1.247585419575679033e+00,-1.280163567622493170e+00,-1.315690699918645734e+00,-1.354516040428562329e+00,-1.397066380377871786e+00,-1.443865874720924092e+00,-1.495563267469702140e+00,-1.552969949231703284e+00,-1.617114190530920981e+00,-1.689320203738085224e+00,-1.767437674095255984e+00,-1.773043845103632554e+00,-1.776307203255848899e+00,-1.778173135600290333e+00,-1.779114727515850536e+00,-1.779397019287353610e+00,-1.779186407931193203e+00,-1.778605012959401099e+00,-1.777759765617174192e+00,-1.776687590495091840e+00,-1.775459460002278167e+00,-1.774578908409359057e+00,-1.774402029739163167e+00,-1.775048307389685887e+00,-1.776246325513954005e+00,-1.777466302004394150e+00,-1.778218349318214875e+00,-1.778199658848545361e+00,-1.777285734068702938e+00,-1.775476553376685418e+00,-1.772850945186717597e+00,-1.769546427831096169e+00,-1.765812762981781026e+00,-1.762645317451990934e+00,-1.763501347183151324e+00
-9.984037691224504352e-01,-1.004188945682290779e+00,-1.011081764146852802e+00,-1.019234114599117502e+00,-1.028784303997518412e+00,-1.039848013733512211e+00,-1.052514527374618147e+00,-1.066849574999163996e+00,-1.082903560879426186e+00,-1.100722353667270115e+00,-1.120357923620226570e+00,-1.141877292255522036e+00,-1.165369517873894534e+00,-1.190951226939007679e+00,-1.218771496936545073e+00,-1.249016910213956777e+00,-1.281917530299666375e+00,-1.317754521328088346e+00,-1.356870194736705226e+00,-1.399681458944688206e+00,-1.446698008143870062e+00,-1.498547188892590531e+00,-1.556008463481378667e+00,-1.620061995671788768e+00,-1.691958578068322172e+00,-1.773322778116158460e+00,-1.782835767576642194e+00,-1.784857325607606793e+00,-1.785821576071744188e+00,-1.786071039321915466e+00,-1.785792414861764987e+00,-1.785099613736317536e+00,-1.784076667804614269e+00,-1.782809111070455810e+00,-1.781346661314221702e+00,-1.779650336092150509e+00,-1.778390540257304586e+00,-1.778057333409356788e+00,-1.778918273246679727e+00,-1.780595578282888614e+00,-1.782304683622807140e+00,-1.783398965194091135e+00,-1.783538816234587321e+00,-1.782617093116423801e+00,-1.780663875850618583e+00,-1.777780858284477628e+00,-1.774100485537260852e+00,-1.769762578564546773e+00,-1.764935785598737317e+00,-1.766571815236479770e+00
-9.973305899938705865e-01,-1.002931343910550055e+00,-1.009678706820383631e+00,-1.017742348408318787e+00,-1.027274454643255508e+00,-1.038397193552011988e+00,-1.051197601266990578e+00,-1.065731850092836108e+00,-1.082036698841128963e+00,-1.100143641373043435e+00,-1.120091863305988866e+00,-1.141938202097909416e+00,-1.165764153127698100e+00,-1.191680885447521820e+00,-1.219833410294286713e+00,-1.250404894276422096e+00,-1.283621915871868913e+00,-1.319761356913178751e+00,-1.359159638315055041e+00,-1.402225163101371797e+00,-1.449455141694448335e+00,-1.501458498460685131e+00,-1.558987403750964340e+00,-1.622981345795567298e+00,-1.694629928790178486e+00,-1.775464471483238826e+00,-1.793179354004614146e+00,-1.793867524615186726e+00,-1.793882717349980060e+00,-1.793417746455876705e+00,-1.792570975059174954e+00,-1.791396488314503266e+00,-1.789930286312386709e+00,-1.788208039439645125e+00,-1.786246768446819511e+00,-1.784135286384067376e+00,-1.782391674492211919e+00,-1.781801531290025498e+00,-1.782964935914386428e+00,-1.785326672416970961e+00,-1.787671779296915009e+00,-1.789173593858477185e+00,-1.789492960685914236e+00,-1.788573044979857141e+00,-1.786500146177532500e+00,-1.783429810140406468e+00,-1.779553085932808809e+00,-1.775124140648295379e+00,-1.771033965475399707e+00,-1.771608660168708660e+00
-9.962067465108946918e-01,-1.001595282784611074e+00,-1.008171712649809537e+00,-1.016128065613902898e+00,-1.025634107143230001e+00,-1.036819667006086965e+00,-1.049767663848486965e+00,-1.064520770359374868e+00,-1.081097756169685287e+00,-1.099512288792614312e+00,-1.119788684127381195e+00,-1.141972729906099326e+00,-1.166138325776859830e+00,-1.192391617331891807e+00,-1.220874201592160757e+00,-1.251766571015987317e+00,-1.285292614498779074e+00,-1.321725813389204474e+00,-1.361397755940543464e+00,-1.404709726399015590e+00,-1.452148407975942579e+00,-1.504307211943407330e+00,-1.561915500696446024e+00,-1.625879189120920332e+00,-1.697338219809654491e+00,-1.777749854076950076e+00,-1.804128665065532822e+00,-1.803381855902122854e+00,-1.802398032614782819e+00,-1.801198927582964737e+00,-1.799784661084848469e+00,-1.798144167543814564e+00,-1.796261408315109165e+00,-1.794120481113724130e+00,-1.791710396054082555e+00,-1.789103401710343100e+00,-1.786711394072349801e+00,-1.785643051140911153e+00,-1.787233647367542977e+00,-1.790578249223111706e+00,-1.793703466992595974e+00,-1.795642551021564115e+00,-1.796129149045012863e+00,-1.795194527955750630e+00,-1.793005110060101881e+00,-1.789795953994659738e+00,-1.785861376096765651e+00,-1.781662888578155357e+00,-1.778369837982836099e+00,-1.777970127120576782e+00
-9.950453618249993637e-01,-1.000189889109890373e+00,-1.006565563169343314e+00,-1.014392983373704871e+00,-1.023864696445847544e+00,-1.035119747172900562e+00,-1.048234047875798991e+00,-1.063231135676715455e+00,-1.080106047235507294e+00,-1.098850523764433040e+00,-1.119471926291832231e+00,-1.142004461512819979e+00,-1.166514811464579138e+00,-1.193104887205722164e+00,-1.221913782972888773e+00,-1.253120228551757087e+00,-1.286946319587637388e+00,-1.323663070552011822e+00,-1.363598311440200384e+00,-1.407147581389930124e+00,-1.454788946239806702e+00,-1.507103113678531336e+00,-1.564800924345481237e+00,-1.628761428504910125e+00,-1.700085636309317971e+00,-1.780174283453444639e+00,-1.815739187763681262e+00,-1.813443579136460926e+00,-1.811406767927191019e+00,-1.809455273227656313e+00,-1.807480968069825611e+00,-1.805404159848527312e+00,-1.803157254670380683e+00,-1.800676714231009168e+00,-1.797901099929597013e+00,-1.794808243743960974e+00,-1.791616805652924471e+00,-1.789615320876379201e+00,-1.791852398828320592e+00,-1.796599127920213812e+00,-1.800578986090970002e+00,-1.802915092842618305e+00,-1.803508807180244311e+00,-1.802507438388150751e+00,-1.800171693194972500e+00,-1.796827203620273039e+00,-1.792871785882438562e+00,-1.788883984811591388e+00,-1.785854554125984928e+00,-1.784799378707827788e+00
-9.938631147757975848e-01,-9.987270570435444750e-01,-1.004866507328143532e+00,-1.012539174276254839e+00,-1.021967899542402192e+00,-1.033303050662531586e+00,-1.046608978447015614e+00,-1.061881904823618328e+00,-1.079085562136148146e+00,-1.098185075274097589e+00,-1.119169041836294953e+00,-1.142060155958589895e+00,-1.166918840594715068e+00,-1.193843995454697104e+00,-1.222973404046470813e+00,-1.254485106212821055e+00,-1.288600380474887563e+00,-1.325588734887458653e+00,-1.365775306314596538e+00,-1.409551222551189031e+00,-1.457387764845178735e+00,-1.509855609691745704e+00,-1.567651114214608787e+00,-1.631632709351421351e+00,-1.702872306782335032e+00,-1.782729861410234040e+00,-1.828066661254535763e+00,-1.824093423751053100e+00,-1.820943516087187852e+00,-1.818220562487604886e+00,-1.815697482552310893e+00,-1.813223345631881589e+00,-1.810681479199615751e+00,-1.807965987694812871e+00,-1.804963664650280242e+00,-1.801549361389708670e+00,-1.797651687236458518e+00,-1.793931098413015235e+00,-1.797302505033986808e+00,-1.803802981835110675e+00,-1.808504957806235547e+00,-1.811095955750355424e+00,-1.811680851209313881e+00,-1.810520465425283554e+00,-1.807970018818341185e+00,-1.804442392340527279e+00,-1.800412347919268630e+00,-1.796479984703019728e+00,-1.793412762132901905e+00,-1.791806554781334659e+00
-9.926814272578419196e-01,-9.972225772350102879e-01,-1.003082927559196813e+00,-1.010569188937637586e+00,-1.019945691933559218e+00,-1.031377079565677812e+00,-1.044908774301439136e+00,-1.060497631416849718e+00,-1.078066211684928444e+00,-1.097548023755018809e+00,-1.118911851578806571e+00,-1.142169904479700016e+00,-1.167378066790106139e+00,-1.194633941280792033e+00,-1.224075466590490491e+00,-1.255881195097288350e+00,-1.290272607210461775e+00,-1.327518656811637943e+00,-1.367942811346385845e+00,-1.411933050099813070e+00,-1.459955592175884442e+00,-1.512573578120168349e+00,-1.570472619445711926e+00,-1.634496238644345567e+00,-1.705696094064442780e+00,-1.785405211537979486e+00,-1.841166006917592357e+00,-1.835368035714110002e+00,-1.831036127297368754e+00,-1.827518789512946995e+00,-1.824457819089785771e+00,-1.821628367387601255e+00,-1.818868394789171727e+00,-1.816040269894740877e+00,-1.813002761391116158e+00,-1.809591416993435065e+00,-1.805621591223832034e+00,-1.801009083337792971e+00,-1.805337769650568580e+00,-1.812679617068047033e+00,-1.817658459452171860e+00,-1.820263590554058952e+00,-1.820673442761631344e+00,-1.819223229633193606e+00,-1.816352445286453232e+00,-1.812550620267226353e+00,-1.808340380788526103e+00,-1.804295984731746127e+00,-1.801013385190151750e+00,-1.798888187965111740e+00
-9.915280861879827157e-01,-9.956978458491239081e-01,-1.001226430187448058e+00,-1.008486264932931586e+00,-1.017800443220849393e+00,-1.029352185197317526e+00,-1.043155698769524076e+00,-1.059110469137637178e+00,-1.077085368983786040e+00,-1.096977701731255861e+00,-1.118736913051942672e+00,-1.142367151093231170e+00,-1.167922397829609382e+00,-1.195501169431082644e+00,-1.225243248349877634e+00,-1.257328970595484874e+00,-1.291981025739833866e+00,-1.329468712577248413e+00,-1.370114774065182006e+00,-1.414305199187531947e+00,-1.462502722488662865e+00,-1.515265226383508690e+00,-1.573270963097492814e+00,-1.637353656477189778e+00,-1.708552486795370751e+00,-1.788185437271367251e+00,-1.855090501509846224e+00,-1.847298791866040846e+00,-1.841704220626027011e+00,-1.837362304406518376e+00,-1.833769307699620432e+00,-1.830622867303544510e+00,-1.827719498248031593e+00,-1.824903319262686896e+00,-1.822038381095272275e+00,-1.819010705086681057e+00,-1.815842360322585058e+00,-1.813606626330026117e+00,-1.817092357290626792e+00,-1.823412376280852731e+00,-1.828107605710672434e+00,-1.830448702008599549e+00,-1.830486768057647762e+00,-1.828584345653471166e+00,-1.825256487467788791e+00,-1.821059956860250129e+00,-1.816544134300482227e+00,-1.812241786200655458e+00,-1.808627840274548371e+00,-1.805989909021881168e+00
-9.904394244859211494e-01,-9.941824887940170496e-01,-9.993137016549671348e-01,-1.006294704102452142e+00,-1.015535089941727254e+00,-1.027243235432982793e+00,-1.041380869914890539e+00,-1.057762947397770992e+00,-1.076189690002233412e+00,-1.096519534567450993e+00,-1.118685688568419767e+00,-1.142688495541562599e+00,-1.168583641660998040e+00,-1.196473175932825539e+00,-1.226500525168752853e+00,-1.258849053875891189e+00,-1.293743584555219428e+00,-1.331454554007292845e+00,-1.372304806425618251e+00,-1.416679359832255569e+00,-1.465038863354321430e+00,-1.517937963799038892e+00,-1.576050542440574853e+00,-1.640204976391732350e+00,-1.711434612677032563e+00,-1.791052283449579674e+00,-1.869891299571036170e+00,-1.859911101401672928e+00,-1.852958427755969639e+00,-1.847751073333940841e+00,-1.843622360402333182e+00,-1.840186986532215130e+00,-1.837202291329430137e+00,-1.834504745013199267e+00,-1.831986996035010362e+00,-1.829628872890591174e+00,-1.827685289016495407e+00,-1.827331847708723478e+00,-1.830534518867284577e+00,-1.835688543701819553e+00,-1.839780597318190880e+00,-1.841626382401715611e+00,-1.841089471529670618e+00,-1.838549235875532872e+00,-1.834604592127309086e+00,-1.829877253644838664e+00,-1.824929940050290966e+00,-1.820250087160190100e+00,-1.816224073534031813e+00,-1.813071416064998109e+00
-9.894631473587328641e-01,-9.927184219028715173e-01,-9.973698074570435113e-01,-1.004000601922903524e+00,-1.013153472007535250e+00,-1.025072645535493043e+00,-1.039628908261014395e+00,-1.056511712909032674e+00,-1.075437073914529362e+00,-1.096226611599544043e+00,-1.118804353401776197e+00,-1.143173184106119455e+00,-1.169394920466707122e+00,-1.197577953624858083e+00,-1.227871086656494137e+00,-1.260461804274964015e+00,-1.295577817538649867e+00,-1.333491331719406814e+00,-1.374525958599528419e+00,-1.419066593625350370e+00,-1.467572991093549772e+00,-1.520598296782138314e+00,-1.578814573464155879e+00,-1.643048603614923442e+00,-1.714333381655890109e+00,-1.793984502570774131e+00,-1.883717709593275114e+00,-1.873224242707218545e+00,-1.864800385927376736e+00,-1.858673002854061229e+00,-1.853991345500436649e+00,-1.850279055943309103e+00,-1.847253149366662184e+00,-1.844745932099666863e+00,-1.842682541239056615e+00,-1.841119013122489267e+00,-1.840388652021846649e+00,-1.841314169202672657e+00,-1.844590686875101415e+00,-1.849039834045799191e+00,-1.852515358278086000e+00,-1.853727037191384763e+00,-1.852419192506352230e+00,-1.849037173741260975e+00,-1.844301159698159109e+00,-1.838903796337403751e+00,-1.833410331713642982e+00,-1.828259378922188594e+00,-1.823765332750053814e+00,-1.820096131161195840e+00
-9.886617136743269807e-01,-9.913660872794948231e-01,-9.954343315777092194e-01,-1.001613380360215411e+00,-1.010661048573359810e+00,-1.022876202795032219e+00,-1.037965394740892444e+00,-1.055432271890298868e+00,-1.074898376396800748e+00,-1.096159639846066236e+00,-1.119143038547191216e+00,-1.143862191230976544e+00,-1.170389816424498353e+00,-1.198843270062023292e+00,-1.229378149961367184e+00,-1.262186851140059352e+00,-1.297500472094870183e+00,-1.335593400237701900e+00,-1.376790486291948001e+00,-1.421477153728488929e+00,-1.470113219988666842e+00,-1.523251751683409871e+00,-1.581565083422782347e+00,-1.645881432171848457e+00,-1.717237753199476913e+00,-1.796958405316585461e+00,-1.886776402816746190e+00,-1.887251723363027933e+00,-1.877223416225634711e+00,-1.870105185905400536e+00,-1.864836745321829747e+00,-1.860839286452265595e+00,-1.857784105964751520e+00,-1.855495059727882756e+00,-1.853918014424477123e+00,-1.853142415295687462e+00,-1.853464178240872950e+00,-1.855353673292637007e+00,-1.858915230406974928e+00,-1.863099894655171562e+00,-1.866131201363669057e+00,-1.866657396132808122e+00,-1.864384051487466332e+00,-1.859936082427255943e+00,-1.854227519057444207e+00,-1.848030226799788567e+00,-1.841896372120347625e+00,-1.836207157531751566e+00,-1.831210368320528081e+00,-1.827027962043658915e+00
-9.881156916244198118e-01,-9.902136562762636762e-01,-9.935733284225073403e-01,-9.991493725265577774e-01,-1.008066605717841568e+00,-1.020714957251001032e+00,-1.036488593253301893e+00,-1.054624198716362704e+00,-1.074658063365833582e+00,-1.096385781968990836e+00,-1.119754286207605531e+00,-1.144796817512307108e+00,-1.171601238145657753e+00,-1.200295789429158599e+00,-1.231043688827856641e+00,-1.264042581545263166e+00,-1.299527116416016259e+00,-1.337774016108440156e+00,-1.379109620329341812e+00,-1.423920314917005658e+00,-1.472666690182615090e+00,-1.525902828003600664e+00,-1.584302950806860011e+00,-1.648699014147159136e+00,-1.720135109443170496e+00,-1.799948556945254907e+00,-1.889894858804157973e+00,-1.902002106840131379e+00,-1.890213771293027589e+00,-1.882015869242578576e+00,-1.876108273752489675e+00,-1.871794856765548021e+00,-1.868691785905390201e+00,-1.866604435446921562e+00,-1.865481036638578560e+00,-1.865407398160308761e+00,-1.866601271759771308e+00,-1.869287706572540841e+00,-1.873294056320796708e+00,-1.877597912656338464e+00,-1.880465902520486177e+00,-1.880318510259136655e+00,-1.876858608573365172e+00,-1.871092537109736886e+00,-1.864235614133530339e+00,-1.857132735503876697e+00,-1.850293995940963887e+00,-1.844027924334373569e+00,-1.838514488041469663e+00,-1.833830665927001169e+00
-9.879254545935413079e-01,-9.893890769649544836e-01,-9.919033248323159135e-01,-9.966414863958323878e-01,-1.005387018026153712e+00,-1.018700930621356360e+00,-1.035346417233227401e+00,-1.054214856499494424e+00,-1.074812420223315357e+00,-1.096975799546197061e+00,-1.120690549472620257e+00,-1.146016790210630854e+00,-1.173060038996025289e+00,-1.201960075712450893e+00,-1.232887709837872325e+00,-1.266045608563875824e+00,-1.301671744262389296e+00,-1.340045042502892247e+00,-1.381493348267025745e+00,-1.426404220404348999e+00,-1.475239478164411810e+00,-1.528554982496448167e+00,-1.587027988199758211e+00,-1.651495788102931739e+00,-1.723011706780559260e+00,-1.802928569017398841e+00,-1.893027069966470410e+00,-1.917480220623764220e+00,-1.903752305561084768e+00,-1.894366903811081304e+00,-1.887748547284053169e+00,-1.883065574477755799e+00,-1.879866456847969713e+00,-1.877925020164169512e+00,-1.877173652483177246e+00,-1.877672138328507101e+00,-1.879562516406157124e+00,-1.882928827919625459e+00,-1.887496919236872017e+00,-1.892275526175646094e+00,-1.895373197669230292e+00,-1.894612969554307247e+00,-1.889663863117268416e+00,-1.882294136191686285e+00,-1.874142051966437128e+00,-1.866072156912137014e+00,-1.858503965563921057e+00,-1.851653974552988746e+00,-1.845631331235055184e+00,-1.840468415728458762e+00
-9.882079237906004066e-01,-9.890707707726285047e-01,-9.906384158882222124e-01,-9.941709296959051478e-01,-1.002663944590940659e+00,-1.017054134979888724e+00,-1.034755214192075057e+00,-1.054357058950305737e+00,-1.075463511194426403e+00,-1.097999067559091380e+00,-1.122000733821981955e+00,-1.147557956355834907e+00,-1.174793474643514024e+00,-1.203857543258902929e+00,-1.234927522357176732e+00,-1.268210252119732706e+00,-1.303946399245411003e+00,-1.342416675410754490e+00,-1.383950218235081797e+00,-1.428935751851727609e+00,-1.477836532669931202e+00,-1.531210642745410189e+00,-1.589739060499360646e+00,-1.654265349462431089e+00,-1.725853173251198358e+00,-1.805871930484645782e+00,-1.896128057650452892e+00,-1.933688645023878161e+00,-1.917816407714917126e+00,-1.907116427730447983e+00,-1.899696895663585794e+00,-1.894569364394611100e+00,-1.891199866982144373e+00,-1.889316607458435326e+00,-1.888820611628300172e+00,-1.889734108155738834e+00,-1.892139076785219975e+00,-1.896055090704634960e+00,-1.901224316314932716e+00,-1.906788864097551217e+00,-1.910684236616975173e+00,-1.909435540791082131e+00,-1.902511380576092925e+00,-1.893244517348919409e+00,-1.883726780115521526e+00,-1.874697931254537764e+00,-1.866425314274450464e+00,-1.859018161238538802e+00,-1.852515255690719398e+00,-1.846907010895275203e+00
-9.890838519093551051e-01,-9.894823340151809310e-01,-9.901641129929908969e-01,-9.920041524111227194e-01,-1.000048710624316550e+00,-1.016215086865189798e+00,-1.035001898156227007e+00,-1.055213429422998894e+00,-1.076707566307014918e+00,-1.099516571854199487e+00,-1.123726069359479274e+00,-1.149449792678193472e+00,-1.176823646575183124e+00,-1.206005446914089951e+00,-1.237177060064133194e+00,-1.270548069261499657e+00,-1.306360842468208494e+00,-1.344897207014654983e+00,-1.386487175018114248e+00,-1.431520428287232027e+00,-1.480461637751296244e+00,-1.533871247317618147e+00,-1.592434229131532319e+00,-1.657000743731789960e+00,-1.728645017863943867e+00,-1.808752823125773235e+00,-1.899155095763607415e+00,-1.950629377772963746e+00,-1.932382037807501618e+00,-1.920221549299276020e+00,-1.911892963320973138e+00,-1.906227082369636561e+00,-1.902591378070333406e+00,-1.900654400873869276e+00,-1.900272770470081252e+00,-1.901424010573355083e+00,-1.904141626403261567e+00,-1.908422038776281582e+00,-1.914090776074455880e+00,-1.920581402061601217e+00,-1.926075015092522991e+00,-1.924614539257429202e+00,-1.914874302382349347e+00,-1.903545205803329088e+00,-1.892744711701520810e+00,-1.882858906574748081e+00,-1.873962037968009753e+00,-1.866058066395105852e+00,-1.859124134879839518e+00,-1.853115409088801346e+00
-9.906535266855074351e-01,-9.908450661077616850e-01,-9.910495570255519748e-01,-9.913194252897081782e-01,-9.985812678815338961e-01,-1.016931942224292618e+00,-1.036386766997924536e+00,-1.056922476747932604e+00,-1.078618767782501209e+00,-1.101572959618819958e+00,-1.125895953719113329e+00,-1.151713082200136018e+00,-1.179166122927287397e+00,-1.208416019243524708e+00,-1.239646316581051400e+00,-1.273067471496325709e+00,-1.308922286846742056e+00,-1.347492840899063848e+00,-1.389109437329884233e+00,-1.434162338605936782e+00,-1.483117403712700622e+00,-1.536537308599704277e+00,-1.595110912169290796e+00,-1.659694763594222300e+00,-1.731373120236620489e+00,-1.811546872521810903e+00,-1.902068791975882300e+00,-1.968305574818551840e+00,-1.947425727761767034e+00,-1.933640837792893752e+00,-1.924279852965640414e+00,-1.917966400713028152e+00,-1.913952418936721189e+00,-1.911833196513062383e+00,-1.911409376791582071e+00,-1.912606533809052101e+00,-1.915410274456898598e+00,-1.919797727555368150e+00,-1.925668381764108261e+00,-1.932779928989652785e+00,-1.940442029589767969e+00,-1.939467544479696492e+00,-1.925793274169483205e+00,-1.912731191570074651e+00,-1.900959787265406042e+00,-1.890421235988116511e+00,-1.881032056472376368e+00,-1.872720844335888923e+00,-1.865422230526873504e+00,-1.859067309371988941e+00
-9.929676259189952336e-01,-9.932833429309306794e-01,-9.937253916490224048e-01,-9.947825956526590296e-01,-1.002556276577866390e+00,-1.019841119401265983e+00,-1.039084895396850117e+00,-1.059554994626290991e+00,-1.081233208431432447e+00,-1.104189692973812420e+00,-1.128524655657026310e+00,-1.154358166780121486e+00,-1.181828937446475436e+00,-1.211095859621920789e+00,-1.242340952992938563e+00,-1.275773462600535257e+00,-1.311635218148166304e+00,-1.350207571273130513e+00,-1.391820423378830052e+00,-1.436864110908127712e+00,-1.485805285585047431e+00,-1.539208493874141270e+00,-1.597766050549140227e+00,-1.662340232775349813e+00,-1.734024173763593302e+00,-1.814231795644500878e+00,-1.904833972825813904e+00,-1.986723280486394128e+00,-1.962926429911839410e+00,-1.947336481176747736e+00,-1.936806662176798532e+00,-1.929724681350864612e+00,-1.925209444468764852e+00,-1.922769927568586334e+00,-1.922140084798355630e+00,-1.923184831090074765e+00,-1.925832381605194321e+00,-1.930015304638336149e+00,-1.935620921633785185e+00,-1.942454200169271283e+00,-1.950079454795021983e+00,-1.948901593790800302e+00,-1.934075817860420932e+00,-1.920420912958542781e+00,-1.908199839816967724e+00,-1.897289495092508993e+00,-1.887576339881581022e+00,-1.878967737192673182e+00,-1.871382706204131496e+00,-1.864742533054826401e+00
-9.960096642994537008e-01,-9.967515911604034606e-01,-9.980132995060256862e-01,-1.000968797429240720e+00,-1.009435224771606299e+00,-1.024669385125289711e+00,-1.043030037491515349e+00,-1.063086903219822688e+00,-1.084540199219959256e+00,-1.107361607139737858e+00,-1.131609729202542658e+00,-1.157384128929334732e+00,-1.184812128607642512e+00,-1.214045655802583168e+00,-1.245262120179476906e+00,-1.278667521059228207e+00,-1.314501316863336378e+00,-1.353043134503532752e+00,-1.394621729222482065e+00,-1.439626920216337647e+00,-1.488525627824486053e+00,-1.541883720024938675e+00,-1.600396271612462673e+00,-1.664930262629816138e+00,-1.736586061962676730e+00,-1.816787918010269509e+00,-1.907420339357141836e+00,-2.005893078220597481e+00,-1.978867129240732936e+00,-1.961276022293581667e+00,-1.949430345155288125e+00,-1.941450845974475925e+00,-1.936305563666268048e+00,-1.933404796310544738e+00,-1.932406024013732848e+00,-1.933104415963291078e+00,-1.935357354239900074e+00,-1.939018955473560846e+00,-1.943864334040270148e+00,-1.949420481720649079e+00,-1.954091307681455447e+00,-1.951299765565637889e+00,-1.939489919372006987e+00,-1.926518975265778755e+00,-1.914406226359680607e+00,-1.903422785908531090e+00,-1.893565364372677307e+00,-1.884777180718936629e+00,-1.876989346830220118e+00,-1.870127982683996049e+00
-9.997027749151382592e-01,-1.001064548084436456e+00,-1.003345853808817134e+00,-1.007795379050085760e+00,-1.016657542075387610e+00,-1.030621919775071671e+00,-1.047963915638290944e+00,-1.067410036035950638e+00,-1.088485582995038392e+00,-1.111058183554095802e+00,-1.135132585453232590e+00,-1.160779079461105923e+00,-1.188107897055673989e+00,-1.217260275891036025e+00,-1.248406515768866631e+00,-1.281747638073869267e+00,-1.317519487118886223e+00,-1.355999036336356101e+00,-1.397513161295000472e+00,-1.442450534203767010e+00,-1.491277732988637528e+00,-1.544561257373326502e+00,-1.602998042731910822e+00,-1.667458471109517948e+00,-1.739048154770601817e+00,-1.819198545687225721e+00,-1.909802880257865265e+00,-2.013425375823925556e+00,-1.995236167189691878e+00,-1.975433632930867711e+00,-1.962116893796386874e+00,-1.953106303490660611e+00,-1.947200959298112988e+00,-1.943700968961744824e+00,-1.942178980954412992e+00,-1.942353048902651036e+00,-1.943999557851223470e+00,-1.946873212898046379e+00,-1.950595031851483530e+00,-1.954392398824200239e+00,-1.956336195890922891e+00,-1.952692228001343899e+00,-1.943002700969786334e+00,-1.931249180138500554e+00,-1.919642183903555122e+00,-1.908837815415983297e+00,-1.899000599992409777e+00,-1.890145708957153836e+00,-1.882237179814659767e+00,-1.875218032822555836e+00
-1.003935591162683050e+00,-1.005994469966398075e+00,-1.009247779870286577e+00,-1.014756506323175378e+00,-1.023897359242392557e+00,-1.037120974839837118e+00,-1.053585688592963532e+00,-1.072371834004239632e+00,-1.092985189207364094e+00,-1.115229029199799049e+00,-1.139061052052334322e+00,-1.164521484812667707e+00,-1.191701352371877798e+00,-1.220729216747809431e+00,-1.251766668413345718e+00,-1.285008506999121947e+00,-1.320685990002895105e+00,-1.359072652810970006e+00,-1.400492821173298319e+00,-1.445333394619219725e+00,-1.494059951301477840e+00,-1.547238838446693743e+00,-1.605567809559754089e+00,-1.669919157668372733e+00,-1.741401518566318085e+00,-1.821450188993803287e+00,-1.911962047747376880e+00,-2.015502154759981401e+00,-2.012028255500504237e+00,-1.989790926164806129e+00,-1.974841879914081666e+00,-1.964665034407128585e+00,-1.957872233599382117e+00,-1.953642857382148268e+00,-1.951458275724137437e+00,-1.950955424728219034e+00,-1.951827207081795912e+00,-1.953729984234573003e+00,-1.956156476756308882e+00,-1.958200522809141919e+00,-1.958189335691329580e+00,-1.954017971231526429e+00,-1.945559637279995480e+00,-1.934977441395992814e+00,-1.924053916645495077e+00,-1.913597573527501927e+00,-1.903910592967745785e+00,-1.895086489244658834e+00,-1.887131927871682935e+00,-1.880014310772707864e+00
-1.008590199365175355e+00,-1.011342992381039974e+00,-1.015439939491861621e+00,-1.021720754465463177e+00,-1.031086135438747942e+00,-1.043867409289610082e+00,-1.059648627787021180e+00,-1.077815844096242204e+00,-1.097941714027224069e+00,-1.119811567475913705e+00,-1.143353217426419821e+00,-1.168582250614661477e+00,-1.195571721895226425e+00,-1.224437346434527729e+00,-1.255331416481084261e+00,-1.288441845696847388e+00,-1.323994670207833790e+00,-1.362259397703720953e+00,-1.403557237479212683e+00,-1.448272730280571130e+00,-1.496869787308334754e+00,-1.549913767903244199e+00,-1.608102115246507813e+00,-1.672307431356859997e+00,-1.743639040009877350e+00,-1.823532644611899123e+00,-1.913883716278196978e+00,-2.017250822926599962e+00,-2.029245185562086551e+00,-2.004337340728369554e+00,-1.987590437666766796e+00,-1.976112970208991459e+00,-1.968310873935343652e+00,-1.963233217355985660e+00,-1.960265688010363272e+00,-1.958963884262674426e+00,-1.958942559466993139e+00,-1.959777841000537979e+00,-1.960890005066104891e+00,-1.961387120895223601e+00,-1.959973236397565266e+00,-1.955409985054675337e+00,-1.947675651342912984e+00,-1.938038846101507673e+00,-1.927815645815670109e+00,-1.917791968621320953e+00,-1.908343289177215851e+00,-1.899625998814720607e+00,-1.891688477446576755e+00,-1.884524935030563730e+00
-1.013560283440165799e+00,-1.016962437943419895e+00,-1.021771246042477710e+00,-1.028641435527458237e+00,-1.038200849998693442e+00,-1.050712564130312998e+00,-1.065978787473470302e+00,-1.083605581235907112e+00,-1.103258738964217667e+00,-1.124738643613825806e+00,-1.147961645761131688e+00,-1.172927163212673429e+00,-1.199693833080844874e+00,-1.228365844783483762e+00,-1.259086529183355507e+00,-1.292036822011899178e+00,-1.327437257988691721e+00,-1.365552945020159337e+00,-1.406701537137332814e+00,-1.451264695997728893e+00,-1.499704019295325708e+00,-1.552583030317369994e+00,-1.610597698665884758e+00,-1.674619292589975439e+00,-1.745755468998955395e+00,-1.825438950531150573e+00,-1.915558954809335024e+00,-2.018660719666688586e+00,-2.046896260847347104e+00,-2.019070156298975682e+00,-2.000356792408719553e+00,-1.987446838555142259e+00,-1.978521098510158449e+00,-1.972489490597990613e+00,-1.968639346765634457e+00,-1.966447708150292240e+00,-1.965461493925930281e+00,-1.965201092633811708e+00,-1.965065697888681795e+00,-1.964251069041514031e+00,-1.961785137971581605e+00,-1.956897445841256689e+00,-1.949597256152017399e+00,-1.940677805638669762e+00,-1.931089763957179573e+00,-1.921518993887991744e+00,-1.912357249145226312e+00,-1.903799771229332416e+00,-1.895928726084106897e+00,-1.888763363476230861e+00
-1.018758253828166094e+00,-1.022749953522517963e+00,-1.028158332860146462e+00,-1.035497881676428644e+00,-1.045231404460469360e+00,-1.057578725608885994e+00,-1.072460267956131919e+00,-1.089632029665004609e+00,-1.108849251052326235e+00,-1.129944487786459284e+00,-1.152837184145914851e+00,-1.177519300892672094e+00,-1.204039668737096891e+00,-1.232493233566536839e+00,-1.263015408670968398e+00,-1.295780545978909792e+00,-1.331003723956327933e+00,-1.368945492060581026e+00,-1.409919646286064143e+00,-1.454304530711893806e+00,-1.502558826845329820e+00,-1.555243393042687439e+00,-1.613051571142393836e+00,-1.676851671669779664e+00,-1.747747389959526831e+00,-1.827165233539196354e+00,-1.916983649867848749e+00,-2.019728343199831855e+00,-2.064998496410627382e+00,-2.033994214968561032e+00,-2.013143457670985903e+00,-1.998672662442954717e+00,-1.988517376106578638e+00,-1.981439899459537468e+00,-1.976627627369330620e+00,-1.973483410310364450e+00,-1.971498064878872469e+00,-1.970158576520699700e+00,-1.968876453221059419e+00,-1.966954274650720702e+00,-1.963660469705060585e+00,-1.958486108576875440e+00,-1.951444647455010006e+00,-1.943056616092986744e+00,-1.934009650388095247e+00,-1.924871596297307752e+00,-1.916013997121954748e+00,-1.907648158448987497e+00,-1.899879224782668130e+00,-1.892747042168898775e+00
-1.024115416240464205e+00,-1.028635311623201654e+00,-1.034552932039153550e+00,-1.042279457649774255e+00,-1.052172551041311799e+00,-1.064422451967629302e+00,-1.079016629410913808e+00,-1.095812016311380699e+00,-1.114639180941615626e+00,-1.135368520191498698e+00,-1.157931910734032011e+00,-1.182321128566260482e+00,-1.208579824988231133e+00,-1.236796395389484271e+00,-1.267099812163332118e+00,-1.299658590948867376e+00,-1.334682662541716525e+00,-1.372428047158834818e+00,-1.413204510123774460e+00,-1.457386727581421182e+00,-1.505429921850821584e+00,-1.557891501890920294e+00,-1.615461072355657945e+00,-1.679002429037937949e+00,-1.749613133255147446e+00,-1.828710471928501446e+00,-1.918158019169039497e+00,-2.020456454923633682e+00,-2.083576639737914515e+00,-2.049121431555312345e+00,-2.025960224514114838e+00,-2.009804097247954502e+00,-1.998321898928420604e+00,-1.990119750409845123e+00,-1.984283861767829338e+00,-1.980147411325798190e+00,-1.977155533691410838e+00,-1.974777997419825848e+00,-1.972454717915304911e+00,-1.969587344075737212e+00,-1.965613347230535046e+00,-1.960174926996703926e+00,-1.953279432490138134e+00,-1.945279845116440587e+00,-1.936677727271869598e+00,-1.927930969725515364e+00,-1.919372606306282369e+00,-1.911212772695479956e+00,-1.903568967771342990e+00,-1.896496037352956465e+00
-1.029579186012618441e+00,-1.034570400387051947e+00,-1.040925625275276767e+00,-1.048980081110122864e+00,-1.059021244039896725e+00,-1.071217912688457341e+00,-1.085596916940039680e+00,-1.102083391062842699e+00,-1.120567700486750695e+00,-1.140957233364935375e+00,-1.163201104439154809e+00,-1.187296125649045964e+00,-1.213284756688053578e+00,-1.241251502453553757e+00,-1.271320541815933458e+00,-1.303655508995073653e+00,-1.338461680927816699e+00,-1.375990726326661751e+00,-1.416548320883092460e+00,-1.460505208722629567e+00,-1.508312678504700743e+00,-1.560523967883094443e+00,-1.617823906974725112e+00,-1.681070323430527313e+00,-1.751352639798525734e+00,-1.830076196948209777e+00,-1.919086054821636411e+00,-2.020853119933561981e+00,-2.102663071737347344e+00,-2.064470174476858766e+00,-2.038823057867732658e+00,-2.020860764787231645e+00,-2.007962231071374060e+00,-1.998568260644701944e+00,-1.991662272976168602e+00,-1.986511371746443988e+00,-1.982522700982503272e+00,-1.979158350849915315e+00,-1.975890758091264576e+00,-1.972203246685643618e+00,-1.967649363010233632e+00,-1.961960779158491874e+00,-1.955134712702710997e+00,-1.947414826058423420e+00,-1.939170048238205935e+00,-1.930764573440149068e+00,-1.922486582611963701e+00,-1.914533899924897975e+00,-1.907027554820057480e+00,-1.900031791446507912e+00
-1.035109676854627070e+00,-1.040521798965972300e+00,-1.047257630695874964e+00,-1.055596008592102786e+00,-1.065775593725095671e+00,-1.077948938251742650e+00,-1.092166523698955505e+00,-1.108400007644787522e+00,-1.126585898905369421e+00,-1.146664698116527603e+00,-1.168604341956657633e+00,-1.192409917426554111e+00,-1.218125754260359184e+00,-1.245834804716887456e+00,-1.275658063560705324e+00,-1.307755312395617819e+00,-1.342327773301876803e+00,-1.379623044494762141e+00,-1.419942743866146051e+00,-1.463653497781715718e+00,-1.511202258220521566e+00,-1.563137443835231455e+00,-1.620138164169210082e+00,-1.683054954669516823e+00,-1.752967292145889200e+00,-1.831266155659244887e+00,-1.919774931866490286e+00,-2.020930736833118413e+00,-2.122297646122096371e+00,-2.080064591193197199e+00,-2.051752995631255239e+00,-2.031866705140580098e+00,-2.017469277586552145e+00,-2.006826057633094074e+00,-1.998815189536483405e+00,-1.992639774020762422e+00,-1.987673585524229347e+00,-1.983375116948062677e+00,-1.979246596042508965e+00,-1.974834289507741980e+00,-1.969770383149664683e+00,-1.963840062715906942e+00,-1.957028926460472107e+00,-1.949505443441192254e+00,-1.941542303460134455e+00,-1.933426803872124733e+00,-1.925402550214410313e+00,-1.917648877721303657e+00,-1.910283818012941337e+00,-1.903376088136824684e+00
-1.040676644068229573e+00,-1.046465875546986668e+00,-1.053536476296268676e+00,-1.062124824782745725e+00,-1.072434394189706541e+00,-1.084604988150683846e+00,-1.098701462295319287e+00,-1.114727550864540673e+00,-1.132654897642108249e+00,-1.152452240797291694e+00,-1.174105928717698033e+00,-1.197630960796650212e+00,-1.223075645240227161e+00,-1.250523254623498115e+00,-1.280093031170307594e+00,-1.311941901084570095e+00,-1.346267664662928354e+00,-1.383314189453500154e+00,-1.423379132856250395e+00,-1.466824884377549543e+00,-1.514093726048118427e+00,-1.565728690023942216e+00,-1.622402322483498915e+00,-1.684956687852047441e+00,-1.754459724668758325e+00,-1.832285955686271839e+00,-1.920234412899906484e+00,-2.020705099789269266e+00,-2.136970658211441165e+00,-2.095933939967026483e+00,-2.064775122468499369e+00,-2.042849023950593867e+00,-2.026875642101494623e+00,-2.014933364136985094e+00,-2.005791370884447478e+00,-1.998589098924801855e+00,-1.992668796095726780e+00,-1.987485589004871711e+00,-1.982565504623956087e+00,-1.977500938195281499e+00,-1.971976575028941525e+00,-1.965809276737240596e+00,-1.958972589135970832e+00,-1.951580781615308569e+00,-1.943835163056360837e+00,-1.935960794073867897e+00,-1.928160112857757458e+00,-1.920591264609287530e+00,-1.913364903165533537e+00,-1.906550259297838723e+00
