"Longitude (x)","Latitude (y)","Station Name","Climate ID","Date/Time (LST)","Year","Month","Day","Time (LST)","Temp (°C)","Temp Flag","Dew Point Temp (°C)","Dew Point Temp Flag","Rel Hum (%)","Rel Hum Flag","Precip. Amount (mm)","Precip. Amount Flag","Wind Dir (10s deg)","Wind Dir Flag","Wind Spd (km/h)","Wind Spd Flag","Visibility (km)","Visibility Flag","Stn Press (kPa)","Stn Press Flag","Hmdx","Hmdx Flag","Wind Chill","Wind Chill Flag","Weather"
"-77.96","72.69","POND INLET CLIMATE","2403204","2018-01-01 00:00","2018","01","01","00:00","-33.5","","-37.3","","68","","0.0","","17","","8","","","","100.42","","","","-42","","NA"
"-77.96","72.69","POND INLET CLIMATE","2403204","2018-01-01 01:00","2018","01","01","01:00","-33.9","","-37.9","","68","","0.0","","17","","7","","","","100.43","","","","-42","","NA"
"-77.96","72.69","POND INLET CLIMATE","2403204","2018-01-01 02:00","2018","01","01","02:00","-34.3","","-38.2","","67","","0.0","","17","","4","","","","100.43","","","","-39","","NA"
"-77.96","72.69","POND INLET CLIMATE","2403204","2018-01-01 03:00","2018","01","01","03:00","-33.9","","-37.8","","68","","0.0","","15","","2","","","","100.45","","","","-36","","NA"
"-77.96","72.69","POND INLET CLIMATE","2403204","2018-01-01 04:00","2018","01","01","04:00","-34.2","","-38.1","","68","","0.0","","","","0","","","","100.45","","","","","","NA"
"-77.96","72.69","POND INLET CLIMATE","2403204","2018-01-01 05:00","2018","01","01","05:00","-35.3","","-39.3","","67","","0.0","","18","","3","","","","100.45","","","","-39","","NA"
"-77.96","72.69","POND INLET CLIMATE","2403204","2018-01-01 06:00","2018","01","01","06:00","-34.7","","-38.6","","68","","0.0","","20","","6","","","","100.48","","","","-42","","NA"
"-77.96","72.69","POND INLET CLIMATE","2403204","2018-01-01 07:00","2018","01","01","07:00","-36.4","","-40.5","","65","","0.0","","17","","6","","","","100.49","","","","-44","","NA"
"-77.96","72.69","POND INLET CLIMATE","2403204","2018-01-01 08:00","2018","01","01","08:00","-34.9","","-39.0","","67","","0.0","","18","","6","","","","100.49","","","","-42","","NA"
"-77.96","72.69","POND INLET CLIMATE","2403204","2018-01-01 09:00","2018","01","01","09:00","-34.7","","-38.7","","67","","0.0","","18","","5","","","","100.49","","","","-41","","NA"
"-77.96","72.69","POND INLET CLIMATE","2403204","2018-01-01 10:00","2018","01","01","10:00","-35.0","","-39.0","","67","","0.0","","19","","6","","","","100.53","","","","-42","","NA"
"-77.96","72.69","POND INLET CLIMATE","2403204","2018-01-01 11:00","2018","01","01","11:00","-33.9","","-37.8","","68","","0.0","","17","","6","","","","100.54","","","","-41","","NA"
"-77.96","72.69","POND INLET CLIMATE","2403204","2018-01-01 12:00","2018","01","01","12:00","-34.0","","-37.9","","67","","0.0","","21","","4","","","","100.54","","","","-39","","NA"
"-77.96","72.69","POND INLET CLIMATE","2403204","2018-01-01 13:00","2018","01","01","13:00","-32.6","","-36.4","","69","","0.0","","18","","6","","","","100.55","","","","-40","","NA"
"-77.96","72.69","POND INLET CLIMATE","2403204","2018-01-01 14:00","2018","01","01","14:00","-33.0","","-36.9","","68","","0.0","","23","","5","","","","100.59","","","","-39","","NA"
"-77.96","72.69","POND INLET CLIMATE","2403204","2018-01-01 15:00","2018","01","01","15:00","-34.9","","-38.9","","67","","0.0","","20","","4","","","","100.61","","","","-40","","NA"
"-77.96","72.69","POND INLET CLIMATE","2403204","2018-01-01 16:00","2018","01","01","16:00","-35.9","","-40.0","","66","","0.0","","18","","5","","","","100.66","","","","-42","","NA"
"-77.96","72.69","POND INLET CLIMATE","2403204","2018-01-01 17:00","2018","01","01","17:00","-34.6","","-38.7","","67","","0.0","","19","","5","","","","100.68","","","","-41","","NA"
"-77.96","72.69","POND INLET CLIMATE","2403204","2018-01-01 18:00","2018","01","01","18:00","-34.5","","-38.5","","67","","0.0","","19","","5","","","","100.70","","","","-41","","NA"
"-77.96","72.69","POND INLET CLIMATE","2403204","2018-01-01 19:00","2018","01","01","19:00","-35.1","","-39.2","","66","","0.0","","21","","6","","","","100.72","","","","-42","","NA"
"-77.96","72.69","POND INLET CLIMATE","2403204","2018-01-01 20:00","2018","01","01","20:00","-34.5","","-38.5","","67","","0.0","","20","","6","","","","100.73","","","","-42","","NA"
"-77.96","72.69","POND INLET CLIMATE","2403204","2018-01-01 21:00","2018","01","01","21:00","-34.6","","-38.6","","67","","0.0","","20","","8","","","","100.73","","","","-43","","NA"
"-77.96","72.69","POND INLET CLIMATE","2403204","2018-01-01 22:00","2018","01","01","22:00","-33.9","","-37.8","","68","","0.0","","19","","6","","","","100.72","","","","-41","","NA"
"-77.96","72.69","POND INLET CLIMATE","2403204","2018-01-01 23:00","2018","01","01","23:00","-32.9","","-36.7","","69","","0.0","","19","","5","","","","100.70","","","","-39","","NA"
"-77.96","72.69","POND INLET CLIMATE","2403204","2018-01-02 00:00","2018","01","02","00:00","-33.2","","-37.1","","68","","0.0","","25","","5","","","","100.70","","","","-39","","NA"
"-77.96","72.69","POND INLET CLIMATE","2403204","2018-01-02 01:00","2018","01","02","01:00","-34.5","","-38.6","","67","","0.0","","22","","7","","","","100.72","","","","-43","","NA"
"-77.96","72.69","POND INLET CLIMATE","2403204","2018-01-02 02:00","2018","01","02","02:00","-33.6","","-37.5","","68","","0.0","","24","","5","","","","100.76","","","","-40","","NA"
"-77.96","72.69","POND INLET CLIMATE","2403204","2018-01-02 03:00","2018","01","02","03:00","-33.7","","-37.7","","68","","0.0","","20","","6","","","","100.78","","","","-41","","NA"
"-77.96","72.69","POND INLET CLIMATE","2403204","2018-01-02 04:00","2018","01","02","04:00","-32.6","","-36.3","","69","","0.0","","17","","5","","","","100.81","","","","-39","","NA"
"-77.96","72.69","POND INLET CLIMATE","2403204","2018-01-02 05:00","2018","01","02","05:00","-32.5","","-36.3","","69","","0.0","","21","","5","","","","100.81","","","","-38","","NA"
"-77.96","72.69","POND INLET CLIMATE","2403204","2018-01-02 06:00","2018","01","02","06:00","-32.5","","-36.2","","69","","0.0","","21","","5","","","","100.85","","","","-38","","NA"
"-77.96","72.69","POND INLET CLIMATE","2403204","2018-01-02 07:00","2018","01","02","07:00","-31.5","","-35.1","","70","","0.0","","22","","5","","","","100.84","","","","-37","","NA"
"-77.96","72.69","POND INLET CLIMATE","2403204","2018-01-02 08:00","2018","01","02","08:00","-32.6","","-36.4","","68","","0.0","","22","","5","","","","100.85","","","","-39","","NA"
"-77.96","72.69","POND INLET CLIMATE","2403204","2018-01-02 09:00","2018","01","02","09:00","-33.7","","-37.7","","67","","0.0","","21","","6","","","","100.85","","","","-41","","NA"
"-77.96","72.69","POND INLET CLIMATE","2403204","2018-01-02 10:00","2018","01","02","10:00","-34.0","","-37.9","","68","","0.0","","20","","8","","","","100.85","","","","-43","","NA"
"-77.96","72.69","POND INLET CLIMATE","2403204","2018-01-02 11:00","2018","01","02","11:00","-35.0","","-39.2","","66","","0.0","","20","","8","","","","100.86","","","","-44","","NA"
"-77.96","72.69","POND INLET CLIMATE","2403204","2018-01-02 12:00","2018","01","02","12:00","-34.8","","-38.7","","67","","0.0","","20","","7","","","","100.88","","","","-43","","NA"
"-77.96","72.69","POND INLET CLIMATE","2403204","2018-01-02 13:00","2018","01","02","13:00","-33.8","","-37.5","","69","","0.0","","19","","4","","","","100.87","","","","-39","","NA"
"-77.96","72.69","POND INLET CLIMATE","2403204","2018-01-02 14:00","2018","01","02","14:00","-34.3","","-38.2","","68","","0.0","","18","","7","","","","100.90","","","","-42","","NA"
"-77.96","72.69","POND INLET CLIMATE","2403204","2018-01-02 15:00","2018","01","02","15:00","-34.4","","-38.5","","67","","0.0","","17","","6","","","","100.92","","","","-42","","NA"
"-77.96","72.69","POND INLET CLIMATE","2403204","2018-01-02 16:00","2018","01","02","16:00","-33.8","","-37.8","","67","","0.0","","18","","6","","","","100.95","","","","-41","","NA"
"-77.96","72.69","POND INLET CLIMATE","2403204","2018-01-02 17:00","2018","01","02","17:00","-34.0","","-38.1","","66","","0.0","","18","","3","","","","101.00","","","","-38","","NA"
"-77.96","72.69","POND INLET CLIMATE","2403204","2018-01-02 18:00","2018","01","02","18:00","-33.7","","-37.6","","68","","0.0","","8","","2","","","","101.04","","","","-36","","NA"
"-77.96","72.69","POND INLET CLIMATE","2403204","2018-01-02 19:00","2018","01","02","19:00","-33.8","","-37.7","","68","","0.0","","","","0","","","","101.06","","","","","","NA"
"-77.96","72.69","POND INLET CLIMATE","2403204","2018-01-02 20:00","2018","01","02","20:00","-34.1","","-38.1","","67","","0.0","","27","","2","","","","101.10","","","","-37","","NA"
"-77.96","72.69","POND INLET CLIMATE","2403204","2018-01-02 21:00","2018","01","02","21:00","-34.6","","-38.5","","67","","0.0","","17","","6","","","","101.10","","","","-42","","NA"
"-77.96","72.69","POND INLET CLIMATE","2403204","2018-01-02 22:00","2018","01","02","22:00","-33.7","","-37.6","","68","","0.0","","19","","7","","","","101.10","","","","-42","","NA"
"-77.96","72.69","POND INLET CLIMATE","2403204","2018-01-02 23:00","2018","01","02","23:00","-32.8","","-36.7","","68","","0.0","","24","","5","","","","101.13","","","","-39","","NA"
"-77.96","72.69","POND INLET CLIMATE","2403204","2018-01-03 00:00","2018","01","03","00:00","-33.1","","-37.1","","68","","0.0","","","","0","","","","101.14","","","","","","NA"
"-77.96","72.69","POND INLET CLIMATE","2403204","2018-01-03 01:00","2018","01","03","01:00","-33.9","","-37.7","","69","","0.0","","22","","4","","","","101.19","","","","-39","","NA"
"-77.96","72.69","POND INLET CLIMATE","2403204","2018-01-03 02:00","2018","01","03","02:00","-34.5","","-38.6","","67","","0.0","","20","","6","","","","101.24","","","","-42","","NA"
"-77.96","72.69","POND INLET CLIMATE","2403204","2018-01-03 03:00","2018","01","03","03:00","-36.1","","-40.3","","66","","0.0","","19","","7","","","","101.30","","","","-44","","NA"
"-77.96","72.69","POND INLET CLIMATE","2403204","2018-01-03 04:00","2018","01","03","04:00","-36.6","","-40.8","","65","","0.0","","18","","6","","","","101.36","","","","-44","","NA"
"-77.96","72.69","POND INLET CLIMATE","2403204","2018-01-03 05:00","2018","01","03","05:00","-34.8","","-38.8","","67","","0.0","","23","","3","","","","101.41","","","","-39","","NA"
"-77.96","72.69","POND INLET CLIMATE","2403204","2018-01-03 06:00","2018","01","03","06:00","-34.4","","-38.4","","67","","0.0","","21","","3","","","","101.44","","","","-38","","NA"
"-77.96","72.69","POND INLET CLIMATE","2403204","2018-01-03 07:00","2018","01","03","07:00","-36.4","","-40.8","","64","","0.0","","21","","5","","","","101.47","","","","-43","","NA"
"-77.96","72.69","POND INLET CLIMATE","2403204","2018-01-03 08:00","2018","01","03","08:00","-37.2","","-41.5","","64","","0.0","","20","","8","","","","101.49","","","","-46","","NA"
"-77.96","72.69","POND INLET CLIMATE","2403204","2018-01-03 09:00","2018","01","03","09:00","-36.0","","-40.1","","66","","0.0","","18","","6","","","","101.53","","","","-43","","NA"
"-77.96","72.69","POND INLET CLIMATE","2403204","2018-01-03 10:00","2018","01","03","10:00","-35.5","","-39.6","","66","","0.0","","19","","4","","","","101.54","","","","-41","","NA"
"-77.96","72.69","POND INLET CLIMATE","2403204","2018-01-03 11:00","2018","01","03","11:00","-36.5","","-40.8","","64","","0.0","","20","","3","","","","101.58","","","","-40","","NA"
"-77.96","72.69","POND INLET CLIMATE","2403204","2018-01-03 12:00","2018","01","03","12:00","-37.1","","-41.4","","65","","0.0","","18","","6","","","","101.60","","","","-45","","NA"
"-77.96","72.69","POND INLET CLIMATE","2403204","2018-01-03 13:00","2018","01","03","13:00","-36.7","","-40.9","","65","","0.0","","18","","6","","","","101.63","","","","-44","","NA"
"-77.96","72.69","POND INLET CLIMATE","2403204","2018-01-03 14:00","2018","01","03","14:00","-36.7","","-40.9","","64","","0.0","","21","","5","","","","101.67","","","","-43","","NA"
"-77.96","72.69","POND INLET CLIMATE","2403204","2018-01-03 15:00","2018","01","03","15:00","-36.9","","-41.2","","65","","0.0","","18","","7","","","","101.70","","","","-45","","NA"
"-77.96","72.69","POND INLET CLIMATE","2403204","2018-01-03 16:00","2018","01","03","16:00","-36.5","","-40.6","","66","","0.0","","19","","3","","","","101.73","","","","-40","","NA"
"-77.96","72.69","POND INLET CLIMATE","2403204","2018-01-03 17:00","2018","01","03","17:00","-37.6","","-42.0","","64","","0.0","","18","","6","","","","101.78","","","","-45","","NA"
"-77.96","72.69","POND INLET CLIMATE","2403204","2018-01-03 18:00","2018","01","03","18:00","-36.9","","-41.2","","65","","0.0","","19","","6","","","","101.80","","","","-44","","NA"
"-77.96","72.69","POND INLET CLIMATE","2403204","2018-01-03 19:00","2018","01","03","19:00","-36.3","","-40.4","","65","","0.0","","21","","5","","","","101.81","","","","-43","","NA"
"-77.96","72.69","POND INLET CLIMATE","2403204","2018-01-03 20:00","2018","01","03","20:00","-37.1","","-41.5","","63","","0.0","","21","","4","","","","101.84","","","","-42","","NA"
"-77.96","72.69","POND INLET CLIMATE","2403204","2018-01-03 21:00","2018","01","03","21:00","-36.0","","-40.0","","66","","0.0","","19","","4","","","","101.85","","","","-41","","NA"
"-77.96","72.69","POND INLET CLIMATE","2403204","2018-01-03 22:00","2018","01","03","22:00","-36.9","","-41.3","","64","","0.0","","19","","2","","","","101.87","","","","-40","","NA"
"-77.96","72.69","POND INLET CLIMATE","2403204","2018-01-03 23:00","2018","01","03","23:00","-36.9","","-41.1","","65","","0.0","","","","0","","","","101.88","","","","","","NA"
"-77.96","72.69","POND INLET CLIMATE","2403204","2018-01-04 00:00","2018","01","04","00:00","-37.7","","-42.1","","64","","0.0","","18","","5","","","","101.89","","","","-44","","NA"
"-77.96","72.69","POND INLET CLIMATE","2403204","2018-01-04 01:00","2018","01","04","01:00","-36.0","","-40.1","","66","","0.0","","21","","4","","","","101.91","","","","-41","","NA"
"-77.96","72.69","POND INLET CLIMATE","2403204","2018-01-04 02:00","2018","01","04","02:00","-36.2","","-40.4","","66","","0.0","","20","","6","","","","101.95","","","","-44","","NA"
"-77.96","72.69","POND INLET CLIMATE","2403204","2018-01-04 03:00","2018","01","04","03:00","-36.4","","-40.7","","65","","0.0","","20","","2","","","","101.98","","","","-39","","NA"
"-77.96","72.69","POND INLET CLIMATE","2403204","2018-01-04 04:00","2018","01","04","04:00","-36.9","","-41.2","","64","","0.0","","18","","4","","","","102.03","","","","-42","","NA"
"-77.96","72.69","POND INLET CLIMATE","2403204","2018-01-04 05:00","2018","01","04","05:00","-36.5","","-40.7","","65","","0.0","","20","","5","","","","102.06","","","","-43","","NA"
"-77.96","72.69","POND INLET CLIMATE","2403204","2018-01-04 06:00","2018","01","04","06:00","-36.8","","-41.0","","65","","0.0","","19","","5","","","","102.09","","","","-43","","NA"
"-77.96","72.69","POND INLET CLIMATE","2403204","2018-01-04 07:00","2018","01","04","07:00","-35.9","","-39.9","","66","","0.0","","18","","4","","","","102.10","","","","-41","","NA"
"-77.96","72.69","POND INLET CLIMATE","2403204","2018-01-04 08:00","2018","01","04","08:00","-36.0","","-40.1","","66","","0.0","","19","","4","","","","102.12","","","","-41","","NA"
"-77.96","72.69","POND INLET CLIMATE","2403204","2018-01-04 09:00","2018","01","04","09:00","-35.0","","-39.0","","67","","0.0","","18","","1","","","","102.13","","","","-36","","NA"
"-77.96","72.69","POND INLET CLIMATE","2403204","2018-01-04 10:00","2018","01","04","10:00","-35.6","","-39.7","","66","","0.0","","","","0","","","","102.15","","","","","","NA"
"-77.96","72.69","POND INLET CLIMATE","2403204","2018-01-04 11:00","2018","01","04","11:00","-36.3","","-40.5","","65","","0.0","","","","0","","","","102.15","","","","","","NA"
"-77.96","72.69","POND INLET CLIMATE","2403204","2018-01-04 12:00","2018","01","04","12:00","-37.4","","-41.7","","64","","0.0","","18","","4","","","","102.16","","","","-43","","NA"
"-77.96","72.69","POND INLET CLIMATE","2403204","2018-01-04 13:00","2018","01","04","13:00","-35.6","","-39.7","","65","","0.0","","20","","2","","","","102.18","","","","-38","","NA"
"-77.96","72.69","POND INLET CLIMATE","2403204","2018-01-04 14:00","2018","01","04","14:00","-36.9","","-41.3","","64","","0.0","","19","","3","","","","102.23","","","","-41","","NA"
"-77.96","72.69","POND INLET CLIMATE","2403204","2018-01-04 15:00","2018","01","04","15:00","-36.5","","-40.8","","65","","0.0","","18","","4","","","","102.25","","","","-42","","NA"
"-77.96","72.69","POND INLET CLIMATE","2403204","2018-01-04 16:00","2018","01","04","16:00","-37.7","","-42.1","","63","","0.0","","19","","2","","","","102.30","","","","-40","","NA"
"-77.96","72.69","POND INLET CLIMATE","2403204","2018-01-04 17:00","2018","01","04","17:00","-37.5","","-41.9","","64","","0.0","","18","","3","","","","102.33","","","","-41","","NA"
"-77.96","72.69","POND INLET CLIMATE","2403204","2018-01-04 18:00","2018","01","04","18:00","-36.7","","-40.9","","65","","0.0","","17","","6","","","","102.35","","","","-44","","NA"
"-77.96","72.69","POND INLET CLIMATE","2403204","2018-01-04 19:00","2018","01","04","19:00","-36.1","","-40.3","","66","","0.0","","","","0","","","","102.37","","","","","","NA"
"-77.96","72.69","POND INLET CLIMATE","2403204","2018-01-04 20:00","2018","01","04","20:00","-37.0","","-41.3","","64","","0.0","","22","","3","","","","102.35","","","","-41","","NA"
"-77.96","72.69","POND INLET CLIMATE","2403204","2018-01-04 21:00","2018","01","04","21:00","-37.6","","-42.0","","64","","0.0","","17","","6","","","","102.33","","","","-45","","NA"
"-77.96","72.69","POND INLET CLIMATE","2403204","2018-01-04 22:00","2018","01","04","22:00","-36.9","","-41.3","","64","","0.0","","22","","3","","","","102.33","","","","-41","","NA"
"-77.96","72.69","POND INLET CLIMATE","2403204","2018-01-04 23:00","2018","01","04","23:00","-36.9","","-41.2","","64","","0.0","","18","","1","","","","102.37","","","","-38","","NA"
"-77.96","72.69","POND INLET CLIMATE","2403204","2018-01-05 00:00","2018","01","05","00:00","-37.4","","-41.8","","63","","0.0","","19","","5","","","","102.35","","","","-44","","NA"
"-77.96","72.69","POND INLET CLIMATE","2403204","2018-01-05 01:00","2018","01","05","01:00","-37.6","","-42.0","","63","","0.0","","19","","7","","","","102.37","","","","-46","","NA"
"-77.96","72.69","POND INLET CLIMATE","2403204","2018-01-05 02:00","2018","01","05","02:00","-37.5","","-41.9","","64","","0.0","","19","","5","","","","102.36","","","","-44","","NA"
"-77.96","72.69","POND INLET CLIMATE","2403204","2018-01-05 03:00","2018","01","05","03:00","-36.4","","-40.6","","65","","0.0","","20","","5","","","","102.37","","","","-43","","NA"
"-77.96","72.69","POND INLET CLIMATE","2403204","2018-01-05 04:00","2018","01","05","04:00","-37.4","","-41.7","","65","","0.0","","19","","6","","","","102.36","","","","-45","","NA"
"-77.96","72.69","POND INLET CLIMATE","2403204","2018-01-05 05:00","2018","01","05","05:00","-36.6","","-40.8","","65","","0.0","","19","","5","","","","102.35","","","","-43","","NA"
"-77.96","72.69","POND INLET CLIMATE","2403204","2018-01-05 06:00","2018","01","05","06:00","-35.6","","-39.6","","67","","0.0","","14","","2","","","","102.34","","","","-38","","NA"
"-77.96","72.69","POND INLET CLIMATE","2403204","2018-01-05 07:00","2018","01","05","07:00","-37.3","","-41.6","","64","","0.0","","21","","4","","","","102.28","","","","-43","","NA"
"-77.96","72.69","POND INLET CLIMATE","2403204","2018-01-05 08:00","2018","01","05","08:00","-37.4","","-41.8","","63","","0.0","","19","","6","","","","102.24","","","","-45","","NA"
"-77.96","72.69","POND INLET CLIMATE","2403204","2018-01-05 09:00","2018","01","05","09:00","-36.4","","-40.8","","64","","0.0","","21","","2","","","","102.23","","","","-39","","NA"
"-77.96","72.69","POND INLET CLIMATE","2403204","2018-01-05 10:00","2018","01","05","10:00","-37.1","","-41.4","","65","","0.0","","18","","5","","","","102.19","","","","-44","","NA"
"-77.96","72.69","POND INLET CLIMATE","2403204","2018-01-05 11:00","2018","01","05","11:00","-37.1","","-41.4","","64","","0.0","","20","","6","","","","102.15","","","","-45","","NA"
"-77.96","72.69","POND INLET CLIMATE","2403204","2018-01-05 12:00","2018","01","05","12:00","-36.8","","-41.1","","64","","0.0","","17","","6","","","","102.08","","","","-44","","NA"
"-77.96","72.69","POND INLET CLIMATE","2403204","2018-01-05 13:00","2018","01","05","13:00","-36.9","","-41.1","","65","","0.0","","18","","6","","","","102.01","","","","-44","","NA"
"-77.96","72.69","POND INLET CLIMATE","2403204","2018-01-05 14:00","2018","01","05","14:00","-38.4","","-42.8","","63","","0.0","","17","","5","","","","102.00","","","","-45","","NA"
"-77.96","72.69","POND INLET CLIMATE","2403204","2018-01-05 15:00","2018","01","05","15:00","-37.1","","-41.4","","65","","0.0","","19","","5","","","","101.94","","","","-44","","NA"
"-77.96","72.69","POND INLET CLIMATE","2403204","2018-01-05 16:00","2018","01","05","16:00","-36.8","","-41.0","","65","","0.0","","18","","6","","","","101.91","","","","-44","","NA"
"-77.96","72.69","POND INLET CLIMATE","2403204","2018-01-05 17:00","2018","01","05","17:00","-36.0","","-40.1","","66","","0.0","","21","","3","","","","101.86","","","","-40","","NA"
"-77.96","72.69","POND INLET CLIMATE","2403204","2018-01-05 18:00","2018","01","05","18:00","-37.1","","-41.4","","64","","0.0","","20","","4","","","","101.80","","","","-42","","NA"
"-77.96","72.69","POND INLET CLIMATE","2403204","2018-01-05 19:00","2018","01","05","19:00","-36.9","","-41.2","","65","","0.0","","0","","1","","","","101.72","","","","-38","","NA"
"-77.96","72.69","POND INLET CLIMATE","2403204","2018-01-05 20:00","2018","01","05","20:00","-37.6","","-42.0","","64","","0.0","","20","","3","","","","101.65","","","","-42","","NA"
"-77.96","72.69","POND INLET CLIMATE","2403204","2018-01-05 21:00","2018","01","05","21:00","-36.3","","-40.4","","66","","0.0","","","","0","","","","101.57","","","","","","NA"
"-77.96","72.69","POND INLET CLIMATE","2403204","2018-01-05 22:00","2018","01","05","22:00","-36.8","","-41.0","","65","","0.0","","","","0","","","","101.49","","","","","","NA"
"-77.96","72.69","POND INLET CLIMATE","2403204","2018-01-05 23:00","2018","01","05","23:00","-37.9","","-42.4","","63","","0.0","","17","","4","","","","101.41","","","","-43","","NA"
"-77.96","72.69","POND INLET CLIMATE","2403204","2018-01-06 00:00","2018","01","06","00:00","-37.2","","-41.5","","64","","0.0","","","","0","","","","101.33","","","","","","NA"
"-77.96","72.69","POND INLET CLIMATE","2403204","2018-01-06 01:00","2018","01","06","01:00","-37.0","","-41.2","","65","","0.0","","","","0","","","","101.24","","","","","","NA"
"-77.96","72.69","POND INLET CLIMATE","2403204","2018-01-06 02:00","2018","01","06","02:00","-37.5","","-41.9","","64","","0.0","","18","","2","","","","101.18","","","","-40","","NA"
"-77.96","72.69","POND INLET CLIMATE","2403204","2018-01-06 03:00","2018","01","06","03:00","-37.7","","-42.0","","64","","0.0","","20","","5","","","","101.14","","","","-44","","NA"
"-77.96","72.69","POND INLET CLIMATE","2403204","2018-01-06 04:00","2018","01","06","04:00","-37.0","","-41.3","","64","","0.0","","18","","5","","","","101.07","","","","-44","","NA"
"-77.96","72.69","POND INLET CLIMATE","2403204","2018-01-06 05:00","2018","01","06","05:00","-36.4","","-40.5","","66","","0.0","","20","","4","","","","101.00","","","","-42","","NA"
"-77.96","72.69","POND INLET CLIMATE","2403204","2018-01-06 06:00","2018","01","06","06:00","-37.1","","-41.5","","64","","0.0","","19","","4","","","","100.93","","","","-42","","NA"
"-77.96","72.69","POND INLET CLIMATE","2403204","2018-01-06 07:00","2018","01","06","07:00","-37.5","","-41.8","","64","","0.0","","20","","4","","","","100.84","","","","-43","","NA"
"-77.96","72.69","POND INLET CLIMATE","2403204","2018-01-06 08:00","2018","01","06","08:00","-35.6","","-39.7","","66","","0.0","","17","","3","","","","100.77","","","","-39","","NA"
"-77.96","72.69","POND INLET CLIMATE","2403204","2018-01-06 09:00","2018","01","06","09:00","-37.5","","-42.0","","63","","0.0","","21","","2","","","","100.68","","","","-40","","NA"
"-77.96","72.69","POND INLET CLIMATE","2403204","2018-01-06 10:00","2018","01","06","10:00","-36.6","","-41.0","","64","","0.0","","24","","4","","","","100.61","","","","-42","","NA"
"-77.96","72.69","POND INLET CLIMATE","2403204","2018-01-06 11:00","2018","01","06","11:00","-36.9","","-41.2","","64","","0.0","","0","","1","","","","100.52","","","","-38","","NA"
"-77.96","72.69","POND INLET CLIMATE","2403204","2018-01-06 12:00","2018","01","06","12:00","-37.1","","-41.3","","65","","0.0","","21","","4","","","","100.45","","","","-42","","NA"
"-77.96","72.69","POND INLET CLIMATE","2403204","2018-01-06 13:00","2018","01","06","13:00","-36.7","","-41.0","","65","","0.0","","19","","5","","","","100.38","","","","-43","","NA"
"-77.96","72.69","POND INLET CLIMATE","2403204","2018-01-06 14:00","2018","01","06","14:00","-36.4","","-40.7","","64","","0.0","","19","","7","","","","100.31","","","","-45","","NA"
"-77.96","72.69","POND INLET CLIMATE","2403204","2018-01-06 15:00","2018","01","06","15:00","-36.2","","-40.5","","64","","0.0","","","","0","","","","100.27","","","","","","NA"
"-77.96","72.69","POND INLET CLIMATE","2403204","2018-01-06 16:00","2018","01","06","16:00","-36.9","","-41.2","","64","","0.0","","","","0","","","","100.20","","","","","","NA"
"-77.96","72.69","POND INLET CLIMATE","2403204","2018-01-06 17:00","2018","01","06","17:00","-36.6","","-40.7","","65","","0.0","","21","","4","","","","100.11","","","","-42","","NA"
"-77.96","72.69","POND INLET CLIMATE","2403204","2018-01-06 18:00","2018","01","06","18:00","-36.6","","-40.9","","64","","0.0","","","","0","","","","100.07","","","","","","NA"
"-77.96","72.69","POND INLET CLIMATE","2403204","2018-01-06 19:00","2018","01","06","19:00","-35.7","","-39.8","","66","","0.0","","17","","5","","","","99.99","","","","-42","","NA"
"-77.96","72.69","POND INLET CLIMATE","2403204","2018-01-06 20:00","2018","01","06","20:00","-35.4","","-39.5","","66","","0.0","","15","","3","","","","99.93","","","","-39","","NA"
"-77.96","72.69","POND INLET CLIMATE","2403204","2018-01-06 21:00","2018","01","06","21:00","-36.1","","-40.4","","65","","0.0","","","","0","","","","99.85","","","","","","NA"
"-77.96","72.69","POND INLET CLIMATE","2403204","2018-01-06 22:00","2018","01","06","22:00","-35.8","","-39.9","","66","","0.0","","22","","4","","","","99.78","","","","-41","","NA"
"-77.96","72.69","POND INLET CLIMATE","2403204","2018-01-06 23:00","2018","01","06","23:00","-34.4","","-38.2","","68","","0.0","","20","","3","","","","99.72","","","","-38","","NA"
"-77.96","72.69","POND INLET CLIMATE","2403204","2018-01-07 00:00","2018","01","07","00:00","-34.5","","-38.5","","67","","0.0","","17","","5","","","","99.65","","","","-41","","NA"
"-77.96","72.69","POND INLET CLIMATE","2403204","2018-01-07 01:00","2018","01","07","01:00","-34.8","","-38.9","","67","","0.0","","21","","3","","","","99.62","","","","-39","","NA"
"-77.96","72.69","POND INLET CLIMATE","2403204","2018-01-07 02:00","2018","01","07","02:00","-34.2","","-38.2","","67","","0.0","","0","","1","","","","99.57","","","","-35","","NA"
"-77.96","72.69","POND INLET CLIMATE","2403204","2018-01-07 03:00","2018","01","07","03:00","-34.1","","-38.0","","68","","0.0","","16","","1","","","","99.54","","","","-35","","NA"
"-77.96","72.69","POND INLET CLIMATE","2403204","2018-01-07 04:00","2018","01","07","04:00","-34.6","","-38.7","","67","","0.0","","","","0","","","","99.52","","","","","","NA"
"-77.96","72.69","POND INLET CLIMATE","2403204","2018-01-07 05:00","2018","01","07","05:00","-35.6","","-39.8","","65","","0.0","","20","","3","","","","99.48","","","","-39","","NA"
"-77.96","72.69","POND INLET CLIMATE","2403204","2018-01-07 06:00","2018","01","07","06:00","-34.0","","-37.9","","68","","0.0","","19","","1","","","","99.48","","","","-35","","NA"
"-77.96","72.69","POND INLET CLIMATE","2403204","2018-01-07 07:00","2018","01","07","07:00","-34.0","","-38.0","","67","","0.0","","16","","1","","","","99.45","","","","-35","","NA"
"-77.96","72.69","POND INLET CLIMATE","2403204","2018-01-07 08:00","2018","01","07","08:00","-33.6","","-37.5","","68","","0.0","","0","","1","","","","99.41","","","","-35","","NA"
"-77.96","72.69","POND INLET CLIMATE","2403204","2018-01-07 09:00","2018","01","07","09:00","-33.6","","-37.5","","68","","0.0","","21","","1","","","","99.37","","","","-35","","NA"
"-77.96","72.69","POND INLET CLIMATE","2403204","2018-01-07 10:00","2018","01","07","10:00","-33.0","","-36.9","","69","","0.0","","18","","1","","","","99.35","","","","-34","","NA"
"-77.96","72.69","POND INLET CLIMATE","2403204","2018-01-07 11:00","2018","01","07","11:00","-33.5","","-37.4","","68","","0.0","","18","","2","","","","99.33","","","","-36","","NA"
"-77.96","72.69","POND INLET CLIMATE","2403204","2018-01-07 12:00","2018","01","07","12:00","-33.3","","-37.3","","67","","0.0","","19","","2","","","","99.32","","","","-36","","NA"
"-77.96","72.69","POND INLET CLIMATE","2403204","2018-01-07 13:00","2018","01","07","13:00","-33.6","","-37.7","","67","","0.0","","0","","1","","","","99.30","","","","-35","","NA"
"-77.96","72.69","POND INLET CLIMATE","2403204","2018-01-07 14:00","2018","01","07","14:00","-33.2","","-37.0","","68","","0.0","","19","","3","","","","99.29","","","","-37","","NA"
"-77.96","72.69","POND INLET CLIMATE","2403204","2018-01-07 15:00","2018","01","07","15:00","-32.6","","-36.3","","69","","0.0","","0","","1","","","","99.30","","","","-34","","NA"
"-77.96","72.69","POND INLET CLIMATE","2403204","2018-01-07 16:00","2018","01","07","16:00","-33.2","","-37.1","","68","","0.0","","19","","2","","","","99.31","","","","-36","","NA"
"-77.96","72.69","POND INLET CLIMATE","2403204","2018-01-07 17:00","2018","01","07","17:00","-31.9","","-35.5","","70","","0.0","","16","","2","","","","99.31","","","","-34","","NA"
"-77.96","72.69","POND INLET CLIMATE","2403204","2018-01-07 18:00","2018","01","07","18:00","-31.8","","-35.6","","69","","0.0","","19","","2","","","","99.31","","","","-34","","NA"
"-77.96","72.69","POND INLET CLIMATE","2403204","2018-01-07 19:00","2018","01","07","19:00","-31.7","","-35.3","","70","","0.0","","19","","1","","","","99.28","","","","-33","","NA"
"-77.96","72.69","POND INLET CLIMATE","2403204","2018-01-07 20:00","2018","01","07","20:00","-32.9","","-36.8","","69","","0.0","","18","","5","","","","99.26","","","","-39","","NA"
"-77.96","72.69","POND INLET CLIMATE","2403204","2018-01-07 21:00","2018","01","07","21:00","-33.1","","-37.1","","68","","0.0","","21","","2","","","","99.24","","","","-36","","NA"
"-77.96","72.69","POND INLET CLIMATE","2403204","2018-01-07 22:00","2018","01","07","22:00","-32.8","","-36.6","","69","","0.0","","18","","2","","","","99.23","","","","-35","","NA"
"-77.96","72.69","POND INLET CLIMATE","2403204","2018-01-07 23:00","2018","01","07","23:00","-33.1","","-36.9","","68","","0.0","","23","","2","","","","99.21","","","","-36","","NA"
"-77.96","72.69","POND INLET CLIMATE","2403204","2018-01-08 00:00","2018","01","08","00:00","-32.2","","-35.9","","70","","0.0","","20","","2","","","","99.22","","","","-35","","NA"
"-77.96","72.69","POND INLET CLIMATE","2403204","2018-01-08 01:00","2018","01","08","01:00","-32.2","","-36.0","","69","","0.0","","19","","2","","","","99.22","","","","-35","","NA"
"-77.96","72.69","POND INLET CLIMATE","2403204","2018-01-08 02:00","2018","01","08","02:00","-32.3","","-36.1","","69","","0.0","","19","","3","","","","99.24","","","","-36","","NA"
"-77.96","72.69","POND INLET CLIMATE","2403204","2018-01-08 03:00","2018","01","08","03:00","-30.8","","-34.4","","71","","0.0","","0","","1","","","","99.24","","","","-32","","NA"
"-77.96","72.69","POND INLET CLIMATE","2403204","2018-01-08 04:00","2018","01","08","04:00","-30.6","","-34.1","","71","","0.0","","17","","3","","","","99.25","","","","-34","","NA"
"-77.96","72.69","POND INLET CLIMATE","2403204","2018-01-08 05:00","2018","01","08","05:00","-30.6","","-34.2","","70","","0.0","","","","0","","","","99.25","","","","","","NA"
"-77.96","72.69","POND INLET CLIMATE","2403204","2018-01-08 06:00","2018","01","08","06:00","-31.3","","-35.0","","70","","0.0","","19","","3","","","","99.25","","","","-35","","NA"
"-77.96","72.69","POND INLET CLIMATE","2403204","2018-01-08 07:00","2018","01","08","07:00","-31.4","","-35.0","","70","","0.0","","20","","2","","","","99.26","","","","-34","","NA"
"-77.96","72.69","POND INLET CLIMATE","2403204","2018-01-08 08:00","2018","01","08","08:00","-30.8","","-34.4","","71","","0.0","","18","","2","","","","99.27","","","","-33","","NA"
"-77.96","72.69","POND INLET CLIMATE","2403204","2018-01-08 09:00","2018","01","08","09:00","-30.9","","-34.6","","70","","0.0","","","","0","","","","99.26","","","","","","NA"
"-77.96","72.69","POND INLET CLIMATE","2403204","2018-01-08 10:00","2018","01","08","10:00","-33.0","","-36.8","","68","","0.0","","20","","3","","","","99.29","","","","-37","","NA"
"-77.96","72.69","POND INLET CLIMATE","2403204","2018-01-08 11:00","2018","01","08","11:00","-31.5","","-35.2","","70","","0.0","","17","","2","","","","99.31","","","","-34","","NA"
"-77.96","72.69","POND INLET CLIMATE","2403204","2018-01-08 12:00","2018","01","08","12:00","-30.4","","-34.0","","71","","0.0","","","","0","","","","99.35","","","","","","NA"
"-77.96","72.69","POND INLET CLIMATE","2403204","2018-01-08 13:00","2018","01","08","13:00","-32.0","","-35.8","","69","","0.0","","0","","1","","","","99.37","","","","-33","","NA"
"-77.96","72.69","POND INLET CLIMATE","2403204","2018-01-08 14:00","2018","01","08","14:00","-31.7","","-35.3","","70","","0.0","","19","","1","","","","99.39","","","","-33","","NA"
"-77.96","72.69","POND INLET CLIMATE","2403204","2018-01-08 15:00","2018","01","08","15:00","-30.5","","-34.1","","71","","0.0","","0","","1","","","","99.43","","","","-32","","NA"
"-77.96","72.69","POND INLET CLIMATE","2403204","2018-01-08 16:00","2018","01","08","16:00","-30.9","","-34.4","","71","","0.0","","20","","2","","","","99.47","","","","-33","","NA"
"-77.96","72.69","POND INLET CLIMATE","2403204","2018-01-08 17:00","2018","01","08","17:00","-30.7","","-34.2","","71","","0.0","","","","0","","","","99.51","","","","","","NA"
"-77.96","72.69","POND INLET CLIMATE","2403204","2018-01-08 18:00","2018","01","08","18:00","-31.3","","-34.8","","71","","0.0","","21","","2","","","","99.57","","","","-34","","NA"
"-77.96","72.69","POND INLET CLIMATE","2403204","2018-01-08 19:00","2018","01","08","19:00","-30.7","","-34.3","","71","","0.0","","24","","2","","","","99.59","","","","-33","","NA"
"-77.96","72.69","POND INLET CLIMATE","2403204","2018-01-08 20:00","2018","01","08","20:00","-32.4","","-36.2","","69","","0.0","","19","","3","","","","99.62","","","","-36","","NA"
"-77.96","72.69","POND INLET CLIMATE","2403204","2018-01-08 21:00","2018","01","08","21:00","-30.9","","-34.5","","71","","0.0","","19","","2","","","","99.65","","","","-33","","NA"
"-77.96","72.69","POND INLET CLIMATE","2403204","2018-01-08 22:00","2018","01","08","22:00","-30.8","","-34.1","","73","","0.0","","14","","2","","","","99.69","","","","-33","","NA"
"-77.96","72.69","POND INLET CLIMATE","2403204","2018-01-08 23:00","2018","01","08","23:00","-32.3","","-36.0","","70","","0.0","","22","","2","","","","99.73","","","","-35","","NA"
"-77.96","72.69","POND INLET CLIMATE","2403204","2018-01-09 00:00","2018","01","09","00:00","-31.5","","-35.2","","70","","0.0","","21","","2","","","","99.75","","","","-34","","NA"
"-77.96","72.69","POND INLET CLIMATE","2403204","2018-01-09 01:00","2018","01","09","01:00","-30.3","","-33.8","","71","","0.0","","19","","3","","","","99.80","","","","-34","","NA"
"-77.96","72.69","POND INLET CLIMATE","2403204","2018-01-09 02:00","2018","01","09","02:00","-30.7","","-34.2","","71","","0.0","","20","","2","","","","99.83","","","","-33","","NA"
"-77.96","72.69","POND INLET CLIMATE","2403204","2018-01-09 03:00","2018","01","09","03:00","-30.6","","-34.2","","71","","0.0","","22","","2","","","","99.87","","","","-33","","NA"
"-77.96","72.69","POND INLET CLIMATE","2403204","2018-01-09 04:00","2018","01","09","04:00","-29.7","","-33.1","","72","","0.0","","22","","2","","","","99.94","","","","-32","","NA"
"-77.96","72.69","POND INLET CLIMATE","2403204","2018-01-09 05:00","2018","01","09","05:00","-29.9","","-33.4","","72","","0.0","","20","","3","","","","99.96","","","","-33","","NA"
"-77.96","72.69","POND INLET CLIMATE","2403204","2018-01-09 06:00","2018","01","09","06:00","-30.0","","-33.6","","71","","0.0","","20","","3","","","","99.98","","","","-33","","NA"
"-77.96","72.69","POND INLET CLIMATE","2403204","2018-01-09 07:00","2018","01","09","07:00","-29.8","","-33.3","","72","","0.0","","22","","2","","","","100.00","","","","-32","","NA"
"-77.96","72.69","POND INLET CLIMATE","2403204","2018-01-09 08:00","2018","01","09","08:00","-29.8","","-33.3","","72","","0.0","","9","","1","","","","100.01","","","","-31","","NA"
"-77.96","72.69","POND INLET CLIMATE","2403204","2018-01-09 09:00","2018","01","09","09:00","-30.6","","-34.3","","70","","0.0","","0","","1","","","","100.03","","","","-32","","NA"
"-77.96","72.69","POND INLET CLIMATE","2403204","2018-01-09 10:00","2018","01","09","10:00","-29.9","","-33.4","","72","","0.0","","","","0","","","","100.05","","","","","","NA"
"-77.96","72.69","POND INLET CLIMATE","2403204","2018-01-09 11:00","2018","01","09","11:00","-30.0","","-33.5","","72","","0.0","","9","","3","","","","100.03","","","","-33","","NA"
"-77.96","72.69","POND INLET CLIMATE","2403204","2018-01-09 12:00","2018","01","09","12:00","-30.8","","-34.4","","71","","0.0","","0","","1","","","","100.01","","","","-32","","NA"
"-77.96","72.69","POND INLET CLIMATE","2403204","2018-01-09 13:00","2018","01","09","13:00","-30.9","","-34.5","","71","","0.0","","6","","2","","","","100.02","","","","-33","","NA"
"-77.96","72.69","POND INLET CLIMATE","2403204","2018-01-09 14:00","2018","01","09","14:00","-30.6","","-34.0","","72","","0.0","","","","0","","","","100.04","","","","","","NA"
"-77.96","72.69","POND INLET CLIMATE","2403204","2018-01-09 15:00","2018","01","09","15:00","-31.9","","-35.5","","71","","0.0","","","","0","","","","100.06","","","","","","NA"
"-77.96","72.69","POND INLET CLIMATE","2403204","2018-01-09 16:00","2018","01","09","16:00","-31.7","","-35.2","","71","","0.0","","","","0","","","","100.06","","","","","","NA"
"-77.96","72.69","POND INLET CLIMATE","2403204","2018-01-09 17:00","2018","01","09","17:00","-31.9","","-35.6","","70","","0.0","","18","","3","","","","100.06","","","","-35","","NA"
"-77.96","72.69","POND INLET CLIMATE","2403204","2018-01-09 18:00","2018","01","09","18:00","-31.8","","-35.5","","69","","0.0","","18","","3","","","","100.03","","","","-35","","NA"
"-77.96","72.69","POND INLET CLIMATE","2403204","2018-01-09 19:00","2018","01","09","19:00","-31.6","","-35.1","","71","","0.0","","19","","3","","","","100.00","","","","-35","","NA"
"-77.96","72.69","POND INLET CLIMATE","2403204","2018-01-09 20:00","2018","01","09","20:00","-31.9","","-35.5","","70","","0.0","","19","","2","","","","99.99","","","","-34","","NA"
"-77.96","72.69","POND INLET CLIMATE","2403204","2018-01-09 21:00","2018","01","09","21:00","-31.7","","-35.4","","70","","0.0","","20","","3","","","","99.96","","","","-35","","NA"
"-77.96","72.69","POND INLET CLIMATE","2403204","2018-01-09 22:00","2018","01","09","22:00","-31.7","","-35.4","","70","","0.0","","18","","3","","","","99.92","","","","-35","","NA"
"-77.96","72.69","POND INLET CLIMATE","2403204","2018-01-09 23:00","2018","01","09","23:00","-31.0","","-34.6","","71","","0.0","","19","","3","","","","99.88","","","","-34","","NA"
"-77.96","72.69","POND INLET CLIMATE","2403204","2018-01-10 00:00","2018","01","10","00:00","-31.5","","-35.2","","70","","0.0","","19","","4","","","","99.87","","","","-36","","NA"
"-77.96","72.69","POND INLET CLIMATE","2403204","2018-01-10 01:00","2018","01","10","01:00","-31.6","","-35.2","","70","","0.0","","21","","3","","","","99.86","","","","-35","","NA"
"-77.96","72.69","POND INLET CLIMATE","2403204","2018-01-10 02:00","2018","01","10","02:00","-30.5","","-34.1","","71","","0.0","","18","","4","","","","99.83","","","","-35","","NA"
"-77.96","72.69","POND INLET CLIMATE","2403204","2018-01-10 03:00","2018","01","10","03:00","-30.3","","-33.8","","72","","0.0","","20","","4","","","","99.82","","","","-35","","NA"
"-77.96","72.69","POND INLET CLIMATE","2403204","2018-01-10 04:00","2018","01","10","04:00","-30.1","","-33.6","","71","","0.0","","19","","5","","","","99.81","","","","-36","","NA"
"-77.96","72.69","POND INLET CLIMATE","2403204","2018-01-10 05:00","2018","01","10","05:00","-30.2","","-33.6","","72","","0.0","","19","","4","","","","99.79","","","","-35","","NA"
"-77.96","72.69","POND INLET CLIMATE","2403204","2018-01-10 06:00","2018","01","10","06:00","-29.4","","-32.8","","73","","0.0","","19","","5","","","","99.79","","","","-35","","NA"
"-77.96","72.69","POND INLET CLIMATE","2403204","2018-01-10 07:00","2018","01","10","07:00","-28.8","","-32.1","","73","","0.0","","19","","4","","","","99.79","","","","-33","","NA"
"-77.96","72.69","POND INLET CLIMATE","2403204","2018-01-10 08:00","2018","01","10","08:00","-27.7","","-30.9","","74","","0.0","","20","","4","","","","99.79","","","","-32","","NA"
"-77.96","72.69","POND INLET CLIMATE","2403204","2018-01-10 09:00","2018","01","10","09:00","-27.5","","-30.7","","74","","0.0","","19","","3","","","","99.78","","","","-31","","NA"
"-77.96","72.69","POND INLET CLIMATE","2403204","2018-01-10 10:00","2018","01","10","10:00","-27.1","","-30.3","","74","","0.0","","20","","3","","","","99.76","","","","-30","","NA"
"-77.96","72.69","POND INLET CLIMATE","2403204","2018-01-10 11:00","2018","01","10","11:00","-27.5","","-30.7","","74","","0.0","","21","","3","","","","99.75","","","","-31","","NA"
"-77.96","72.69","POND INLET CLIMATE","2403204","2018-01-10 12:00","2018","01","10","12:00","-27.8","","-31.0","","74","","0.0","","19","","4","","","","99.72","","","","-32","","NA"
"-77.96","72.69","POND INLET CLIMATE","2403204","2018-01-10 13:00","2018","01","10","13:00","-27.3","","-30.4","","75","","0.0","","18","","4","","","","99.70","","","","-32","","NA"
"-77.96","72.69","POND INLET CLIMATE","2403204","2018-01-10 14:00","2018","01","10","14:00","-28.8","","-32.2","","72","","0.0","","21","","2","","","","99.69","","","","-31","","NA"
"-77.96","72.69","POND INLET CLIMATE","2403204","2018-01-10 15:00","2018","01","10","15:00","-30.0","","-33.5","","72","","0.0","","20","","2","","","","99.68","","","","-32","","NA"
"-77.96","72.69","POND INLET CLIMATE","2403204","2018-01-10 16:00","2018","01","10","16:00","-30.7","","-34.2","","71","","0.0","","18","","3","","","","99.67","","","","-34","","NA"
"-77.96","72.69","POND INLET CLIMATE","2403204","2018-01-10 17:00","2018","01","10","17:00","-29.9","","-33.2","","73","","0.0","","18","","3","","","","99.64","","","","-33","","NA"
"-77.96","72.69","POND INLET CLIMATE","2403204","2018-01-10 18:00","2018","01","10","18:00","-29.7","","-33.1","","72","","0.0","","20","","3","","","","99.59","","","","-33","","NA"
"-77.96","72.69","POND INLET CLIMATE","2403204","2018-01-10 19:00","2018","01","10","19:00","-30.5","","-34.0","","71","","0.0","","18","","4","","","","99.56","","","","-35","","NA"
"-77.96","72.69","POND INLET CLIMATE","2403204","2018-01-10 20:00","2018","01","10","20:00","-31.0","","-34.6","","70","","0.0","","20","","5","","","","99.50","","","","-37","","NA"
"-77.96","72.69","POND INLET CLIMATE","2403204","2018-01-10 21:00","2018","01","10","21:00","-30.4","","-33.9","","72","","0.0","","18","","5","","","","99.45","","","","-36","","NA"
"-77.96","72.69","POND INLET CLIMATE","2403204","2018-01-10 22:00","2018","01","10","22:00","-30.0","","-33.4","","72","","0.0","","18","","5","","","","99.39","","","","-36","","NA"
"-77.96","72.69","POND INLET CLIMATE","2403204","2018-01-10 23:00","2018","01","10","23:00","-28.6","","-31.9","","73","","0.0","","","","0","","","","99.33","","","","","","NA"
"-77.96","72.69","POND INLET CLIMATE","2403204","2018-01-11 00:00","2018","01","11","00:00","-29.1","","-32.7","","71","","0.0","","","","0","","","","99.29","","","","","","NA"
"-77.96","72.69","POND INLET CLIMATE","2403204","2018-01-11 01:00","2018","01","11","01:00","-28.4","","-31.7","","73","","0.0","","","","0","","","","99.23","","","","","","NA"
"-77.96","72.69","POND INLET CLIMATE","2403204","2018-01-11 02:00","2018","01","11","02:00","-29.8","","-33.1","","73","","0.0","","","","0","","","","99.14","","","","","","NA"
"-77.96","72.69","POND INLET CLIMATE","2403204","2018-01-11 03:00","2018","01","11","03:00","-31.1","","-34.8","","70","","0.0","","16","","6","","","","99.11","","","","-38","","NA"
"-77.96","72.69","POND INLET CLIMATE","2403204","2018-01-11 04:00","2018","01","11","04:00","-29.4","","-32.8","","73","","0.0","","6","","2","","","","99.07","","","","-32","","NA"
"-77.96","72.69","POND INLET CLIMATE","2403204","2018-01-11 05:00","2018","01","11","05:00","-29.5","","-33.1","","71","","0.0","","19","","3","","","","98.96","","","","-33","","NA"
"-77.96","72.69","POND INLET CLIMATE","2403204","2018-01-11 06:00","2018","01","11","06:00","-28.6","","-31.8","","73","","0.0","","18","","6","","","","98.87","","","","-35","","NA"
"-77.96","72.69","POND INLET CLIMATE","2403204","2018-01-11 07:00","2018","01","11","07:00","-30.8","","-34.4","","71","","0.0","","20","","4","","","","98.82","","","","-35","","NA"
"-77.96","72.69","POND INLET CLIMATE","2403204","2018-01-11 08:00","2018","01","11","08:00","-29.7","","-33.2","","72","","0.0","","20","","2","","","","98.76","","","","-32","","NA"
"-77.96","72.69","POND INLET CLIMATE","2403204","2018-01-11 09:00","2018","01","11","09:00","-29.6","","-33.1","","72","","0.0","","19","","4","","","","98.68","","","","-34","","NA"
"-77.96","72.69","POND INLET CLIMATE","2403204","2018-01-11 10:00","2018","01","11","10:00","-28.3","","-31.6","","73","","0.0","","21","","4","","","","98.61","","","","-33","","NA"
"-77.96","72.69","POND INLET CLIMATE","2403204","2018-01-11 11:00","2018","01","11","11:00","-27.8","","-31.1","","74","","0.0","","24","","3","","","","98.56","","","","-31","","NA"
"-77.96","72.69","POND INLET CLIMATE","2403204","2018-01-11 12:00","2018","01","11","12:00","-31.0","","-34.5","","71","","0.0","","20","","3","","","","98.53","","","","-34","","NA"
"-77.96","72.69","POND INLET CLIMATE","2403204","2018-01-11 13:00","2018","01","11","13:00","-29.4","","-32.7","","73","","0.0","","20","","5","","","","98.46","","","","-35","","NA"
"-77.96","72.69","POND INLET CLIMATE","2403204","2018-01-11 14:00","2018","01","11","14:00","-29.0","","-32.3","","73","","0.0","","20","","5","","","","98.45","","","","-34","","NA"
"-77.96","72.69","POND INLET CLIMATE","2403204","2018-01-11 15:00","2018","01","11","15:00","-28.8","","-32.1","","73","","0.0","","16","","5","","","","98.42","","","","-34","","NA"
"-77.96","72.69","POND INLET CLIMATE","2403204","2018-01-11 16:00","2018","01","11","16:00","-28.6","","-32.1","","72","","0.0","","22","","2","","","","98.38","","","","-31","","NA"
"-77.96","72.69","POND INLET CLIMATE","2403204","2018-01-11 17:00","2018","01","11","17:00","-27.2","","-30.3","","75","","0.0","","","","0","","","","98.35","","","","","","NA"
"-77.96","72.69","POND INLET CLIMATE","2403204","2018-01-11 18:00","2018","01","11","18:00","-28.0","","-31.5","","72","","0.0","","21","","1","","","","98.33","","","","-29","","NA"
"-77.96","72.69","POND INLET CLIMATE","2403204","2018-01-11 19:00","2018","01","11","19:00","-27.5","","-30.6","","75","","0.0","","17","","3","","","","98.31","","","","-31","","NA"
"-77.96","72.69","POND INLET CLIMATE","2403204","2018-01-11 20:00","2018","01","11","20:00","-27.0","","-30.2","","74","","0.0","","18","","4","","","","98.29","","","","-31","","NA"
"-77.96","72.69","POND INLET CLIMATE","2403204","2018-01-11 21:00","2018","01","11","21:00","-27.2","","-30.3","","75","","0.0","","19","","3","","","","98.29","","","","-30","","NA"
"-77.96","72.69","POND INLET CLIMATE","2403204","2018-01-11 22:00","2018","01","11","22:00","-26.6","","-29.7","","75","","0.0","","19","","3","","","","98.31","","","","-30","","NA"
"-77.96","72.69","POND INLET CLIMATE","2403204","2018-01-11 23:00","2018","01","11","23:00","-25.7","","-28.6","","76","","0.0","","21","","2","","","","98.31","","","","-28","","NA"
"-77.96","72.69","POND INLET CLIMATE","2403204","2018-01-12 00:00","2018","01","12","00:00","-25.6","","-28.6","","76","","0.0","","19","","2","","","","98.30","","","","-28","","NA"
"-77.96","72.69","POND INLET CLIMATE","2403204","2018-01-12 01:00","2018","01","12","01:00","-24.4","","-27.2","","77","","0.0","","24","","3","","","","98.33","","","","-27","","NA"
"-77.96","72.69","POND INLET CLIMATE","2403204","2018-01-12 02:00","2018","01","12","02:00","-24.6","","-27.5","","77","","0.0","","24","","4","","","","98.36","","","","-29","","NA"
"-77.96","72.69","POND INLET CLIMATE","2403204","2018-01-12 03:00","2018","01","12","03:00","-24.5","","-27.4","","77","","0.0","","20","","5","","","","98.39","","","","-29","","NA"
"-77.96","72.69","POND INLET CLIMATE","2403204","2018-01-12 04:00","2018","01","12","04:00","-24.6","","-27.5","","77","","0.0","","21","","5","","","","98.40","","","","-29","","NA"
"-77.96","72.69","POND INLET CLIMATE","2403204","2018-01-12 05:00","2018","01","12","05:00","-24.4","","-27.2","","77","","0.0","","21","","4","","","","98.40","","","","-28","","NA"
"-77.96","72.69","POND INLET CLIMATE","2403204","2018-01-12 06:00","2018","01","12","06:00","-24.4","","-27.2","","77","","0.0","","20","","5","","","","98.44","","","","-29","","NA"
"-77.96","72.69","POND INLET CLIMATE","2403204","2018-01-12 07:00","2018","01","12","07:00","-24.3","","-27.1","","77","","0.0","","21","","4","","","","98.45","","","","-28","","NA"
"-77.96","72.69","POND INLET CLIMATE","2403204","2018-01-12 08:00","2018","01","12","08:00","-24.2","","-27.0","","77","","0.0","","19","","3","","","","98.46","","","","-27","","NA"
"-77.96","72.69","POND INLET CLIMATE","2403204","2018-01-12 09:00","2018","01","12","09:00","-24.2","","-27.0","","78","","0.0","","18","","4","","","","98.48","","","","-28","","NA"
"-77.96","72.69","POND INLET CLIMATE","2403204","2018-01-12 10:00","2018","01","12","10:00","-24.2","","-27.0","","77","","0.0","","18","","3","","","","98.48","","","","-27","","NA"
"-77.96","72.69","POND INLET CLIMATE","2403204","2018-01-12 11:00","2018","01","12","11:00","-24.2","","-27.0","","78","","0.0","","18","","4","","","","98.50","","","","-28","","NA"
"-77.96","72.69","POND INLET CLIMATE","2403204","2018-01-12 12:00","2018","01","12","12:00","-24.1","","-26.9","","78","","0.0","","19","","3","","","","98.49","","","","-27","","NA"
"-77.96","72.69","POND INLET CLIMATE","2403204","2018-01-12 13:00","2018","01","12","13:00","-23.9","","-26.7","","78","","0.0","","22","","4","","","","98.50","","","","-28","","NA"
"-77.96","72.69","POND INLET CLIMATE","2403204","2018-01-12 14:00","2018","01","12","14:00","-24.3","","-27.2","","77","","0.0","","19","","4","","","","98.52","","","","-28","","NA"
"-77.96","72.69","POND INLET CLIMATE","2403204","2018-01-12 15:00","2018","01","12","15:00","-24.2","","-27.1","","78","","0.0","","20","","4","","","","98.56","","","","-28","","NA"
"-77.96","72.69","POND INLET CLIMATE","2403204","2018-01-12 16:00","2018","01","12","16:00","-23.8","","-26.6","","78","","0.0","","20","","3","","","","98.59","","","","-27","","NA"
"-77.96","72.69","POND INLET CLIMATE","2403204","2018-01-12 17:00","2018","01","12","17:00","-25.4","","-28.3","","76","","0.0","","22","","5","","","","98.62","","","","-30","","NA"
"-77.96","72.69","POND INLET CLIMATE","2403204","2018-01-12 18:00","2018","01","12","18:00","-24.8","","-27.7","","77","","0.0","","20","","5","","","","98.64","","","","-30","","NA"
"-77.96","72.69","POND INLET CLIMATE","2403204","2018-01-12 19:00","2018","01","12","19:00","-24.7","","-27.5","","77","","0.0","","21","","6","","","","98.68","","","","-30","","NA"
"-77.96","72.69","POND INLET CLIMATE","2403204","2018-01-12 20:00","2018","01","12","20:00","-24.4","","-27.2","","77","","0.0","","21","","6","","","","98.68","","","","-30","","NA"
"-77.96","72.69","POND INLET CLIMATE","2403204","2018-01-12 21:00","2018","01","12","21:00","-24.6","","-27.4","","77","","0.0","","22","","5","","","","98.72","","","","-29","","NA"
"-77.96","72.69","POND INLET CLIMATE","2403204","2018-01-12 22:00","2018","01","12","22:00","-24.9","","-27.8","","77","","0.0","","22","","4","","","","98.72","","","","-29","","NA"
"-77.96","72.69","POND INLET CLIMATE","2403204","2018-01-12 23:00","2018","01","12","23:00","-25.5","","-28.4","","76","","0.0","","24","","5","","","","98.70","","","","-31","","NA"
"-77.96","72.69","POND INLET CLIMATE","2403204","2018-01-13 00:00","2018","01","13","00:00","-26.2","","-29.2","","76","","0.0","","23","","5","","","","98.72","","","","-31","","NA"
"-77.96","72.69","POND INLET CLIMATE","2403204","2018-01-13 01:00","2018","01","13","01:00","-27.2","","-30.4","","74","","0.0","","22","","4","","","","98.75","","","","-31","","NA"
"-77.96","72.69","POND INLET CLIMATE","2403204","2018-01-13 02:00","2018","01","13","02:00","-26.9","","-29.9","","75","","0.0","","18","","2","","","","98.75","","","","-29","","NA"
"-77.96","72.69","POND INLET CLIMATE","2403204","2018-01-13 03:00","2018","01","13","03:00","-27.3","","-30.4","","75","","0.0","","18","","2","","","","98.72","","","","-29","","NA"
"-77.96","72.69","POND INLET CLIMATE","2403204","2018-01-13 04:00","2018","01","13","04:00","-28.0","","-31.3","","74","","0.0","","21","","3","","","","98.73","","","","-31","","NA"
"-77.96","72.69","POND INLET CLIMATE","2403204","2018-01-13 05:00","2018","01","13","05:00","-27.0","","-30.1","","75","","0.0","","22","","4","","","","98.75","","","","-31","","NA"
"-77.96","72.69","POND INLET CLIMATE","2403204","2018-01-13 06:00","2018","01","13","06:00","-27.2","","-30.4","","74","","0.0","","27","","3","","","","98.77","","","","-30","","NA"
"-77.96","72.69","POND INLET CLIMATE","2403204","2018-01-13 07:00","2018","01","13","07:00","-29.2","","-32.5","","73","","0.0","","20","","5","","","","98.77","","","","-35","","NA"
"-77.96","72.69","POND INLET CLIMATE","2403204","2018-01-13 08:00","2018","01","13","08:00","-30.7","","-34.4","","70","","0.0","","22","","4","","","","98.79","","","","-35","","NA"
"-77.96","72.69","POND INLET CLIMATE","2403204","2018-01-13 09:00","2018","01","13","09:00","-28.0","","-31.2","","74","","0.0","","20","","6","","","","98.83","","","","-34","","NA"
"-77.96","72.69","POND INLET CLIMATE","2403204","2018-01-13 10:00","2018","01","13","10:00","-26.9","","-30.0","","75","","0.0","","21","","4","","","","98.82","","","","-31","","NA"
"-77.96","72.69","POND INLET CLIMATE","2403204","2018-01-13 11:00","2018","01","13","11:00","-26.9","","-30.1","","75","","0.0","","20","","3","","","","98.86","","","","-30","","NA"
"-77.96","72.69","POND INLET CLIMATE","2403204","2018-01-13 12:00","2018","01","13","12:00","-28.2","","-31.4","","74","","0.0","","23","","3","","","","98.89","","","","-31","","NA"
"-77.96","72.69","POND INLET CLIMATE","2403204","2018-01-13 13:00","2018","01","13","13:00","-27.0","","-30.1","","75","","0.0","","20","","2","","","","98.93","","","","-29","","NA"
"-77.96","72.69","POND INLET CLIMATE","2403204","2018-01-13 14:00","2018","01","13","14:00","-26.7","","-29.8","","75","","0.0","","22","","2","","","","98.97","","","","-29","","NA"
"-77.96","72.69","POND INLET CLIMATE","2403204","2018-01-13 15:00","2018","01","13","15:00","-26.6","","-29.6","","75","","0.0","","23","","5","","","","99.00","","","","-32","","NA"
"-77.96","72.69","POND INLET CLIMATE","2403204","2018-01-13 16:00","2018","01","13","16:00","-26.2","","-29.3","","75","","0.0","","24","","4","","","","99.07","","","","-30","","NA"
"-77.96","72.69","POND INLET CLIMATE","2403204","2018-01-13 17:00","2018","01","13","17:00","-26.0","","-29.0","","76","","0.0","","22","","3","","","","99.13","","","","-29","","NA"
"-77.96","72.69","POND INLET CLIMATE","2403204","2018-01-13 18:00","2018","01","13","18:00","-25.7","","-28.7","","76","","0.0","","24","","4","","","","99.17","","","","-30","","NA"
"-77.96","72.69","POND INLET CLIMATE","2403204","2018-01-13 19:00","2018","01","13","19:00","-25.5","","-28.5","","76","","0.0","","23","","4","","","","99.20","","","","-30","","NA"
"-77.96","72.69","POND INLET CLIMATE","2403204","2018-01-13 20:00","2018","01","13","20:00","-25.4","","-28.3","","76","","0.0","","22","","4","","","","99.22","","","","-29","","NA"
"-77.96","72.69","POND INLET CLIMATE","2403204","2018-01-13 21:00","2018","01","13","21:00","-25.2","","-28.1","","77","","0.0","","20","","5","","","","99.22","","","","-30","","NA"
"-77.96","72.69","POND INLET CLIMATE","2403204","2018-01-13 22:00","2018","01","13","22:00","-25.3","","-28.3","","76","","0.0","","21","","4","","","","99.22","","","","-29","","NA"
"-77.96","72.69","POND INLET CLIMATE","2403204","2018-01-13 23:00","2018","01","13","23:00","-24.7","","-27.6","","77","","0.0","","20","","6","","","","99.21","","","","-30","","NA"
"-77.96","72.69","POND INLET CLIMATE","2403204","2018-01-14 00:00","2018","01","14","00:00","-24.7","","-27.6","","77","","0.0","","19","","6","","","","99.25","","","","-30","","NA"
"-77.96","72.69","POND INLET CLIMATE","2403204","2018-01-14 01:00","2018","01","14","01:00","-24.8","","-27.7","","77","","0.0","","19","","4","","","","99.28","","","","-29","","NA"
"-77.96","72.69","POND INLET CLIMATE","2403204","2018-01-14 02:00","2018","01","14","02:00","-26.1","","-29.1","","76","","0.0","","20","","4","","","","99.32","","","","-30","","NA"
"-77.96","72.69","POND INLET CLIMATE","2403204","2018-01-14 03:00","2018","01","14","03:00","-25.9","","-28.8","","76","","0.0","","20","","3","","","","99.38","","","","-29","","NA"
"-77.96","72.69","POND INLET CLIMATE","2403204","2018-01-14 04:00","2018","01","14","04:00","-29.0","","-32.5","","72","","0.0","","21","","4","","","","99.41","","","","-33","","NA"
"-77.96","72.69","POND INLET CLIMATE","2403204","2018-01-14 05:00","2018","01","14","05:00","-28.4","","-31.7","","74","","0.0","","17","","5","","","","99.45","","","","-34","","NA"
"-77.96","72.69","POND INLET CLIMATE","2403204","2018-01-14 06:00","2018","01","14","06:00","-29.0","","-32.4","","73","","0.0","","18","","5","","","","99.50","","","","-34","","NA"
"-77.96","72.69","POND INLET CLIMATE","2403204","2018-01-14 07:00","2018","01","14","07:00","-26.9","","-29.9","","75","","0.0","","18","","4","","","","99.58","","","","-31","","NA"
"-77.96","72.69","POND INLET CLIMATE","2403204","2018-01-14 08:00","2018","01","14","08:00","-27.5","","-30.7","","74","","0.0","","23","","5","","","","99.66","","","","-33","","NA"
"-77.96","72.69","POND INLET CLIMATE","2403204","2018-01-14 09:00","2018","01","14","09:00","-29.2","","-32.5","","73","","0.0","","20","","7","","","","99.68","","","","-36","","NA"
"-77.96","72.69","POND INLET CLIMATE","2403204","2018-01-14 10:00","2018","01","14","10:00","-29.4","","-32.8","","73","","0.0","","19","","8","","","","99.70","","","","-37","","NA"
"-77.96","72.69","POND INLET CLIMATE","2403204","2018-01-14 11:00","2018","01","14","11:00","-28.5","","-31.7","","74","","0.0","","17","","8","","","","99.78","","","","-36","","NA"
"-77.96","72.69","POND INLET CLIMATE","2403204","2018-01-14 12:00","2018","01","14","12:00","-26.4","","-29.5","","75","","0.0","","24","","4","","","","99.82","","","","-31","","NA"
"-77.96","72.69","POND INLET CLIMATE","2403204","2018-01-14 13:00","2018","01","14","13:00","-27.4","","-30.6","","74","","0.0","","25","","4","","","","99.87","","","","-32","","NA"
"-77.96","72.69","POND INLET CLIMATE","2403204","2018-01-14 14:00","2018","01","14","14:00","-27.3","","-30.4","","75","","0.0","","26","","4","","","","99.91","","","","-32","","NA"
"-77.96","72.69","POND INLET CLIMATE","2403204","2018-01-14 15:00","2018","01","14","15:00","-26.9","","-30.0","","75","","0.0","","25","","4","","","","99.98","","","","-31","","NA"
"-77.96","72.69","POND INLET CLIMATE","2403204","2018-01-14 16:00","2018","01","14","16:00","-26.8","","-29.9","","75","","0.0","","23","","4","","","","99.99","","","","-31","","NA"
"-77.96","72.69","POND INLET CLIMATE","2403204","2018-01-14 17:00","2018","01","14","17:00","-26.8","","-30.0","","75","","0.0","","19","","6","","","","100.08","","","","-33","","NA"
"-77.96","72.69","POND INLET CLIMATE","2403204","2018-01-14 18:00","2018","01","14","18:00","-27.1","","-30.2","","75","","0.0","","18","","7","","","","100.13","","","","-34","","NA"
"-77.96","72.69","POND INLET CLIMATE","2403204","2018-01-14 19:00","2018","01","14","19:00","-26.4","","-29.4","","75","","0.0","","23","","2","","","","100.16","","","","-28","","NA"
"-77.96","72.69","POND INLET CLIMATE","2403204","2018-01-14 20:00","2018","01","14","20:00","-26.5","","-29.6","","75","","0.0","","26","","4","","","","100.20","","","","-31","","NA"
"-77.96","72.69","POND INLET CLIMATE","2403204","2018-01-14 21:00","2018","01","14","21:00","-26.2","","-29.2","","76","","0.0","","17","","4","","","","100.18","","","","-30","","NA"
"-77.96","72.69","POND INLET CLIMATE","2403204","2018-01-14 22:00","2018","01","14","22:00","-26.6","","-29.7","","75","","0.0","","","","0","","","","100.21","","","","","","NA"
"-77.96","72.69","POND INLET CLIMATE","2403204","2018-01-14 23:00","2018","01","14","23:00","-27.9","","-31.2","","74","","0.0","","","","0","","","","100.22","","","","","","NA"
"-77.96","72.69","POND INLET CLIMATE","2403204","2018-01-15 00:00","2018","01","15","00:00","-26.9","","-30.0","","75","","0.0","","19","","5","","","","100.26","","","","-32","","NA"
"-77.96","72.69","POND INLET CLIMATE","2403204","2018-01-15 01:00","2018","01","15","01:00","-26.8","","-29.6","","77","","0.0","","18","","4","","","","100.31","","","","-31","","NA"
"-77.96","72.69","POND INLET CLIMATE","2403204","2018-01-15 02:00","2018","01","15","02:00","-28.1","","-31.3","","74","","0.0","","19","","4","","","","100.35","","","","-32","","NA"
"-77.96","72.69","POND INLET CLIMATE","2403204","2018-01-15 03:00","2018","01","15","03:00","-27.5","","-30.5","","75","","0.0","","21","","2","","","","100.40","","","","-30","","NA"
"-77.96","72.69","POND INLET CLIMATE","2403204","2018-01-15 04:00","2018","01","15","04:00","-28.7","","-32.0","","73","","0.0","","18","","7","","","","100.44","","","","-36","","NA"
"-77.96","72.69","POND INLET CLIMATE","2403204","2018-01-15 05:00","2018","01","15","05:00","-27.8","","-31.0","","74","","0.0","","18","","9","","","","100.45","","","","-36","","NA"
"-77.96","72.69","POND INLET CLIMATE","2403204","2018-01-15 06:00","2018","01","15","06:00","-27.6","","-30.8","","74","","0.0","","19","","1","","","","100.46","","","","-29","","NA"
"-77.96","72.69","POND INLET CLIMATE","2403204","2018-01-15 07:00","2018","01","15","07:00","-28.0","","-31.1","","75","","0.0","","19","","4","","","","100.52","","","","-32","","NA"
"-77.96","72.69","POND INLET CLIMATE","2403204","2018-01-15 08:00","2018","01","15","08:00","-29.1","","-32.3","","74","","0.0","","20","","6","","","","100.51","","","","-35","","NA"
"-77.96","72.69","POND INLET CLIMATE","2403204","2018-01-15 09:00","2018","01","15","09:00","-29.2","","-32.6","","73","","0.0","","19","","5","","","","100.50","","","","-35","","NA"
"-77.96","72.69","POND INLET CLIMATE","2403204","2018-01-15 10:00","2018","01","15","10:00","-29.9","","-33.3","","73","","0.0","","19","","7","","","","100.51","","","","-37","","NA"
"-77.96","72.69","POND INLET CLIMATE","2403204","2018-01-15 11:00","2018","01","15","11:00","-28.7","","-32.1","","73","","0.0","","20","","9","","","","100.51","","","","-37","","NA"
"-77.96","72.69","POND INLET CLIMATE","2403204","2018-01-15 12:00","2018","01","15","12:00","-29.0","","-32.5","","72","","0.0","","22","","3","","","","100.50","","","","-32","","NA"
"-77.96","72.69","POND INLET CLIMATE","2403204","2018-01-15 13:00","2018","01","15","13:00","-28.3","","-31.5","","74","","0.0","","20","","5","","","","100.50","","","","-34","","NA"
"-77.96","72.69","POND INLET CLIMATE","2403204","2018-01-15 14:00","2018","01","15","14:00","-29.1","","-32.5","","73","","0.0","","18","","4","","","","100.50","","","","-34","","NA"
"-77.96","72.69","POND INLET CLIMATE","2403204","2018-01-15 15:00","2018","01","15","15:00","-29.6","","-33.2","","71","","0.0","","18","","7","","","","100.53","","","","-37","","NA"
"-77.96","72.69","POND INLET CLIMATE","2403204","2018-01-15 16:00","2018","01","15","16:00","-29.3","","-32.6","","73","","0.0","","18","","9","","","","100.56","","","","-38","","NA"
"-77.96","72.69","POND INLET CLIMATE","2403204","2018-01-15 17:00","2018","01","15","17:00","-29.3","","-32.4","","74","","0.0","","20","","4","","","","100.53","","","","-34","","NA"
"-77.96","72.69","POND INLET CLIMATE","2403204","2018-01-15 18:00","2018","01","15","18:00","-31.6","","-35.4","","69","","0.0","","23","","6","","","","100.55","","","","-38","","NA"
"-77.96","72.69","POND INLET CLIMATE","2403204","2018-01-15 19:00","2018","01","15","19:00","-31.3","","-35.0","","70","","0.0","","19","","7","","","","100.54","","","","-39","","NA"
"-77.96","72.69","POND INLET CLIMATE","2403204","2018-01-15 20:00","2018","01","15","20:00","-31.0","","-34.6","","71","","0.0","","18","","10","","","","100.55","","","","-40","","NA"
"-77.96","72.69","POND INLET CLIMATE","2403204","2018-01-15 21:00","2018","01","15","21:00","-29.7","","-33.0","","73","","0.0","","19","","9","","","","100.53","","","","-38","","NA"
"-77.96","72.69","POND INLET CLIMATE","2403204","2018-01-15 22:00","2018","01","15","22:00","-31.2","","-34.6","","71","","0.0","","23","","9","","","","100.53","","","","-40","","NA"
"-77.96","72.69","POND INLET CLIMATE","2403204","2018-01-15 23:00","2018","01","15","23:00","-32.1","","-35.6","","71","","0.0","","19","","8","","","","100.53","","","","-40","","NA"
"-77.96","72.69","POND INLET CLIMATE","2403204","2018-01-16 00:00","2018","01","16","00:00","-32.1","","-35.7","","70","","0.0","","20","","7","","","","100.56","","","","-40","","NA"
"-77.96","72.69","POND INLET CLIMATE","2403204","2018-01-16 01:00","2018","01","16","01:00","-31.4","","-35.0","","70","","0.0","","18","","8","","","","100.55","","","","-40","","NA"
"-77.96","72.69","POND INLET CLIMATE","2403204","2018-01-16 02:00","2018","01","16","02:00","-31.2","","-34.9","","70","","0.0","","19","","6","","","","100.58","","","","-38","","NA"
"-77.96","72.69","POND INLET CLIMATE","2403204","2018-01-16 03:00","2018","01","16","03:00","-32.1","","-35.7","","71","","0.0","","16","","9","","","","100.61","","","","-41","","NA"
"-77.96","72.69","POND INLET CLIMATE","2403204","2018-01-16 04:00","2018","01","16","04:00","-31.0","","-34.6","","70","","0.0","","18","","7","","","","100.61","","","","-38","","NA"
"-77.96","72.69","POND INLET CLIMATE","2403204","2018-01-16 05:00","2018","01","16","05:00","-30.8","","-34.1","","72","","0.0","","18","","7","","","","100.66","","","","-38","","NA"
"-77.96","72.69","POND INLET CLIMATE","2403204","2018-01-16 06:00","2018","01","16","06:00","-31.0","","-34.5","","71","","0.0","","19","","9","","","","100.69","","","","-40","","NA"
"-77.96","72.69","POND INLET CLIMATE","2403204","2018-01-16 07:00","2018","01","16","07:00","-30.4","","-33.8","","72","","0.0","","19","","8","","","","100.68","","","","-38","","NA"
"-77.96","72.69","POND INLET CLIMATE","2403204","2018-01-16 08:00","2018","01","16","08:00","-31.0","","-34.6","","71","","0.0","","19","","8","","","","100.67","","","","-39","","NA"
"-77.96","72.69","POND INLET CLIMATE","2403204","2018-01-16 09:00","2018","01","16","09:00","-32.0","","-35.7","","69","","0.0","","19","","5","","","","100.67","","","","-38","","NA"
"-77.96","72.69","POND INLET CLIMATE","2403204","2018-01-16 10:00","2018","01","16","10:00","-31.6","","-35.3","","70","","0.0","","20","","4","","","","100.66","","","","-36","","NA"
"-77.96","72.69","POND INLET CLIMATE","2403204","2018-01-16 11:00","2018","01","16","11:00","-32.7","","-36.5","","69","","0.0","","19","","6","","","","100.67","","","","-40","","NA"
"-77.96","72.69","POND INLET CLIMATE","2403204","2018-01-16 12:00","2018","01","16","12:00","-33.3","","-37.1","","69","","0.0","","20","","6","","","","100.68","","","","-40","","NA"
"-77.96","72.69","POND INLET CLIMATE","2403204","2018-01-16 13:00","2018","01","16","13:00","-33.2","","-37.0","","69","","0.0","","19","","6","","","","100.69","","","","-40","","NA"
"-77.96","72.69","POND INLET CLIMATE","2403204","2018-01-16 14:00","2018","01","16","14:00","-33.1","","-36.9","","69","","0.0","","19","","5","","","","100.73","","","","-39","","NA"
"-77.96","72.69","POND INLET CLIMATE","2403204","2018-01-16 15:00","2018","01","16","15:00","-31.9","","-35.6","","69","","0.0","","19","","4","","","","100.76","","","","-37","","NA"
"-77.96","72.69","POND INLET CLIMATE","2403204","2018-01-16 16:00","2018","01","16","16:00","-32.8","","-36.6","","69","","0.0","","18","","4","","","","100.77","","","","-38","","NA"
"-77.96","72.69","POND INLET CLIMATE","2403204","2018-01-16 17:00","2018","01","16","17:00","-33.2","","-37.2","","68","","0.0","","19","","4","","","","100.75","","","","-38","","NA"
"-77.96","72.69","POND INLET CLIMATE","2403204","2018-01-16 18:00","2018","01","16","18:00","-33.4","","-37.2","","68","","0.0","","18","","4","","","","100.74","","","","-38","","NA"
"-77.96","72.69","POND INLET CLIMATE","2403204","2018-01-16 19:00","2018","01","16","19:00","-32.9","","-36.6","","69","","0.0","","18","","4","","","","100.76","","","","-38","","NA"
"-77.96","72.69","POND INLET CLIMATE","2403204","2018-01-16 20:00","2018","01","16","20:00","-30.7","","-34.3","","71","","0.0","","19","","3","","","","100.76","","","","-34","","NA"
"-77.96","72.69","POND INLET CLIMATE","2403204","2018-01-16 21:00","2018","01","16","21:00","-29.7","","-33.1","","72","","0.0","","21","","4","","","","100.70","","","","-34","","NA"
"-77.96","72.69","POND INLET CLIMATE","2403204","2018-01-16 22:00","2018","01","16","22:00","-31.0","","-34.5","","71","","0.0","","19","","5","","","","100.66","","","","-37","","NA"
"-77.96","72.69","POND INLET CLIMATE","2403204","2018-01-16 23:00","2018","01","16","23:00","-32.1","","-35.8","","70","","0.0","","20","","4","","","","100.63","","","","-37","","NA"
"-77.96","72.69","POND INLET CLIMATE","2403204","2018-01-17 00:00","2018","01","17","00:00","-34.5","","-38.6","","66","","0.0","","21","","4","","","","100.63","","","","-39","","NA"
"-77.96","72.69","POND INLET CLIMATE","2403204","2018-01-17 01:00","2018","01","17","01:00","-33.6","","-37.6","","68","","0.0","","17","","2","","","","100.62","","","","-36","","NA"
"-77.96","72.69","POND INLET CLIMATE","2403204","2018-01-17 02:00","2018","01","17","02:00","-33.5","","-37.4","","68","","0.0","","","","0","","","","100.62","","","","","","NA"
"-77.96","72.69","POND INLET CLIMATE","2403204","2018-01-17 03:00","2018","01","17","03:00","-35.8","","-39.9","","66","","0.0","","21","","4","","","","100.62","","","","-41","","NA"
"-77.96","72.69","POND INLET CLIMATE","2403204","2018-01-17 04:00","2018","01","17","04:00","-35.1","","-39.1","","67","","0.0","","19","","5","","","","100.64","","","","-41","","NA"
"-77.96","72.69","POND INLET CLIMATE","2403204","2018-01-17 05:00","2018","01","17","05:00","-34.7","","-38.7","","67","","0.0","","19","","3","","","","100.64","","","","-38","","NA"
"-77.96","72.69","POND INLET CLIMATE","2403204","2018-01-17 06:00","2018","01","17","06:00","-35.2","","-39.2","","67","","0.0","","19","","4","","","","100.63","","","","-40","","NA"
"-77.96","72.69","POND INLET CLIMATE","2403204","2018-01-17 07:00","2018","01","17","07:00","-34.5","","-38.4","","67","","0.0","","19","","2","","","","100.60","","","","-37","","NA"
"-77.96","72.69","POND INLET CLIMATE","2403204","2018-01-17 08:00","2018","01","17","08:00","-34.8","","-38.8","","67","","0.0","","19","","5","","","","100.59","","","","-41","","NA"
"-77.96","72.69","POND INLET CLIMATE","2403204","2018-01-17 09:00","2018","01","17","09:00","-34.9","","-38.7","","68","","0.0","","18","","5","","","","100.60","","","","-41","","NA"
"-77.96","72.69","POND INLET CLIMATE","2403204","2018-01-17 10:00","2018","01","17","10:00","-35.3","","-39.3","","67","","0.0","","18","","6","","","","100.58","","","","-43","","NA"
"-77.96","72.69","POND INLET CLIMATE","2403204","2018-01-17 11:00","2018","01","17","11:00","-35.1","","-39.0","","67","","0.0","","19","","4","","","","100.57","","","","-40","","NA"
"-77.96","72.69","POND INLET CLIMATE","2403204","2018-01-17 12:00","2018","01","17","12:00","-35.5","","-39.6","","66","","0.0","","19","","4","","","","100.58","","","","-41","","NA"
"-77.96","72.69","POND INLET CLIMATE","2403204","2018-01-17 13:00","2018","01","17","13:00","-35.1","","-39.2","","67","","0.0","","20","","3","","","","100.60","","","","-39","","NA"
"-77.96","72.69","POND INLET CLIMATE","2403204","2018-01-17 14:00","2018","01","17","14:00","-35.3","","-39.4","","66","","0.0","","19","","4","","","","100.61","","","","-40","","NA"
"-77.96","72.69","POND INLET CLIMATE","2403204","2018-01-17 15:00","2018","01","17","15:00","-34.4","","-38.3","","68","","0.0","","19","","4","","","","100.61","","","","-39","","NA"
"-77.96","72.69","POND INLET CLIMATE","2403204","2018-01-17 16:00","2018","01","17","16:00","-34.0","","-37.9","","68","","0.0","","15","","3","","","","100.60","","","","-38","","NA"
"-77.96","72.69","POND INLET CLIMATE","2403204","2018-01-17 17:00","2018","01","17","17:00","-35.1","","-39.2","","66","","0.0","","21","","5","","","","100.61","","","","-41","","NA"
"-77.96","72.69","POND INLET CLIMATE","2403204","2018-01-17 18:00","2018","01","17","18:00","-36.0","","-40.0","","66","","0.0","","20","","5","","","","100.67","","","","-42","","NA"
"-77.96","72.69","POND INLET CLIMATE","2403204","2018-01-17 19:00","2018","01","17","19:00","-35.4","","-39.5","","66","","0.0","","17","","7","","","","100.64","","","","-44","","NA"
"-77.96","72.69","POND INLET CLIMATE","2403204","2018-01-17 20:00","2018","01","17","20:00","-34.3","","-38.3","","67","","0.0","","18","","4","","","","100.62","","","","-39","","NA"
"-77.96","72.69","POND INLET CLIMATE","2403204","2018-01-17 21:00","2018","01","17","21:00","-34.2","","-38.1","","67","","0.0","","21","","2","","","","100.61","","","","-37","","NA"
"-77.96","72.69","POND INLET CLIMATE","2403204","2018-01-17 22:00","2018","01","17","22:00","-35.3","","-39.3","","66","","0.0","","","","0","","","","100.62","","","","","","NA"
"-77.96","72.69","POND INLET CLIMATE","2403204","2018-01-17 23:00","2018","01","17","23:00","-34.8","","-38.9","","66","","0.0","","","","0","","","","100.55","","","","","","NA"
"-77.96","72.69","POND INLET CLIMATE","2403204","2018-01-18 00:00","2018","01","18","00:00","-34.2","","-38.0","","68","","0.0","","19","","2","","","","100.57","","","","-37","","NA"
"-77.96","72.69","POND INLET CLIMATE","2403204","2018-01-18 01:00","2018","01","18","01:00","-34.4","","-38.4","","67","","0.0","","","","0","","","","100.57","","","","","","NA"
"-77.96","72.69","POND INLET CLIMATE","2403204","2018-01-18 02:00","2018","01","18","02:00","-33.8","","-37.6","","68","","0.0","","20","","3","","","","100.57","","","","-37","","NA"
"-77.96","72.69","POND INLET CLIMATE","2403204","2018-01-18 03:00","2018","01","18","03:00","-33.1","","-36.9","","69","","0.0","","18","","4","","","","100.58","","","","-38","","NA"
"-77.96","72.69","POND INLET CLIMATE","2403204","2018-01-18 04:00","2018","01","18","04:00","-32.4","","-36.3","","68","","0.0","","","","0","","","","100.62","","","","","","NA"
"-77.96","72.69","POND INLET CLIMATE","2403204","2018-01-18 05:00","2018","01","18","05:00","-33.3","","-37.1","","69","","0.0","","19","","4","","","","100.63","","","","-38","","NA"
"-77.96","72.69","POND INLET CLIMATE","2403204","2018-01-18 06:00","2018","01","18","06:00","-32.5","","-36.3","","69","","0.0","","22","","3","","","","100.64","","","","-36","","NA"
"-77.96","72.69","POND INLET CLIMATE","2403204","2018-01-18 07:00","2018","01","18","07:00","-31.5","","-35.1","","70","","0.0","","21","","5","","","","100.64","","","","-37","","NA"
"-77.96","72.69","POND INLET CLIMATE","2403204","2018-01-18 08:00","2018","01","18","08:00","-31.2","","-34.9","","70","","0.0","","24","","2","","","","100.63","","","","-34","","NA"
"-77.96","72.69","POND INLET CLIMATE","2403204","2018-01-18 09:00","2018","01","18","09:00","-32.0","","-35.7","","69","","0.0","","22","","2","","","","100.59","","","","-34","","NA"
"-77.96","72.69","POND INLET CLIMATE","2403204","2018-01-18 10:00","2018","01","18","10:00","-32.1","","-35.8","","69","","0.0","","","","0","","","","100.62","","","","","","NA"
"-77.96","72.69","POND INLET CLIMATE","2403204","2018-01-18 11:00","2018","01","18","11:00","-31.1","","-34.7","","71","","0.0","","16","","3","","","","100.62","","","","-35","","NA"
"-77.96","72.69","POND INLET CLIMATE","2403204","2018-01-18 12:00","2018","01","18","12:00","-30.4","","-33.9","","71","","0.0","","24","","4","","","","100.65","","","","-35","","NA"
"-77.96","72.69","POND INLET CLIMATE","2403204","2018-01-18 13:00","2018","01","18","13:00","-30.5","","-34.1","","71","","0.0","","21","","4","","","","100.72","","","","-35","","NA"
"-77.96","72.69","POND INLET CLIMATE","2403204","2018-01-18 14:00","2018","01","18","14:00","-30.0","","-33.4","","72","","0.0","","17","","4","","","","100.75","","","","-35","","NA"
"-77.96","72.69","POND INLET CLIMATE","2403204","2018-01-18 15:00","2018","01","18","15:00","-29.5","","-32.9","","72","","0.0","","0","","1","","","","100.84","","","","-31","","NA"
"-77.96","72.69","POND INLET CLIMATE","2403204","2018-01-18 16:00","2018","01","18","16:00","-29.0","","-32.4","","72","","0.0","","","","0","","","","100.89","","","","","","NA"
"-77.96","72.69","POND INLET CLIMATE","2403204","2018-01-18 17:00","2018","01","18","17:00","-28.5","","-31.8","","73","","0.0","","18","","3","","","","100.94","","","","-32","","NA"
"-77.96","72.69","POND INLET CLIMATE","2403204","2018-01-18 18:00","2018","01","18","18:00","-28.4","","-31.7","","73","","0.0","","21","","2","","","","100.97","","","","-31","","NA"
"-77.96","72.69","POND INLET CLIMATE","2403204","2018-01-18 19:00","2018","01","18","19:00","-29.5","","-33.0","","72","","0.0","","17","","6","","","","100.99","","","","-36","","NA"
"-77.96","72.69","POND INLET CLIMATE","2403204","2018-01-18 20:00","2018","01","18","20:00","-28.1","","-31.3","","74","","0.0","","16","","6","","","","101.00","","","","-34","","NA"
"-77.96","72.69","POND INLET CLIMATE","2403204","2018-01-18 21:00","2018","01","18","21:00","-31.0","","-34.5","","71","","0.0","","23","","1","","","","101.08","","","","-32","","NA"
"-77.96","72.69","POND INLET CLIMATE","2403204","2018-01-18 22:00","2018","01","18","22:00","-33.0","","-36.7","","70","","0.0","","20","","4","","","","101.11","","","","-38","","NA"
"-77.96","72.69","POND INLET CLIMATE","2403204","2018-01-18 23:00","2018","01","18","23:00","-33.6","","-37.3","","69","","0.0","","19","","4","","","","101.15","","","","-38","","NA"
"-77.96","72.69","POND INLET CLIMATE","2403204","2018-01-19 00:00","2018","01","19","00:00","-32.9","","-36.6","","69","","0.0","","18","","6","","","","101.15","","","","-40","","NA"
"-77.96","72.69","POND INLET CLIMATE","2403204","2018-01-19 01:00","2018","01","19","01:00","-31.0","","-34.6","","71","","0.0","","18","","7","","","","101.16","","","","-38","","NA"
"-77.96","72.69","POND INLET CLIMATE","2403204","2018-01-19 02:00","2018","01","19","02:00","-31.2","","-34.7","","71","","0.0","","18","","6","","","","101.23","","","","-38","","NA"
"-77.96","72.69","POND INLET CLIMATE","2403204","2018-01-19 03:00","2018","01","19","03:00","-31.5","","-35.3","","69","","0.0","","20","","1","","","","101.31","","","","-33","","NA"
"-77.96","72.69","POND INLET CLIMATE","2403204","2018-01-19 04:00","2018","01","19","04:00","-33.0","","-36.8","","69","","0.0","","19","","5","","","","101.32","","","","-39","","NA"
"-77.96","72.69","POND INLET CLIMATE","2403204","2018-01-19 05:00","2018","01","19","05:00","-31.4","","-35.0","","71","","0.0","","18","","4","","","","101.33","","","","-36","","NA"
"-77.96","72.69","POND INLET CLIMATE","2403204","2018-01-19 06:00","2018","01","19","06:00","-29.8","","-33.2","","73","","0.0","","15","","1","","","","101.34","","","","-31","","NA"
"-77.96","72.69","POND INLET CLIMATE","2403204","2018-01-19 07:00","2018","01","19","07:00","-30.6","","-34.0","","71","","0.0","","22","","4","","","","101.36","","","","-35","","NA"
"-77.96","72.69","POND INLET CLIMATE","2403204","2018-01-19 08:00","2018","01","19","08:00","-32.1","","-35.7","","70","","0.0","","21","","3","","","","101.37","","","","-36","","NA"
"-77.96","72.69","POND INLET CLIMATE","2403204","2018-01-19 09:00","2018","01","19","09:00","-33.0","","-36.7","","69","","0.0","","18","","4","","","","101.37","","","","-38","","NA"
"-77.96","72.69","POND INLET CLIMATE","2403204","2018-01-19 10:00","2018","01","19","10:00","-33.7","","-37.7","","68","","0.0","","17","","5","","","","101.42","","","","-40","","NA"
"-77.96","72.69","POND INLET CLIMATE","2403204","2018-01-19 11:00","2018","01","19","11:00","-32.6","","-36.4","","69","","0.0","","18","","5","","","","101.41","","","","-39","","NA"
"-77.96","72.69","POND INLET CLIMATE","2403204","2018-01-19 12:00","2018","01","19","12:00","-32.3","","-36.0","","70","","0.0","","18","","6","","","","101.42","","","","-39","","NA"
"-77.96","72.69","POND INLET CLIMATE","2403204","2018-01-19 13:00","2018","01","19","13:00","-33.2","","-37.0","","69","","0.0","","20","","4","","","","101.41","","","","-38","","NA"
"-77.96","72.69","POND INLET CLIMATE","2403204","2018-01-19 14:00","2018","01","19","14:00","-35.1","","-39.3","","66","","0.0","","22","","5","","","","101.41","","","","-41","","NA"
"-77.96","72.69","POND INLET CLIMATE","2403204","2018-01-19 15:00","2018","01","19","15:00","-32.9","","-36.5","","70","","0.0","","21","","1","","","","101.43","","","","-34","","NA"
"-77.96","72.69","POND INLET CLIMATE","2403204","2018-01-19 16:00","2018","01","19","16:00","-34.0","","-37.9","","68","","0.0","","18","","2","","","","101.44","","","","-36","","NA"
"-77.96","72.69","POND INLET CLIMATE","2403204","2018-01-19 17:00","2018","01","19","17:00","-32.8","","-36.6","","69","","0.0","","19","","4","","","","101.44","","","","-38","","NA"
"-77.96","72.69","POND INLET CLIMATE","2403204","2018-01-19 18:00","2018","01","19","18:00","-33.2","","-37.1","","68","","0.0","","19","","2","","","","101.46","","","","-36","","NA"
"-77.96","72.69","POND INLET CLIMATE","2403204","2018-01-19 19:00","2018","01","19","19:00","-32.9","","-36.6","","69","","0.0","","0","","1","","","","101.44","","","","-34","","NA"
"-77.96","72.69","POND INLET CLIMATE","2403204","2018-01-19 20:00","2018","01","19","20:00","-32.9","","-36.7","","69","","0.0","","19","","3","","","","101.42","","","","-37","","NA"
"-77.96","72.69","POND INLET CLIMATE","2403204","2018-01-19 21:00","2018","01","19","21:00","-33.3","","-37.2","","68","","0.0","","","","0","","","","101.41","","","","","","NA"
"-77.96","72.69","POND INLET CLIMATE","2403204","2018-01-19 22:00","2018","01","19","22:00","-33.6","","-37.5","","68","","0.0","","","","0","","","","101.38","","","","","","NA"
"-77.96","72.69","POND INLET CLIMATE","2403204","2018-01-19 23:00","2018","01","19","23:00","-34.4","","-38.2","","68","","0.0","","17","","4","","","","101.35","","","","-39","","NA"
"-77.96","72.69","POND INLET CLIMATE","2403204","2018-01-20 00:00","2018","01","20","00:00","-34.6","","-38.6","","67","","0.0","","21","","4","","","","101.34","","","","-40","","NA"
"-77.96","72.69","POND INLET CLIMATE","2403204","2018-01-20 01:00","2018","01","20","01:00","-35.3","","-39.3","","67","","0.0","","20","","3","","","","101.33","","","","-39","","NA"
"-77.96","72.69","POND INLET CLIMATE","2403204","2018-01-20 02:00","2018","01","20","02:00","-36.1","","-40.2","","66","","0.0","","19","","3","","","","101.31","","","","-40","","NA"
"-77.96","72.69","POND INLET CLIMATE","2403204","2018-01-20 03:00","2018","01","20","03:00","-34.9","","-38.9","","67","","0.0","","0","","1","","","","101.30","","","","-36","","NA"
"-77.96","72.69","POND INLET CLIMATE","2403204","2018-01-20 04:00","2018","01","20","04:00","-36.9","","-41.2","","64","","0.0","","22","","4","","","","101.30","","","","-42","","NA"
"-77.96","72.69","POND INLET CLIMATE","2403204","2018-01-20 05:00","2018","01","20","05:00","-35.4","","-39.6","","66","","0.0","","19","","3","","","","101.24","","","","-39","","NA"
"-77.96","72.69","POND INLET CLIMATE","2403204","2018-01-20 06:00","2018","01","20","06:00","-35.7","","-39.7","","67","","0.0","","19","","4","","","","101.23","","","","-41","","NA"
"-77.96","72.69","POND INLET CLIMATE","2403204","2018-01-20 07:00","2018","01","20","07:00","-36.1","","-40.4","","65","","0.0","","20","","3","","","","101.19","","","","-40","","NA"
"-77.96","72.69","POND INLET CLIMATE","2403204","2018-01-20 08:00","2018","01","20","08:00","-35.1","","-39.3","","66","","0.0","","21","","3","","","","101.15","","","","-39","","NA"
"-77.96","72.69","POND INLET CLIMATE","2403204","2018-01-20 09:00","2018","01","20","09:00","-35.2","","-39.3","","66","","0.0","","17","","4","","","","101.13","","","","-40","","NA"
"-77.96","72.69","POND INLET CLIMATE","2403204","2018-01-20 10:00","2018","01","20","10:00","-34.5","","-38.6","","67","","0.0","","19","","2","","","","101.09","","","","-37","","NA"
"-77.96","72.69","POND INLET CLIMATE","2403204","2018-01-20 11:00","2018","01","20","11:00","-34.5","","-38.4","","68","","0.0","","22","","3","","","","101.06","","","","-38","","NA"
"-77.96","72.69","POND INLET CLIMATE","2403204","2018-01-20 12:00","2018","01","20","12:00","-35.5","","-39.6","","66","","0.0","","21","","3","","","","101.02","","","","-39","","NA"
"-77.96","72.69","POND INLET CLIMATE","2403204","2018-01-20 13:00","2018","01","20","13:00","-34.3","","-38.3","","67","","0.0","","17","","4","","","","100.99","","","","-39","","NA"
"-77.96","72.69","POND INLET CLIMATE","2403204","2018-01-20 14:00","2018","01","20","14:00","-33.4","","-37.3","","68","","0.0","","21","","3","","","","100.97","","","","-37","","NA"
"-77.96","72.69","POND INLET CLIMATE","2403204","2018-01-20 15:00","2018","01","20","15:00","-32.6","","-36.4","","69","","0.0","","24","","2","","","","100.94","","","","-35","","NA"
"-77.96","72.69","POND INLET CLIMATE","2403204","2018-01-20 16:00","2018","01","20","16:00","-33.3","","-37.2","","68","","0.0","","","","0","","","","100.93","","","","","","NA"
"-77.96","72.69","POND INLET CLIMATE","2403204","2018-01-20 17:00","2018","01","20","17:00","-34.6","","-38.7","","67","","0.0","","22","","2","","","","100.93","","","","-37","","NA"
"-77.96","72.69","POND INLET CLIMATE","2403204","2018-01-20 18:00","2018","01","20","18:00","-32.7","","-36.5","","69","","0.0","","19","","3","","","","100.89","","","","-36","","NA"
"-77.96","72.69","POND INLET CLIMATE","2403204","2018-01-20 19:00","2018","01","20","19:00","-32.9","","-36.7","","69","","0.0","","20","","2","","","","100.86","","","","-35","","NA"
"-77.96","72.69","POND INLET CLIMATE","2403204","2018-01-20 20:00","2018","01","20","20:00","-33.2","","-37.1","","68","","0.0","","22","","1","","","","100.82","","","","-34","","NA"
"-77.96","72.69","POND INLET CLIMATE","2403204","2018-01-20 21:00","2018","01","20","21:00","-33.4","","-37.3","","68","","0.0","","","","0","","","","100.77","","","","","","NA"
"-77.96","72.69","POND INLET CLIMATE","2403204","2018-01-20 22:00","2018","01","20","22:00","-33.5","","-37.3","","69","","0.0","","","","0","","","","100.74","","","","","","NA"
"-77.96","72.69","POND INLET CLIMATE","2403204","2018-01-20 23:00","2018","01","20","23:00","-33.2","","-37.1","","68","","0.0","","18","","3","","","","100.72","","","","-37","","NA"
"-77.96","72.69","POND INLET CLIMATE","2403204","2018-01-21 00:00","2018","01","21","00:00","-33.0","","-36.6","","70","","0.0","","18","","3","","","","100.68","","","","-37","","NA"
"-77.96","72.69","POND INLET CLIMATE","2403204","2018-01-21 01:00","2018","01","21","01:00","-33.0","","-36.8","","69","","0.0","","20","","2","","","","100.67","","","","-35","","NA"
"-77.96","72.69","POND INLET CLIMATE","2403204","2018-01-21 02:00","2018","01","21","02:00","-32.6","","-36.2","","70","","0.0","","23","","2","","","","100.67","","","","-35","","NA"
"-77.96","72.69","POND INLET CLIMATE","2403204","2018-01-21 03:00","2018","01","21","03:00","-33.1","","-37.0","","68","","0.0","","23","","2","","","","100.65","","","","-36","","NA"
"-77.96","72.69","POND INLET CLIMATE","2403204","2018-01-21 04:00","2018","01","21","04:00","-33.1","","-36.8","","69","","0.0","","20","","2","","","","100.64","","","","-36","","NA"
"-77.96","72.69","POND INLET CLIMATE","2403204","2018-01-21 05:00","2018","01","21","05:00","-32.2","","-36.1","","69","","0.0","","0","","1","","","","100.65","","","","-33","","NA"
"-77.96","72.69","POND INLET CLIMATE","2403204","2018-01-21 06:00","2018","01","21","06:00","-35.1","","-39.2","","66","","0.0","","21","","2","","","","100.65","","","","-38","","NA"
"-77.96","72.69","POND INLET CLIMATE","2403204","2018-01-21 07:00","2018","01","21","07:00","-34.0","","-37.8","","69","","0.0","","19","","2","","","","100.63","","","","-36","","NA"
"-77.96","72.69","POND INLET CLIMATE","2403204","2018-01-21 08:00","2018","01","21","08:00","-32.8","","-36.7","","69","","0.0","","20","","1","","","","100.60","","","","-34","","NA"
"-77.96","72.69","POND INLET CLIMATE","2403204","2018-01-21 09:00","2018","01","21","09:00","-32.3","","-35.9","","70","","0.0","","18","","2","","","","100.59","","","","-35","","NA"
"-77.96","72.69","POND INLET CLIMATE","2403204","2018-01-21 10:00","2018","01","21","10:00","-32.8","","-36.5","","69","","0.0","","","","0","","","","100.59","","","","","","NA"
"-77.96","72.69","POND INLET CLIMATE","2403204","2018-01-21 11:00","2018","01","21","11:00","-31.8","","-35.4","","71","","0.0","","","","0","","","","100.58","","","","","","NA"
"-77.96","72.69","POND INLET CLIMATE","2403204","2018-01-21 12:00","2018","01","21","12:00","-31.7","","-35.3","","70","","0.0","","","","0","","","","100.59","","","","","","NA"
"-77.96","72.69","POND INLET CLIMATE","2403204","2018-01-21 13:00","2018","01","21","13:00","-31.6","","-35.2","","71","","0.0","","","","0","","","","100.59","","","","","","NA"
"-77.96","72.69","POND INLET CLIMATE","2403204","2018-01-21 14:00","2018","01","21","14:00","-32.7","","-36.5","","69","","0.0","","","","0","","","","100.62","","","","","","NA"
"-77.96","72.69","POND INLET CLIMATE","2403204","2018-01-21 15:00","2018","01","21","15:00","-32.7","","-36.5","","69","","0.0","","","","0","","","","100.64","","","","","","NA"
"-77.96","72.69","POND INLET CLIMATE","2403204","2018-01-21 16:00","2018","01","21","16:00","-32.0","","-35.7","","69","","0.0","","","","0","","","","100.67","","","","","","NA"
"-77.96","72.69","POND INLET CLIMATE","2403204","2018-01-21 17:00","2018","01","21","17:00","-32.7","","-36.6","","68","","0.0","","","","0","","","","100.72","","","","","","NA"
"-77.96","72.69","POND INLET CLIMATE","2403204","2018-01-21 18:00","2018","01","21","18:00","-31.8","","-35.6","","69","","0.0","","","","0","","","","100.72","","","","","","NA"
"-77.96","72.69","POND INLET CLIMATE","2403204","2018-01-21 19:00","2018","01","21","19:00","-32.2","","-36.0","","69","","0.0","","19","","2","","","","100.75","","","","-35","","NA"
"-77.96","72.69","POND INLET CLIMATE","2403204","2018-01-21 20:00","2018","01","21","20:00","-32.2","","-36.0","","69","","0.0","","","","0","","","","100.75","","","","","","NA"
"-77.96","72.69","POND INLET CLIMATE","2403204","2018-01-21 21:00","2018","01","21","21:00","-31.0","","-34.5","","71","","0.0","","","","0","","","","100.76","","","","","","NA"
"-77.96","72.69","POND INLET CLIMATE","2403204","2018-01-21 22:00","2018","01","21","22:00","-30.8","","-34.1","","72","","0.0","","","","0","","","","100.77","","","","","","NA"
"-77.96","72.69","POND INLET CLIMATE","2403204","2018-01-21 23:00","2018","01","21","23:00","-32.3","","-36.0","","70","","0.0","","","","0","","","","100.76","","","","","","NA"
"-77.96","72.69","POND INLET CLIMATE","2403204","2018-01-22 00:00","2018","01","22","00:00","-32.2","","-36.0","","69","","0.0","","","","0","","","","100.78","","","","","","NA"
"-77.96","72.69","POND INLET CLIMATE","2403204","2018-01-22 01:00","2018","01","22","01:00","-33.2","","-37.1","","68","","0.0","","16","","2","","","","100.79","","","","-36","","NA"
"-77.96","72.69","POND INLET CLIMATE","2403204","2018-01-22 02:00","2018","01","22","02:00","-33.8","","-37.9","","66","","0.0","","","","0","","","","100.83","","","","","","NA"
"-77.96","72.69","POND INLET CLIMATE","2403204","2018-01-22 03:00","2018","01","22","03:00","-32.4","","-36.0","","70","","0.0","","","","0","","","","100.84","","","","","","NA"
"-77.96","72.69","POND INLET CLIMATE","2403204","2018-01-22 04:00","2018","01","22","04:00","-32.6","","-36.5","","69","","0.0","","","","0","","","","100.85","","","","","","NA"
"-77.96","72.69","POND INLET CLIMATE","2403204","2018-01-22 05:00","2018","01","22","05:00","-32.8","","-36.5","","69","","0.0","","","","0","","","","100.86","","","","","","NA"
"-77.96","72.69","POND INLET CLIMATE","2403204","2018-01-22 06:00","2018","01","22","06:00","-31.8","","-35.3","","70","","0.0","","18","","1","","","","100.84","","","","-33","","NA"
"-77.96","72.69","POND INLET CLIMATE","2403204","2018-01-22 07:00","2018","01","22","07:00","-30.8","","-34.3","","71","","0.0","","","","0","","","","100.84","","","","","","NA"
"-77.96","72.69","POND INLET CLIMATE","2403204","2018-01-22 08:00","2018","01","22","08:00","-31.3","","-35.0","","70","","0.0","","","","0","","","","100.84","","","","","","NA"
"-77.96","72.69","POND INLET CLIMATE","2403204","2018-01-22 09:00","2018","01","22","09:00","-32.1","","-35.7","","70","","0.0","","","","0","","","","100.82","","","","","","NA"
"-77.96","72.69","POND INLET CLIMATE","2403204","2018-01-22 10:00","2018","01","22","10:00","-32.1","","-35.7","","70","","0.0","","","","0","","","","100.83","","","","","","NA"
"-77.96","72.69","POND INLET CLIMATE","2403204","2018-01-22 11:00","2018","01","22","11:00","-31.8","","-35.3","","71","","0.0","","","","0","","","","100.82","","","","","","NA"
"-77.96","72.69","POND INLET CLIMATE","2403204","2018-01-22 12:00","2018","01","22","12:00","-32.0","","-35.7","","69","","0.0","","","","0","","","","100.81","","","","","","NA"
"-77.96","72.69","POND INLET CLIMATE","2403204","2018-01-22 13:00","2018","01","22","13:00","-31.7","","-35.3","","70","","0.0","","","","0","","","","100.80","","","","","","NA"
"-77.96","72.69","POND INLET CLIMATE","2403204","2018-01-22 14:00","2018","01","22","14:00","-32.4","","-36.2","","69","","0.0","","","","0","","","","100.78","","","","","","NA"
"-77.96","72.69","POND INLET CLIMATE","2403204","2018-01-22 15:00","2018","01","22","15:00","-29.8","","-33.2","","72","","0.0","","","","0","","","","100.78","","","","","","NA"
"-77.96","72.69","POND INLET CLIMATE","2403204","2018-01-22 16:00","2018","01","22","16:00","-28.3","","-31.6","","73","","0.0","","","","0","","","","100.76","","","","","","NA"
"-77.96","72.69","POND INLET CLIMATE","2403204","2018-01-22 17:00","2018","01","22","17:00","-28.8","","-32.2","","73","","0.0","","","","0","","","","100.75","","","","","","NA"
"-77.96","72.69","POND INLET CLIMATE","2403204","2018-01-22 18:00","2018","01","22","18:00","-28.9","","-32.3","","73","","0.0","","","","0","","","","100.75","","","","","","NA"
"-77.96","72.69","POND INLET CLIMATE","2403204","2018-01-22 19:00","2018","01","22","19:00","-28.1","","-31.4","","73","","0.0","","","","0","","","","100.72","","","","","","NA"
"-77.96","72.69","POND INLET CLIMATE","2403204","2018-01-22 20:00","2018","01","22","20:00","-27.8","","-31.1","","74","","0.0","","","","0","","","","100.70","","","","","","NA"
"-77.96","72.69","POND INLET CLIMATE","2403204","2018-01-22 21:00","2018","01","22","21:00","-27.5","","-30.7","","74","","0.0","","","","0","","","","100.68","","","","","","NA"
"-77.96","72.69","POND INLET CLIMATE","2403204","2018-01-22 22:00","2018","01","22","22:00","-27.1","","-30.3","","74","","0.0","","","","0","","","","100.65","","","","","","NA"
"-77.96","72.69","POND INLET CLIMATE","2403204","2018-01-22 23:00","2018","01","22","23:00","-26.8","","-29.9","","75","","0.0","","","","0","","","","100.62","","","","","","NA"
"-77.96","72.69","POND INLET CLIMATE","2403204","2018-01-23 00:00","2018","01","23","00:00","-26.6","","-29.8","","75","","0.0","","","","0","","","","100.63","","","","","","NA"
"-77.96","72.69","POND INLET CLIMATE","2403204","2018-01-23 01:00","2018","01","23","01:00","-26.5","","-29.5","","75","","0.0","","","","0","","","","100.61","","","","","","NA"
"-77.96","72.69","POND INLET CLIMATE","2403204","2018-01-23 02:00","2018","01","23","02:00","-26.4","","-29.4","","75","","0.0","","","","0","","","","100.58","","","","","","NA"
"-77.96","72.69","POND INLET CLIMATE","2403204","2018-01-23 03:00","2018","01","23","03:00","-26.3","","-29.4","","75","","0.0","","","","0","","","","100.60","","","","","","NA"
"-77.96","72.69","POND INLET CLIMATE","2403204","2018-01-23 04:00","2018","01","23","04:00","-26.3","","-29.4","","75","","0.0","","","","0","","","","100.60","","","","","","NA"
"-77.96","72.69","POND INLET CLIMATE","2403204","2018-01-23 05:00","2018","01","23","05:00","-26.2","","-29.2","","75","","0.0","","","","0","","","","100.62","","","","","","NA"
"-77.96","72.69","POND INLET CLIMATE","2403204","2018-01-23 06:00","2018","01","23","06:00","-26.1","","-29.2","","76","","0.0","","","","0","","","","100.59","","","","","","NA"
"-77.96","72.69","POND INLET CLIMATE","2403204","2018-01-23 07:00","2018","01","23","07:00","-26.0","","-29.1","","76","","0.0","","","","0","","","","100.56","","","","","","NA"
"-77.96","72.69","POND INLET CLIMATE","2403204","2018-01-23 08:00","2018","01","23","08:00","-26.0","","-29.0","","76","","0.0","","","","0","","","","100.53","","","","","","NA"
"-77.96","72.69","POND INLET CLIMATE","2403204","2018-01-23 09:00","2018","01","23","09:00","-25.8","","-28.8","","76","","0.0","","","","0","","","","100.53","","","","","","NA"
"-77.96","72.69","POND INLET CLIMATE","2403204","2018-01-23 10:00","2018","01","23","10:00","-25.9","","-28.9","","75","","0.0","","","","0","","","","100.51","","","","","","NA"
"-77.96","72.69","POND INLET CLIMATE","2403204","2018-01-23 11:00","2018","01","23","11:00","-26.2","","-29.2","","76","","0.0","","20","","2","","","","100.51","","","","-28","","NA"
"-77.96","72.69","POND INLET CLIMATE","2403204","2018-01-23 12:00","2018","01","23","12:00","-25.3","","-28.2","","76","","0.0","","19","","2","","","","100.50","","","","-27","","NA"
"-77.96","72.69","POND INLET CLIMATE","2403204","2018-01-23 13:00","2018","01","23","13:00","-25.1","","-28.0","","76","","0.0","","20","","2","","","","100.49","","","","-27","","NA"
"-77.96","72.69","POND INLET CLIMATE","2403204","2018-01-23 14:00","2018","01","23","14:00","-25.1","","-28.0","","77","","0.0","","21","","2","","","","100.51","","","","-27","","NA"
"-77.96","72.69","POND INLET CLIMATE","2403204","2018-01-23 15:00","2018","01","23","15:00","-25.2","","-28.1","","77","","0.0","","18","","3","","","","100.51","","","","-28","","NA"
"-77.96","72.69","POND INLET CLIMATE","2403204","2018-01-23 16:00","2018","01","23","16:00","-24.7","","-27.5","","77","","0.0","","18","","3","","","","100.54","","","","-28","","NA"
"-77.96","72.69","POND INLET CLIMATE","2403204","2018-01-23 17:00","2018","01","23","17:00","-24.9","","-27.7","","77","","0.0","","18","","3","","","","100.56","","","","-28","","NA"
"-77.96","72.69","POND INLET CLIMATE","2403204","2018-01-23 18:00","2018","01","23","18:00","-24.6","","-27.5","","77","","0.0","","18","","2","","","","100.57","","","","-27","","NA"
"-77.96","72.69","POND INLET CLIMATE","2403204","2018-01-23 19:00","2018","01","23","19:00","-24.8","","-27.7","","77","","0.0","","","","0","","","","100.58","","","","","","NA"
"-77.96","72.69","POND INLET CLIMATE","2403204","2018-01-23 20:00","2018","01","23","20:00","-25.0","","-27.9","","77","","0.0","","","","0","","","","100.59","","","","","","NA"
"-77.96","72.69","POND INLET CLIMATE","2403204","2018-01-23 21:00","2018","01","23","21:00","-25.2","","-28.2","","76","","0.0","","","","0","","","","100.61","","","","","","NA"
"-77.96","72.69","POND INLET CLIMATE","2403204","2018-01-23 22:00","2018","01","23","22:00","-25.1","","-28.0","","77","","0.0","","21","","2","","","","100.61","","","","-27","","NA"
"-77.96","72.69","POND INLET CLIMATE","2403204","2018-01-23 23:00","2018","01","23","23:00","-25.3","","-28.2","","76","","0.0","","19","","2","","","","100.62","","","","-27","","NA"
"-77.96","72.69","POND INLET CLIMATE","2403204","2018-01-24 00:00","2018","01","24","00:00","-25.7","","-28.7","","76","","0.0","","20","","2","","","","100.65","","","","-28","","NA"
"-77.96","72.69","POND INLET CLIMATE","2403204","2018-01-24 01:00","2018","01","24","01:00","-26.0","","-29.0","","76","","0.0","","20","","3","","","","100.69","","","","-29","","NA"
"-77.96","72.69","POND INLET CLIMATE","2403204","2018-01-24 02:00","2018","01","24","02:00","-27.2","","-30.3","","74","","0.0","","22","","3","","","","100.73","","","","-30","","NA"
"-77.96","72.69","POND INLET CLIMATE","2403204","2018-01-24 03:00","2018","01","24","03:00","-27.4","","-30.5","","75","","0.0","","20","","3","","","","100.77","","","","-31","","NA"
"-77.96","72.69","POND INLET CLIMATE","2403204","2018-01-24 04:00","2018","01","24","04:00","-27.6","","-30.8","","74","","0.0","","19","","3","","","","100.79","","","","-31","","NA"
"-77.96","72.69","POND INLET CLIMATE","2403204","2018-01-24 05:00","2018","01","24","05:00","-29.4","","-32.7","","72","","0.0","","21","","3","","","","100.82","","","","-33","","NA"
"-77.96","72.69","POND INLET CLIMATE","2403204","2018-01-24 06:00","2018","01","24","06:00","-30.0","","-33.5","","72","","0.0","","20","","4","","","","100.85","","","","-35","","NA"
"-77.96","72.69","POND INLET CLIMATE","2403204","2018-01-24 07:00","2018","01","24","07:00","-31.0","","-34.5","","71","","0.0","","19","","3","","","","100.86","","","","-34","","NA"
"-77.96","72.69","POND INLET CLIMATE","2403204","2018-01-24 08:00","2018","01","24","08:00","-31.0","","-34.5","","71","","0.0","","19","","3","","","","100.90","","","","-34","","NA"
"-77.96","72.69","POND INLET CLIMATE","2403204","2018-01-24 09:00","2018","01","24","09:00","-29.4","","-32.7","","73","","0.0","","19","","3","","","","100.93","","","","-33","","NA"
"-77.96","72.69","POND INLET CLIMATE","2403204","2018-01-24 10:00","2018","01","24","10:00","-28.5","","-31.8","","73","","0.0","","21","","3","","","","100.92","","","","-32","","NA"
"-77.96","72.69","POND INLET CLIMATE","2403204","2018-01-24 11:00","2018","01","24","11:00","-28.6","","-31.9","","73","","0.0","","21","","2","","","","100.94","","","","-31","","NA"
"-77.96","72.69","POND INLET CLIMATE","2403204","2018-01-24 12:00","2018","01","24","12:00","-28.8","","-32.1","","73","","0.0","","22","","2","","","","100.93","","","","-31","","NA"
"-77.96","72.69","POND INLET CLIMATE","2403204","2018-01-24 13:00","2018","01","24","13:00","-29.6","","-33.0","","72","","0.0","","21","","2","","","","100.95","","","","-32","","NA"
"-77.96","72.69","POND INLET CLIMATE","2403204","2018-01-24 14:00","2018","01","24","14:00","-29.8","","-33.2","","73","","0.0","","22","","2","","","","100.97","","","","-32","","NA"
"-77.96","72.69","POND INLET CLIMATE","2403204","2018-01-24 15:00","2018","01","24","15:00","-29.8","","-33.2","","72","","0.0","","20","","2","","","","100.99","","","","-32","","NA"
"-77.96","72.69","POND INLET CLIMATE","2403204","2018-01-24 16:00","2018","01","24","16:00","-29.7","","-33.2","","72","","0.0","","20","","2","","","","101.01","","","","-32","","NA"
"-77.96","72.69","POND INLET CLIMATE","2403204","2018-01-24 17:00","2018","01","24","17:00","-30.2","","-33.7","","71","","0.0","","21","","2","","","","101.01","","","","-32","","NA"
"-77.96","72.69","POND INLET CLIMATE","2403204","2018-01-24 18:00","2018","01","24","18:00","-31.7","","-35.4","","70","","0.0","","20","","1","","","","101.02","","","","-33","","NA"
"-77.96","72.69","POND INLET CLIMATE","2403204","2018-01-24 19:00","2018","01","24","19:00","-30.1","","-33.5","","72","","0.0","","19","","1","","","","101.01","","","","-31","","NA"
"-77.96","72.69","POND INLET CLIMATE","2403204","2018-01-24 20:00","2018","01","24","20:00","-29.4","","-32.8","","72","","0.0","","","","0","","","","101.00","","","","","","NA"
"-77.96","72.69","POND INLET CLIMATE","2403204","2018-01-24 21:00","2018","01","24","21:00","-29.7","","-33.1","","72","","0.0","","","","0","","","","100.96","","","","","","NA"
"-77.96","72.69","POND INLET CLIMATE","2403204","2018-01-24 22:00","2018","01","24","22:00","-29.4","","-32.8","","72","","0.0","","21","","2","","","","100.93","","","","-32","","NA"
"-77.96","72.69","POND INLET CLIMATE","2403204","2018-01-24 23:00","2018","01","24","23:00","-29.4","","-32.7","","72","","0.0","","21","","2","","","","100.92","","","","-32","","NA"
"-77.96","72.69","POND INLET CLIMATE","2403204","2018-01-25 00:00","2018","01","25","00:00","-29.3","","-32.7","","72","","0.0","","21","","2","","","","100.88","","","","-32","","NA"
"-77.96","72.69","POND INLET CLIMATE","2403204","2018-01-25 01:00","2018","01","25","01:00","-29.3","","-32.7","","72","","0.0","","22","","2","","","","100.87","","","","-32","","NA"
"-77.96","72.69","POND INLET CLIMATE","2403204","2018-01-25 02:00","2018","01","25","02:00","-29.3","","-32.7","","72","","0.0","","21","","2","","","","100.84","","","","-32","","NA"
"-77.96","72.69","POND INLET CLIMATE","2403204","2018-01-25 03:00","2018","01","25","03:00","-28.9","","-32.3","","73","","0.0","","21","","2","","","","100.81","","","","-31","","NA"
"-77.96","72.69","POND INLET CLIMATE","2403204","2018-01-25 04:00","2018","01","25","04:00","-29.0","","-32.3","","73","","0.0","","25","","1","","","","100.78","","","","-30","","NA"
"-77.96","72.69","POND INLET CLIMATE","2403204","2018-01-25 05:00","2018","01","25","05:00","-29.1","","-32.5","","73","","0.0","","25","","2","","","","100.76","","","","-31","","NA"
"-77.96","72.69","POND INLET CLIMATE","2403204","2018-01-25 06:00","2018","01","25","06:00","-29.2","","-32.6","","73","","0.0","","22","","2","","","","100.68","","","","-31","","NA"
"-77.96","72.69","POND INLET CLIMATE","2403204","2018-01-25 07:00","2018","01","25","07:00","-29.1","","-32.5","","73","","0.0","","22","","2","","","","100.61","","","","-31","","NA"
"-77.96","72.69","POND INLET CLIMATE","2403204","2018-01-25 08:00","2018","01","25","08:00","-29.2","","-32.5","","73","","0.0","","23","","2","","","","100.56","","","","-31","","NA"
"-77.96","72.69","POND INLET CLIMATE","2403204","2018-01-25 09:00","2018","01","25","09:00","-29.3","","-32.7","","72","","0.0","","24","","2","","","","100.52","","","","-32","","NA"
"-77.96","72.69","POND INLET CLIMATE","2403204","2018-01-25 10:00","2018","01","25","10:00","-29.4","","-32.8","","72","","0.0","","22","","3","","","","100.44","","","","-33","","NA"
"-77.96","72.69","POND INLET CLIMATE","2403204","2018-01-25 11:00","2018","01","25","11:00","-30.0","","-33.5","","72","","0.0","","22","","2","","","","100.39","","","","-32","","NA"
"-77.96","72.69","POND INLET CLIMATE","2403204","2018-01-25 12:00","2018","01","25","12:00","-30.3","","-33.8","","72","","0.0","","21","","3","","","","100.35","","","","-34","","NA"
"-77.96","72.69","POND INLET CLIMATE","2403204","2018-01-25 13:00","2018","01","25","13:00","-29.6","","-33.0","","72","","0.0","","21","","3","","","","100.30","","","","-33","","NA"
"-77.96","72.69","POND INLET CLIMATE","2403204","2018-01-25 14:00","2018","01","25","14:00","-29.9","","-33.4","","72","","0.0","","23","","2","","","","100.27","","","","-32","","NA"
"-77.96","72.69","POND INLET CLIMATE","2403204","2018-01-25 15:00","2018","01","25","15:00","-29.9","","-33.3","","72","","0.0","","24","","2","","","","100.24","","","","-32","","NA"
"-77.96","72.69","POND INLET CLIMATE","2403204","2018-01-25 16:00","2018","01","25","16:00","-30.2","","-33.7","","71","","0.0","","23","","2","","","","100.21","","","","-32","","NA"
"-77.96","72.69","POND INLET CLIMATE","2403204","2018-01-25 17:00","2018","01","25","17:00","-30.4","","-33.9","","71","","0.0","","21","","2","","","","100.19","","","","-33","","NA"
"-77.96","72.69","POND INLET CLIMATE","2403204","2018-01-25 18:00","2018","01","25","18:00","-30.9","","-34.5","","71","","0.0","","21","","1","","","","100.15","","","","-32","","NA"
"-77.96","72.69","POND INLET CLIMATE","2403204","2018-01-25 19:00","2018","01","25","19:00","-32.1","","-35.9","","69","","0.0","","23","","2","","","","100.10","","","","-34","","NA"
"-77.96","72.69","POND INLET CLIMATE","2403204","2018-01-25 20:00","2018","01","25","20:00","-34.0","","-37.7","","69","","0.0","","21","","2","","","","100.09","","","","-36","","NA"
"-77.96","72.69","POND INLET CLIMATE","2403204","2018-01-25 21:00","2018","01","25","21:00","-34.5","","-38.4","","67","","0.0","","19","","2","","","","100.09","","","","-37","","NA"
"-77.96","72.69","POND INLET CLIMATE","2403204","2018-01-25 22:00","2018","01","25","22:00","-34.9","","-38.9","","67","","0.0","","20","","2","","","","100.07","","","","-37","","NA"
"-77.96","72.69","POND INLET CLIMATE","2403204","2018-01-25 23:00","2018","01","25","23:00","-35.0","","-39.1","","66","","0.0","","18","","3","","","","100.04","","","","-39","","NA"
"-77.96","72.69","POND INLET CLIMATE","2403204","2018-01-26 00:00","2018","01","26","00:00","-35.5","","-39.7","","66","","0.0","","19","","2","","","","100.03","","","","-38","","NA"
"-77.96","72.69","POND INLET CLIMATE","2403204","2018-01-26 01:00","2018","01","26","01:00","-34.6","","-38.6","","67","","0.0","","20","","2","","","","100.01","","","","-37","","NA"
"-77.96","72.69","POND INLET CLIMATE","2403204","2018-01-26 02:00","2018","01","26","02:00","-35.1","","-39.0","","67","","0.0","","18","","3","","","","100.01","","","","-39","","NA"
"-77.96","72.69","POND INLET CLIMATE","2403204","2018-01-26 03:00","2018","01","26","03:00","-34.8","","-38.7","","68","","0.0","","18","","3","","","","100.04","","","","-39","","NA"
"-77.96","72.69","POND INLET CLIMATE","2403204","2018-01-26 04:00","2018","01","26","04:00","-35.4","","-39.4","","66","","0.0","","18","","3","","","","100.04","","","","-39","","NA"
"-77.96","72.69","POND INLET CLIMATE","2403204","2018-01-26 05:00","2018","01","26","05:00","-35.4","","-39.4","","67","","0.0","","17","","4","","","","100.04","","","","-40","","NA"
"-77.96","72.69","POND INLET CLIMATE","2403204","2018-01-26 06:00","2018","01","26","06:00","-34.5","","-38.5","","67","","0.0","","18","","3","","","","100.05","","","","-38","","NA"
"-77.96","72.69","POND INLET CLIMATE","2403204","2018-01-26 07:00","2018","01","26","07:00","-34.5","","-38.4","","68","","0.0","","21","","2","","","","100.02","","","","-37","","NA"
"-77.96","72.69","POND INLET CLIMATE","2403204","2018-01-26 08:00","2018","01","26","08:00","-32.0","","-35.7","","70","","0.0","","20","","3","","","","100.03","","","","-36","","NA"
"-77.96","72.69","POND INLET CLIMATE","2403204","2018-01-26 09:00","2018","01","26","09:00","-30.4","","-33.9","","71","","0.0","","19","","3","","","","100.05","","","","-34","","NA"
"-77.96","72.69","POND INLET CLIMATE","2403204","2018-01-26 10:00","2018","01","26","10:00","-30.0","","-33.5","","72","","0.0","","18","","3","","","","100.06","","","","-33","","NA"
"-77.96","72.69","POND INLET CLIMATE","2403204","2018-01-26 11:00","2018","01","26","11:00","-29.3","","-32.7","","72","","0.0","","19","","2","","","","100.05","","","","-32","","NA"
"-77.96","72.69","POND INLET CLIMATE","2403204","2018-01-26 12:00","2018","01","26","12:00","-29.6","","-33.1","","72","","0.0","","18","","3","","","","100.04","","","","-33","","NA"
"-77.96","72.69","POND INLET CLIMATE","2403204","2018-01-26 13:00","2018","01","26","13:00","-29.6","","-33.0","","72","","0.0","","19","","2","","","","100.04","","","","-32","","NA"
"-77.96","72.69","POND INLET CLIMATE","2403204","2018-01-26 14:00","2018","01","26","14:00","-29.3","","-32.8","","72","","0.0","","20","","3","","","","100.04","","","","-33","","NA"
"-77.96","72.69","POND INLET CLIMATE","2403204","2018-01-26 15:00","2018","01","26","15:00","-29.4","","-32.8","","72","","0.0","","20","","2","","","","100.06","","","","-32","","NA"
"-77.96","72.69","POND INLET CLIMATE","2403204","2018-01-26 16:00","2018","01","26","16:00","-29.2","","-32.6","","72","","0.0","","20","","2","","","","100.09","","","","-31","","NA"
"-77.96","72.69","POND INLET CLIMATE","2403204","2018-01-26 17:00","2018","01","26","17:00","-29.0","","-32.4","","72","","0.0","","18","","2","","","","100.09","","","","-31","","NA"
"-77.96","72.69","POND INLET CLIMATE","2403204","2018-01-26 18:00","2018","01","26","18:00","-29.5","","-32.9","","72","","0.0","","19","","3","","","","100.08","","","","-33","","NA"
"-77.96","72.69","POND INLET CLIMATE","2403204","2018-01-26 19:00","2018","01","26","19:00","-29.0","","-32.4","","73","","0.0","","20","","3","","","","100.07","","","","-32","","NA"
"-77.96","72.69","POND INLET CLIMATE","2403204","2018-01-26 20:00","2018","01","26","20:00","-30.8","","-34.5","","70","","0.0","","16","","2","","","","100.05","","","","-33","","NA"
"-77.96","72.69","POND INLET CLIMATE","2403204","2018-01-26 21:00","2018","01","26","21:00","-30.5","","-34.0","","71","","0.0","","0","","1","","","","100.04","","","","-32","","NA"
"-77.96","72.69","POND INLET CLIMATE","2403204","2018-01-26 22:00","2018","01","26","22:00","-31.9","","-35.6","","70","","0.0","","19","","2","","","","100.05","","","","-34","","NA"
"-77.96","72.69","POND INLET CLIMATE","2403204","2018-01-26 23:00","2018","01","26","23:00","-31.3","","-34.9","","70","","0.0","","18","","2","","","","100.06","","","","-34","","NA"
"-77.96","72.69","POND INLET CLIMATE","2403204","2018-01-27 00:00","2018","01","27","00:00","-30.7","","-34.3","","71","","0.0","","17","","2","","","","100.04","","","","-33","","NA"
"-77.96","72.69","POND INLET CLIMATE","2403204","2018-01-27 01:00","2018","01","27","01:00","-30.4","","-34.0","","71","","0.0","","18","","1","","","","100.01","","","","-32","","NA"
"-77.96","72.69","POND INLET CLIMATE","2403204","2018-01-27 02:00","2018","01","27","02:00","-31.6","","-35.3","","70","","0.0","","18","","2","","","","100.01","","","","-34","","NA"
"-77.96","72.69","POND INLET CLIMATE","2403204","2018-01-27 03:00","2018","01","27","03:00","-32.7","","-36.4","","69","","0.0","","16","","3","","","","100.00","","","","-36","","NA"
"-77.96","72.69","POND INLET CLIMATE","2403204","2018-01-27 04:00","2018","01","27","04:00","-32.6","","-36.3","","70","","0.0","","17","","3","","","","100.04","","","","-36","","NA"
"-77.96","72.69","POND INLET CLIMATE","2403204","2018-01-27 05:00","2018","01","27","05:00","-32.9","","-36.7","","69","","0.0","","17","","3","","","","100.03","","","","-37","","NA"
"-77.96","72.69","POND INLET CLIMATE","2403204","2018-01-27 06:00","2018","01","27","06:00","-31.9","","-35.4","","71","","0.0","","17","","3","","","","100.05","","","","-35","","NA"
"-77.96","72.69","POND INLET CLIMATE","2403204","2018-01-27 07:00","2018","01","27","07:00","-32.7","","-36.5","","69","","0.0","","17","","3","","","","100.06","","","","-36","","NA"
"-77.96","72.69","POND INLET CLIMATE","2403204","2018-01-27 08:00","2018","01","27","08:00","-33.1","","-37.0","","69","","0.0","","16","","4","","","","100.06","","","","-38","","NA"
"-77.96","72.69","POND INLET CLIMATE","2403204","2018-01-27 09:00","2018","01","27","09:00","-32.4","","-36.2","","69","","0.0","","16","","4","","","","100.06","","","","-37","","NA"
"-77.96","72.69","POND INLET CLIMATE","2403204","2018-01-27 10:00","2018","01","27","10:00","-32.7","","-36.4","","70","","0.0","","16","","4","","","","100.07","","","","-37","","NA"
"-77.96","72.69","POND INLET CLIMATE","2403204","2018-01-27 11:00","2018","01","27","11:00","-33.1","","-36.9","","69","","0.0","","17","","4","","","","100.07","","","","-38","","NA"
"-77.96","72.69","POND INLET CLIMATE","2403204","2018-01-27 12:00","2018","01","27","12:00","-33.3","","-37.1","","69","","0.0","","17","","5","","","","100.07","","","","-39","","NA"
"-77.96","72.69","POND INLET CLIMATE","2403204","2018-01-27 13:00","2018","01","27","13:00","-33.1","","-36.9","","69","","0.0","","16","","5","","","","100.07","","","","-39","","NA"
"-77.96","72.69","POND INLET CLIMATE","2403204","2018-01-27 14:00","2018","01","27","14:00","-33.0","","-36.8","","69","","0.0","","16","","4","","","","100.08","","","","-38","","NA"
"-77.96","72.69","POND INLET CLIMATE","2403204","2018-01-27 15:00","2018","01","27","15:00","-33.4","","-37.3","","68","","0.0","","16","","5","","","","100.10","","","","-39","","NA"
"-77.96","72.69","POND INLET CLIMATE","2403204","2018-01-27 16:00","2018","01","27","16:00","-33.8","","-37.7","","68","","0.0","","16","","4","","","","100.14","","","","-39","","NA"
"-77.96","72.69","POND INLET CLIMATE","2403204","2018-01-27 17:00","2018","01","27","17:00","-33.6","","-37.4","","68","","0.0","","16","","5","","","","100.15","","","","-40","","NA"
"-77.96","72.69","POND INLET CLIMATE","2403204","2018-01-27 18:00","2018","01","27","18:00","-32.9","","-36.7","","69","","0.0","","17","","4","","","","100.16","","","","-38","","NA"
"-77.96","72.69","POND INLET CLIMATE","2403204","2018-01-27 19:00","2018","01","27","19:00","-32.9","","-36.8","","68","","0.0","","17","","3","","","","100.16","","","","-37","","NA"
"-77.96","72.69","POND INLET CLIMATE","2403204","2018-01-27 20:00","2018","01","27","20:00","-34.0","","-37.9","","68","","0.0","","17","","4","","","","100.16","","","","-39","","NA"
"-77.96","72.69","POND INLET CLIMATE","2403204","2018-01-27 21:00","2018","01","27","21:00","-34.8","","-38.8","","67","","0.0","","17","","4","","","","100.16","","","","-40","","NA"
"-77.96","72.69","POND INLET CLIMATE","2403204","2018-01-27 22:00","2018","01","27","22:00","-34.7","","-38.7","","67","","0.0","","16","","5","","","","100.17","","","","-41","","NA"
"-77.96","72.69","POND INLET CLIMATE","2403204","2018-01-27 23:00","2018","01","27","23:00","-34.4","","-38.3","","68","","0.0","","17","","3","","","","100.16","","","","-38","","NA"
"-77.96","72.69","POND INLET CLIMATE","2403204","2018-01-28 00:00","2018","01","28","00:00","-34.3","","-38.2","","67","","0.0","","17","","3","","","","100.16","","","","-38","","NA"
"-77.96","72.69","POND INLET CLIMATE","2403204","2018-01-28 01:00","2018","01","28","01:00","-34.4","","-38.3","","68","","0.0","","18","","3","","","","100.14","","","","-38","","NA"
"-77.96","72.69","POND INLET CLIMATE","2403204","2018-01-28 02:00","2018","01","28","02:00","-32.5","","-36.1","","70","","0.0","","19","","2","","","","100.14","","","","-35","","NA"
"-77.96","72.69","POND INLET CLIMATE","2403204","2018-01-28 03:00","2018","01","28","03:00","-33.5","","-37.5","","67","","0.0","","18","","3","","","","100.15","","","","-37","","NA"
"-77.96","72.69","POND INLET CLIMATE","2403204","2018-01-28 04:00","2018","01","28","04:00","-32.6","","-36.4","","69","","0.0","","19","","3","","","","100.16","","","","-36","","NA"
"-77.96","72.69","POND INLET CLIMATE","2403204","2018-01-28 05:00","2018","01","28","05:00","-31.5","","-35.2","","70","","0.0","","19","","2","","","","100.19","","","","-34","","NA"
"-77.96","72.69","POND INLET CLIMATE","2403204","2018-01-28 06:00","2018","01","28","06:00","-33.0","","-36.8","","68","","0.0","","17","","3","","","","100.19","","","","-37","","NA"
"-77.96","72.69","POND INLET CLIMATE","2403204","2018-01-28 07:00","2018","01","28","07:00","-34.4","","-38.3","","67","","0.0","","17","","4","","","","100.20","","","","-39","","NA"
"-77.96","72.69","POND INLET CLIMATE","2403204","2018-01-28 08:00","2018","01","28","08:00","-33.5","","-37.4","","68","","0.0","","16","","5","","","","100.19","","","","-40","","NA"
"-77.96","72.69","POND INLET CLIMATE","2403204","2018-01-28 09:00","2018","01","28","09:00","-34.1","","-38.1","","67","","0.0","","16","","5","","","","100.22","","","","-40","","NA"
"-77.96","72.69","POND INLET CLIMATE","2403204","2018-01-28 10:00","2018","01","28","10:00","-35.6","","-39.8","","65","","0.0","","23","","2","","","","100.25","","","","-38","","NA"
"-77.96","72.69","POND INLET CLIMATE","2403204","2018-01-28 11:00","2018","01","28","11:00","-34.1","","-37.9","","69","","0.0","","17","","4","","","","100.24","","","","-39","","NA"
"-77.96","72.69","POND INLET CLIMATE","2403204","2018-01-28 12:00","2018","01","28","12:00","-32.2","","-35.9","","70","","0.0","","17","","4","","","","100.24","","","","-37","","NA"
"-77.96","72.69","POND INLET CLIMATE","2403204","2018-01-28 13:00","2018","01","28","13:00","-31.6","","-35.2","","70","","0.0","","18","","4","","","","100.25","","","","-36","","NA"
"-77.96","72.69","POND INLET CLIMATE","2403204","2018-01-28 14:00","2018","01","28","14:00","-32.5","","-36.4","","68","","0.0","","16","","4","","","","100.26","","","","-37","","NA"
"-77.96","72.69","POND INLET CLIMATE","2403204","2018-01-28 15:00","2018","01","28","15:00","-33.1","","-36.9","","69","","0.0","","17","","4","","","","100.28","","","","-38","","NA"
"-77.96","72.69","POND INLET CLIMATE","2403204","2018-01-28 16:00","2018","01","28","16:00","-32.9","","-36.7","","68","","0.0","","","","0","","","","100.31","","","","","","NA"
"-77.96","72.69","POND INLET CLIMATE","2403204","2018-01-28 17:00","2018","01","28","17:00","-33.4","","-37.3","","68","","0.0","","18","","2","","","","100.33","","","","-36","","NA"
"-77.96","72.69","POND INLET CLIMATE","2403204","2018-01-28 18:00","2018","01","28","18:00","-34.2","","-38.1","","68","","0.0","","16","","5","","","","100.36","","","","-40","","NA"
"-77.96","72.69","POND INLET CLIMATE","2403204","2018-01-28 19:00","2018","01","28","19:00","-34.5","","-38.4","","67","","0.0","","19","","3","","","","100.37","","","","-38","","NA"
"-77.96","72.69","POND INLET CLIMATE","2403204","2018-01-28 20:00","2018","01","28","20:00","-35.4","","-39.5","","66","","0.0","","16","","5","","","","100.39","","","","-42","","NA"
"-77.96","72.69","POND INLET CLIMATE","2403204","2018-01-28 21:00","2018","01","28","21:00","-30.5","","-34.1","","71","","0.0","","16","","5","","","","100.39","","","","-36","","NA"
"-77.96","72.69","POND INLET CLIMATE","2403204","2018-01-28 22:00","2018","01","28","22:00","-31.4","","-35.0","","71","","0.0","","","","0","","","","100.40","","","","","","NA"
"-77.96","72.69","POND INLET CLIMATE","2403204","2018-01-28 23:00","2018","01","28","23:00","-32.7","","-36.6","","68","","0.0","","18","","1","","","","100.40","","","","-34","","NA"
"-77.96","72.69","POND INLET CLIMATE","2403204","2018-01-29 00:00","2018","01","29","00:00","-32.0","","-35.7","","69","","0.0","","19","","2","","","","100.39","","","","-34","","NA"
"-77.96","72.69","POND INLET CLIMATE","2403204","2018-01-29 01:00","2018","01","29","01:00","-32.9","","-36.6","","69","","0.0","","17","","3","","","","100.38","","","","-37","","NA"
"-77.96","72.69","POND INLET CLIMATE","2403204","2018-01-29 02:00","2018","01","29","02:00","-33.9","","-37.9","","67","","0.0","","20","","1","","","","100.38","","","","-35","","NA"
"-77.96","72.69","POND INLET CLIMATE","2403204","2018-01-29 03:00","2018","01","29","03:00","-34.5","","-38.5","","67","","0.0","","20","","2","","","","100.38","","","","-37","","NA"
"-77.96","72.69","POND INLET CLIMATE","2403204","2018-01-29 04:00","2018","01","29","04:00","-33.8","","-37.8","","67","","0.0","","21","","3","","","","100.39","","","","-37","","NA"
"-77.96","72.69","POND INLET CLIMATE","2403204","2018-01-29 05:00","2018","01","29","05:00","-33.2","","-37.0","","69","","0.0","","18","","2","","","","100.42","","","","-36","","NA"
"-77.96","72.69","POND INLET CLIMATE","2403204","2018-01-29 06:00","2018","01","29","06:00","-32.0","","-35.5","","71","","0.0","","16","","2","","","","100.41","","","","-34","","NA"
"-77.96","72.69","POND INLET CLIMATE","2403204","2018-01-29 07:00","2018","01","29","07:00","-34.2","","-38.2","","67","","0.2","","0","","1","","","","100.42","","","","-35","","NA"
"-77.96","72.69","POND INLET CLIMATE","2403204","2018-01-29 08:00","2018","01","29","08:00","-35.0","","-39.1","","67","","0.0","","18","","3","","","","100.43","","","","-39","","NA"
"-77.96","72.69","POND INLET CLIMATE","2403204","2018-01-29 09:00","2018","01","29","09:00","-34.0","","-37.9","","68","","0.0","","17","","3","","","","100.44","","","","-38","","NA"
"-77.96","72.69","POND INLET CLIMATE","2403204","2018-01-29 10:00","2018","01","29","10:00","-33.3","","-37.1","","68","","0.0","","","","0","","","","100.43","","","","","","NA"
"-77.96","72.69","POND INLET CLIMATE","2403204","2018-01-29 11:00","2018","01","29","11:00","-33.9","","-37.9","","67","","0.0","","0","","1","","","","100.45","","","","-35","","NA"
"-77.96","72.69","POND INLET CLIMATE","2403204","2018-01-29 12:00","2018","01","29","12:00","-34.5","","-38.4","","68","","0.0","","18","","1","","","","100.41","","","","-36","","NA"
"-77.96","72.69","POND INLET CLIMATE","2403204","2018-01-29 13:00","2018","01","29","13:00","-34.6","","-38.5","","67","","0.0","","18","","3","","","","100.43","","","","-38","","NA"
"-77.96","72.69","POND INLET CLIMATE","2403204","2018-01-29 14:00","2018","01","29","14:00","-34.4","","-38.5","","67","","0.0","","","","0","","","","100.42","","","","","","NA"
"-77.96","72.69","POND INLET CLIMATE","2403204","2018-01-29 15:00","2018","01","29","15:00","-34.9","","-38.8","","67","","0.0","","","","0","","","","100.44","","","","","","NA"
"-77.96","72.69","POND INLET CLIMATE","2403204","2018-01-29 16:00","2018","01","29","16:00","-36.0","","-40.3","","65","","0.0","","18","","3","","","","100.48","","","","-40","","NA"
"-77.96","72.69","POND INLET CLIMATE","2403204","2018-01-29 17:00","2018","01","29","17:00","-36.7","","-40.9","","65","","0.0","","19","","4","","","","100.52","","","","-42","","NA"
"-77.96","72.69","POND INLET CLIMATE","2403204","2018-01-29 18:00","2018","01","29","18:00","-36.4","","-40.6","","65","","0.0","","18","","3","","","","100.55","","","","-40","","NA"
"-77.96","72.69","POND INLET CLIMATE","2403204","2018-01-29 19:00","2018","01","29","19:00","-35.9","","-40.0","","66","","0.0","","18","","3","","","","100.56","","","","-40","","NA"
"-77.96","72.69","POND INLET CLIMATE","2403204","2018-01-29 20:00","2018","01","29","20:00","-36.1","","-40.2","","66","","0.0","","19","","2","","","","100.54","","","","-39","","NA"
"-77.96","72.69","POND INLET CLIMATE","2403204","2018-01-29 21:00","2018","01","29","21:00","-36.0","","-40.1","","66","","0.0","","18","","2","","","","100.55","","","","-39","","NA"
"-77.96","72.69","POND INLET CLIMATE","2403204","2018-01-29 22:00","2018","01","29","22:00","-36.0","","-40.2","","65","","0.0","","","","0","","","","100.55","","","","","","NA"
"-77.96","72.69","POND INLET CLIMATE","2403204","2018-01-29 23:00","2018","01","29","23:00","-37.3","","-41.6","","64","","0.0","","","","0","","","","100.58","","","","","","NA"
"-77.96","72.69","POND INLET CLIMATE","2403204","2018-01-30 00:00","2018","01","30","00:00","-37.2","","-41.5","","64","","0.0","","19","","1","","","","100.56","","","","-39","","NA"
"-77.96","72.69","POND INLET CLIMATE","2403204","2018-01-30 01:00","2018","01","30","01:00","-36.4","","-40.6","","65","","0.0","","18","","3","","","","100.58","","","","-40","","NA"
"-77.96","72.69","POND INLET CLIMATE","2403204","2018-01-30 02:00","2018","01","30","02:00","-36.4","","-40.6","","65","","0.0","","18","","3","","","","100.61","","","","-40","","NA"
"-77.96","72.69","POND INLET CLIMATE","2403204","2018-01-30 03:00","2018","01","30","03:00","-37.8","","-42.3","","63","","0.0","","20","","3","","","","100.62","","","","-42","","NA"
"-77.96","72.69","POND INLET CLIMATE","2403204","2018-01-30 04:00","2018","01","30","04:00","-38.7","","-43.2","","63","","0.0","","19","","3","","","","100.66","","","","-43","","NA"
"-77.96","72.69","POND INLET CLIMATE","2403204","2018-01-30 05:00","2018","01","30","05:00","-38.3","","-42.7","","63","","0.0","","20","","4","","","","100.72","","","","-44","","NA"
"-77.96","72.69","POND INLET CLIMATE","2403204","2018-01-30 06:00","2018","01","30","06:00","-36.9","","-41.3","","64","","0.0","","20","","3","","","","100.77","","","","-41","","NA"
"-77.96","72.69","POND INLET CLIMATE","2403204","2018-01-30 07:00","2018","01","30","07:00","-37.8","","-42.2","","63","","0.0","","19","","2","","","","100.79","","","","-40","","NA"
"-77.96","72.69","POND INLET CLIMATE","2403204","2018-01-30 08:00","2018","01","30","08:00","-37.4","","-41.6","","65","","0.0","","18","","3","","","","100.82","","","","-41","","NA"
"-77.96","72.69","POND INLET CLIMATE","2403204","2018-01-30 09:00","2018","01","30","09:00","-37.7","","-42.3","","62","","0.0","","","","0","","","","100.84","","","","","","NA"
"-77.96","72.69","POND INLET CLIMATE","2403204","2018-01-30 10:00","2018","01","30","10:00","-36.9","","-41.0","","66","","0.0","","19","","2","","","","100.86","","","","-40","","NA"
"-77.96","72.69","POND INLET CLIMATE","2403204","2018-01-30 11:00","2018","01","30","11:00","-36.5","","-40.7","","65","","0.0","","","M","","M","","","100.91","","","","","","NA"
"-77.96","72.69","POND INLET CLIMATE","2403204","2018-01-30 12:00","2018","01","30","12:00","-37.5","","-42.0","","63","","0.0","","","M","","M","","","100.95","","","","","","NA"
"-77.96","72.69","POND INLET CLIMATE","2403204","2018-01-30 13:00","2018","01","30","13:00","-37.6","","-42.0","","64","","0.0","","","M","","M","","","100.98","","","","","","NA"
"-77.96","72.69","POND INLET CLIMATE","2403204","2018-01-30 14:00","2018","01","30","14:00","-37.5","","-41.8","","64","","0.0","","","M","","M","","","101.01","","","","","","NA"
"-77.96","72.69","POND INLET CLIMATE","2403204","2018-01-30 15:00","2018","01","30","15:00","-37.5","","-41.7","","65","","0.0","","","M","","M","","","101.08","","","","","","NA"
"-77.96","72.69","POND INLET CLIMATE","2403204","2018-01-30 16:00","2018","01","30","16:00","-37.9","","-42.3","","63","","0.0","","","M","","M","","","101.15","","","","","","NA"
"-77.96","72.69","POND INLET CLIMATE","2403204","2018-01-30 17:00","2018","01","30","17:00","-36.7","","-40.8","","66","","0.0","","","M","","M","","","101.22","","","","","","NA"
"-77.96","72.69","POND INLET CLIMATE","2403204","2018-01-30 18:00","2018","01","30","18:00","-37.9","","-42.3","","64","","0.0","","","M","","M","","","101.26","","","","","","NA"
"-77.96","72.69","POND INLET CLIMATE","2403204","2018-01-30 19:00","2018","01","30","19:00","-37.3","","-41.6","","64","","0.0","","","M","","M","","","101.28","","","","","","NA"
"-77.96","72.69","POND INLET CLIMATE","2403204","2018-01-30 20:00","2018","01","30","20:00","-36.2","","-40.3","","66","","0.0","","","M","","M","","","101.31","","","","","","NA"
"-77.96","72.69","POND INLET CLIMATE","2403204","2018-01-30 21:00","2018","01","30","21:00","-36.6","","-40.8","","65","","0.0","","","M","","M","","","101.34","","","","","","NA"
"-77.96","72.69","POND INLET CLIMATE","2403204","2018-01-30 22:00","2018","01","30","22:00","-36.4","","-40.5","","66","","0.0","","","M","","M","","","101.38","","","","","","NA"
"-77.96","72.69","POND INLET CLIMATE","2403204","2018-01-30 23:00","2018","01","30","23:00","-36.2","","-40.3","","66","","0.0","","","M","","M","","","101.42","","","","","","NA"
"-77.96","72.69","POND INLET CLIMATE","2403204","2018-01-31 00:00","2018","01","31","00:00","-35.5","","-39.6","","66","","0.0","","","M","","M","","","101.46","","","","","","NA"
"-77.96","72.69","POND INLET CLIMATE","2403204","2018-01-31 01:00","2018","01","31","01:00","-35.6","","-39.8","","66","","0.0","","","M","","M","","","101.51","","","","","","NA"
"-77.96","72.69","POND INLET CLIMATE","2403204","2018-01-31 02:00","2018","01","31","02:00","-35.7","","-39.9","","66","","0.0","","","M","","M","","","101.55","","","","","","NA"
"-77.96","72.69","POND INLET CLIMATE","2403204","2018-01-31 03:00","2018","01","31","03:00","-35.4","","-39.6","","66","","0.0","","","M","","M","","","101.60","","","","","","NA"
"-77.96","72.69","POND INLET CLIMATE","2403204","2018-01-31 04:00","2018","01","31","04:00","-35.9","","-40.1","","66","","0.0","","","M","","M","","","101.64","","","","","","NA"
"-77.96","72.69","POND INLET CLIMATE","2403204","2018-01-31 05:00","2018","01","31","05:00","-36.7","","-41.0","","64","","0.0","","","M","","M","","","101.71","","","","","","NA"
"-77.96","72.69","POND INLET CLIMATE","2403204","2018-01-31 06:00","2018","01","31","06:00","-36.0","","-40.2","","66","","0.0","","","M","","M","","","101.75","","","","","","NA"
"-77.96","72.69","POND INLET CLIMATE","2403204","2018-01-31 07:00","2018","01","31","07:00","-35.4","","-39.4","","67","","0.0","","","M","","M","","","101.77","","","","","","NA"
"-77.96","72.69","POND INLET CLIMATE","2403204","2018-01-31 08:00","2018","01","31","08:00","-35.5","","-39.6","","66","","0.0","","","M","","M","","","101.79","","","","","","NA"
"-77.96","72.69","POND INLET CLIMATE","2403204","2018-01-31 09:00","2018","01","31","09:00","-35.7","","-39.9","","65","","0.0","","","M","","M","","","101.81","","","","","","NA"
"-77.96","72.69","POND INLET CLIMATE","2403204","2018-01-31 10:00","2018","01","31","10:00","-35.0","","-39.1","","67","","0.0","","","M","","M","","","101.81","","","","","","NA"
"-77.96","72.69","POND INLET CLIMATE","2403204","2018-01-31 11:00","2018","01","31","11:00","-34.2","","-38.2","","67","","0.0","","","M","","M","","","101.85","","","","","","NA"
"-77.96","72.69","POND INLET CLIMATE","2403204","2018-01-31 12:00","2018","01","31","12:00","-35.0","","-39.1","","66","","0.0","","","M","","M","","","101.84","","","","","","NA"
"-77.96","72.69","POND INLET CLIMATE","2403204","2018-01-31 13:00","2018","01","31","13:00","-36.0","","-40.1","","66","","0.0","","","M","","M","","","101.84","","","","","","NA"
"-77.96","72.69","POND INLET CLIMATE","2403204","2018-01-31 14:00","2018","01","31","14:00","-35.9","","-40.0","","66","","0.0","","","M","","M","","","101.82","","","","","","NA"
"-77.96","72.69","POND INLET CLIMATE","2403204","2018-01-31 15:00","2018","01","31","15:00","-36.7","","-41.0","","64","","0.2","","","M","","M","","","101.82","","","","","","NA"
"-77.96","72.69","POND INLET CLIMATE","2403204","2018-01-31 16:00","2018","01","31","16:00","-37.3","","-41.6","","64","","0.0","","","M","","M","","","101.81","","","","","","NA"
"-77.96","72.69","POND INLET CLIMATE","2403204","2018-01-31 17:00","2018","01","31","17:00","-37.7","","-42.1","","63","","0.0","","","M","","M","","","101.80","","","","","","NA"
"-77.96","72.69","POND INLET CLIMATE","2403204","2018-01-31 18:00","2018","01","31","18:00","-38.6","","-43.0","","63","","0.0","","","M","","M","","","101.76","","","","","","NA"
"-77.96","72.69","POND INLET CLIMATE","2403204","2018-01-31 19:00","2018","01","31","19:00","-39.2","","-43.6","","63","","0.0","","","M","","M","","","101.71","","","","","","NA"
"-77.96","72.69","POND INLET CLIMATE","2403204","2018-01-31 20:00","2018","01","31","20:00","-38.8","","-43.2","","63","","0.0","","","M","","M","","","101.65","","","","","","NA"
"-77.96","72.69","POND INLET CLIMATE","2403204","2018-01-31 21:00","2018","01","31","21:00","-38.7","","-43.2","","63","","0.0","","","M","","M","","","101.57","","","","","","NA"
"-77.96","72.69","POND INLET CLIMATE","2403204","2018-01-31 22:00","2018","01","31","22:00","-39.2","","-43.9","","61","","0.0","","","M","","M","","","101.46","","","","","","NA"
"-77.96","72.69","POND INLET CLIMATE","2403204","2018-01-31 23:00","2018","01","31","23:00","-40.1","","-44.7","","62","","0.0","","","M","","M","","","101.38","","","","","","NA"
