-2.454704198112984059e+01,-2.455128462514213794e+01,-2.455582805133192537e+01,-2.456069926900358880e+01,-2.456592824775195893e+01,-2.457154834621794848e+01,-2.457759682881658136e+01,-2.458411549389853690e+01,-2.459115144396103148e+01,-2.459875803808071026e+01,-2.460699607962085267e+01,-2.461593530979717315e+01,-2.462565630182902865e+01,-2.463625288407343916e+01,-2.464783526816380999e+01,-2.466053412656854604e+01,-2.467450596383604022e+01,-2.468994027418462878e+01,-2.470706920291293684e+01,-2.472618077691651806e+01,-2.474763732019188467e+01,-2.477190156422587108e+01,-2.479957445646423508e+01,-2.483145124495786149e+01,-2.486860702040828031e+01,-2.491253147334989038e+01,-2.496534938887320720e+01,-2.503019807007119368e+01,-2.511190955910279143e+01,-2.521832956817717175e+01,-2.529052698316791847e+01,-2.532514935811063239e+01,-2.534790316276669486e+01,-2.536407756099979594e+01,-2.537622410984034715e+01,-2.538572415732594223e+01,-2.539339002484945240e+01,-2.539973014046491073e+01,-2.540507861354089059e+01,-2.540966377326313008e+01,-2.541364678006004496e+01,-2.541714452600662355e+01,-2.542024381103584219e+01,-2.542301044105956009e+01,-2.542549524907564162e+01,-2.542773818582178080e+01,-2.542977116191874387e+01,-2.543162006065204750e+01,-2.543330618667920362e+01,-2.543484732307043927e+01
-2.454500793152111981e+01,-2.454919899900421498e+01,-2.455369024759333030e+01,-2.455850882212760311e+01,-2.456368483625930565e+01,-2.456925179743778287e+01,-2.457524711854924959e+01,-2.458171273948299174e+01,-2.458869588905455927e+01,-2.459625002728614618e+01,-2.460443602094290938e+01,-2.461332362278124819e+01,-2.462299334913707227e+01,-2.463353888418703264e+01,-2.464507018687968198e+01,-2.465771754497987445e+01,-2.467163692060411861e+01,-2.468701708017205476e+01,-2.470408922682686637e+01,-2.472314020183010186e+01,-2.474453087336072699e+01,-2.476872222792198386e+01,-2.479631317861086615e+01,-2.482809669159862764e+01,-2.486514546171731155e+01,-2.490894700374809290e+01,-2.496162492904894492e+01,-2.502631818760919202e+01,-2.510786763698490631e+01,-2.521414594982485369e+01,-2.528855509211751240e+01,-2.532389290867705967e+01,-2.534703206155946376e+01,-2.536344292060774563e+01,-2.537574899351648838e+01,-2.538536471759559277e+01,-2.539311928719909162e+01,-2.539953041206913298e+01,-2.540493760857444272e+01,-2.540957249906520232e+01,-2.541359832305705524e+01,-2.541713332665982961e+01,-2.542026521848201526e+01,-2.542306043456685671e+01,-2.542557026236999818e+01,-2.542783499643142875e+01,-2.542988682222956243e+01,-2.543175185581703701e+01,-2.543345160963673734e+01,-2.543500406014304005e+01
-2.454295625350827947e+01,-2.454709424710225107e+01,-2.455153178020779592e+01,-2.455629614695914498e+01,-2.456141762179111154e+01,-2.456692988076470385e+01,-2.457287050813271634e+01,-2.457928161119763644e+01,-2.458621057367894025e+01,-2.459371098739011074e+01,-2.460184381494552142e+01,-2.461067885380325393e+01,-2.462029659615541988e+01,-2.463079061291993099e+01,-2.464227063779276605e+01,-2.465486659581508988e+01,-2.466873392091650530e+01,-2.468406065557411821e+01,-2.470107705112227592e+01,-2.472006873626725820e+01,-2.474139507448802533e+01,-2.476551523032128443e+01,-2.479302596897052524e+01,-2.482471781232340646e+01,-2.486166082928523124e+01,-2.490534003109590699e+01,-2.495787737964796094e+01,-2.502241276092887645e+01,-2.510379474463288929e+01,-2.520992117639213959e+01,-2.528653104334520307e+01,-2.532260604705955487e+01,-2.534614053939451139e+01,-2.536279357307159543e+01,-2.537526302442906001e+01,-2.538499735443802763e+01,-2.539284303621977656e+01,-2.539932725073472497e+01,-2.540479501304776377e+01,-2.540948128295474007e+01,-2.541355139951095765e+01,-2.541712497142092531e+01,-2.542029061907343035e+01,-2.542311540992375285e+01,-2.542565108742510560e+01,-2.542793829288042673e+01,-2.543000949158083657e+01,-2.543189103947352336e+01,-2.543360466599168390e+01,-2.543516855197676918e+01
-2.454088684501536122e+01,-2.454497018880378434e+01,-2.454935238140351927e+01,-2.455406088033386069e+01,-2.455912613819072376e+01,-2.456458202047880235e+01,-2.457046630716312308e+01,-2.457682130074152127e+01,-2.458369457080891962e+01,-2.459113987468143137e+01,-2.459921830659229514e+01,-2.460799974559010650e+01,-2.461756469651395562e+01,-2.462800665220460772e+01,-2.463943515285932051e+01,-2.465197978698018133e+01,-2.466579547843453568e+01,-2.468106955293113458e+01,-2.469803130283283821e+01,-2.471696511873339475e+01,-2.473822881042028499e+01,-2.476227964147817673e+01,-2.478971211122763307e+01,-2.482131412720066166e+01,-2.485815289020809615e+01,-2.490171056153861073e+01,-2.495410694896227355e+01,-2.501848211688432499e+01,-2.509969116366155717e+01,-2.520565517044757087e+01,-2.528445285138269583e+01,-2.532128754188590847e+01,-2.534522767641723462e+01,-2.536212879087128158e+01,-2.537476562806925884e+01,-2.538462163066480315e+01,-2.539256096358697690e+01,-2.539912047015195995e+01,-2.540465075529845151e+01,-2.540939015924127986e+01,-2.541350613952431203e+01,-2.541711967461075261e+01,-2.542032029865749365e+01,-2.542317571107271590e+01,-2.542573811253413751e+01,-2.542804849419440671e+01,-2.543013960665795281e+01,-2.543203805381349980e+01,-2.543376579251779290e+01,-2.543534122046036217e+01
-2.453879963635594308e+01,-2.454282667306354426e+01,-2.454715180919403750e+01,-2.455180267998830601e+01,-2.455680993417761115e+01,-2.456220764854892380e+01,-2.456803382459840890e+01,-2.457433098978723152e+01,-2.458114693308532139e+01,-2.458853561410081312e+01,-2.459655829806392191e+01,-2.460528498658964125e+01,-2.461479623843311515e+01,-2.462518550828418995e+01,-2.463656217944382476e+01,-2.464905553481373701e+01,-2.466282001075092722e+01,-2.467804222720613794e+01,-2.469495051335717406e+01,-2.471382799785699902e+01,-2.473503088793635385e+01,-2.475901446530384931e+01,-2.478637084080572706e+01,-2.481788512943410652e+01,-2.485462140880173720e+01,-2.489805862385396651e+01,-2.495031389248690346e+01,-2.501452664973141893e+01,-2.509555725281964911e+01,-2.520134791934697915e+01,-2.528231844493564395e+01,-2.531993609153991542e+01,-2.534429248926161904e+01,-2.536144779039467778e+01,-2.537425618260699878e+01,-2.538423707150430175e+01,-2.539227273362998361e+01,-2.539890986696788033e+01,-2.540450475660093232e+01,-2.540929916448444104e+01,-2.541346268380164375e+01,-2.541711766830478325e+01,-2.542035456661556836e+01,-2.542324170979141229e+01,-2.542583175661527761e+01,-2.542816605133863916e+01,-2.543027763602551161e+01,-2.543219337162685534e+01,-2.543393545427963076e+01,-2.543552251266164888e+01
-2.453669459451653978e+01,-2.454066358286647187e+01,-2.454492985189653709e+01,-2.454952122904831313e+01,-2.455446857768065172e+01,-2.455980620866721509e+01,-2.456557237233621294e+01,-2.457180985293560482e+01,-2.457856669497911994e+01,-2.458589710045542631e+01,-2.459386254888387668e+01,-2.460253320989916759e+01,-2.461198974238967452e+01,-2.462232560810325666e+01,-2.463365007548499008e+01,-2.464609215814711263e+01,-2.465980583253494629e+01,-2.467497702827784067e+01,-2.469183311062997888e+01,-2.471065592462951699e+01,-2.473180002649483100e+01,-2.475571863329165723e+01,-2.478300134005133870e+01,-2.481443028246708593e+01,-2.485106614603137132e+01,-2.489438427150147604e+01,-2.494649851769487725e+01,-2.501054682842360677e+01,-2.509139345707223256e+01,-2.519699948439350123e+01,-2.528012566453729448e+01,-2.531855031936130729e+01,-2.534333392551077679e+01,-2.536074972653471704e+01,-2.537373401408317619e+01,-2.538384316064559698e+01,-2.539197798036671827e+01,-2.539869521886922143e+01,-2.540435693028957331e+01,-2.540920833759432540e+01,-2.541342118461852451e+01,-2.541711920402557112e+01,-2.542039375810730562e+01,-2.542331380830206555e+01,-2.542593247199572204e+01,-2.542829144999432600e+01,-2.543042408273177557e+01,-2.543235749859663741e+01,-2.543411414651406943e+01,-2.543571290222670100e+01
-2.453457172782783857e+01,-2.453848084011561426e+01,-2.454268633314889314e+01,-2.454721624106376865e+01,-2.455210166075495692e+01,-2.455737716089044653e+01,-2.456308126940375303e+01,-2.456925706126611075e+01,-2.457595287551081853e+01,-2.458322320012291584e+01,-2.459112977644241127e+01,-2.459974299247796026e+01,-2.460914365893287226e+01,-2.461942529570205451e+01,-2.463069710451211947e+01,-2.464308787206415730e+01,-2.465675114823804392e+01,-2.467187219287533040e+01,-2.468867741064597965e+01,-2.470744734394659403e+01,-2.472853485027600939e+01,-2.475239099758096728e+01,-2.477960273285527393e+01,-2.481094901668010877e+01,-2.484748685874585661e+01,-2.489068758473689158e+01,-2.494266118917328257e+01,-2.500654320457362800e+01,-2.508720031761806979e+01,-2.519261001108601405e+01,-2.527787226054977765e+01,-2.531712876852824579e+01,-2.534235085762647088e+01,-2.536003368670991165e+01,-2.537319839105949271e+01,-2.538343933581841583e+01,-2.539167630417883359e+01,-2.539847628242304367e+01,-2.540420718075955975e+01,-2.540911771992442070e+01,-2.541338180688488890e+01,-2.541712455461248510e+01,-2.542043823655193080e+01,-2.542339244215180116e+01,-2.542604074747426779e+01,-2.542842521359576580e+01,-2.543057948713444105e+01,-2.543253097575900767e+01,-2.543430239660892767e+01,-2.543591289080381657e+01
-2.453243109104645114e+01,-2.453627841099697449e+01,-2.454042111746787214e+01,-2.454488746564252466e+01,-2.454970880514576237e+01,-2.455491998696129841e+01,-2.456055984684092053e+01,-2.456667178656995887e+01,-2.457330448161473058e+01,-2.458051275333341223e+01,-2.458835865700244128e+01,-2.459691285471828337e+01,-2.460625636671300498e+01,-2.461648282866064363e+01,-2.462770143054083150e+01,-2.464004078137140041e+01,-2.465365404435245011e+01,-2.466872583593050550e+01,-2.468548160829764271e+01,-2.470420058539972885e+01,-2.472523387945905071e+01,-2.474903032329565278e+01,-2.477617407864750021e+01,-2.480744072562345792e+01,-2.484388329867029199e+01,-2.488696867276458491e+01,-2.493880233411911718e+01,-2.500251642111262029e+01,-2.508297848291035947e+01,-2.518817974056246811e+01,-2.527555589162540173e+01,-2.531566989661461164e+01,-2.534134207629967150e+01,-2.535929868424664946e+01,-2.537264851866312654e+01,-2.538302498385273864e+01,-2.539136726808132849e+01,-2.539825279064210051e+01,-2.540405540232722004e+01,-2.540902735535244972e+01,-2.541334472931082189e+01,-2.541713401628724256e+01,-2.542048839637240576e+01,-2.542347808339322413e+01,-2.542615711169099413e+01,-2.542856790665269529e+01,-2.543074442996438123e+01,-2.543271438213482938e+01,-2.543450076617438427e+01,-2.543612300947657801e+01
-2.453027279086898815e+01,-2.453405631185371050e+01,-2.453813411639243469e+01,-2.454253469473998805e+01,-2.454728966856832528e+01,-2.455243419639012359e+01,-2.455800745336729207e+01,-2.456405320636394407e+01,-2.457062051225041088e+01,-2.457776457713172036e+01,-2.458554782728477051e+01,-2.459404126046324279e+01,-2.460332617079712136e+01,-2.461349637465077222e+01,-2.462466111288683379e+01,-2.463694887379703147e+01,-2.465051248122144756e+01,-2.466553594132808058e+01,-2.468224376749039806e+01,-2.470091385326850997e+01,-2.472189552067437646e+01,-2.474563528009089097e+01,-2.477271436569758833e+01,-2.480390476172030390e+01,-2.484025521110244128e+01,-2.488322767589083284e+01,-2.493492244818359183e+01,-2.499846722166923385e+01,-2.507872872074447201e+01,-2.518370902234764941e+01,-2.527317412376280714e+01,-2.531417206981794621e+01,-2.534030628317168876e+01,-2.535854365105669928e+01,-2.537208353195751087e+01,-2.538259943515526018e+01,-2.539105039353522031e+01,-2.539802445023819288e+01,-2.540390147792821907e+01,-2.540893729034349136e+01,-2.541331014568312696e+01,-2.541714791093510684e+01,-2.542054466603028118e+01,-2.542357124409693725e+01,-2.542628213683525829e+01,-2.542872013838375977e+01,-2.543091953564463381e+01,-2.543290833753814084e+01,-2.543470985319940425e+01,-2.543634382018535334e+01
-2.452965926873958580e+01,-2.453181461560162901e+01,-2.453582529525757039e+01,-2.454015776966407358e+01,-2.454484395177795264e+01,-2.454991933338579813e+01,-2.455542346193401571e+01,-2.456140050979606571e+01,-2.456789996337795756e+01,-2.457497746913754355e+01,-2.458269588674635031e+01,-2.459112661757551166e+01,-2.460035130136159864e+01,-2.461046400816694657e+01,-2.462157410094820165e+01,-2.463381001294699857e+01,-2.464732428440770917e+01,-2.466230035203949100e+01,-2.467896181050367233e+01,-2.469758521566669884e+01,-2.471851805657254886e+01,-2.474220443284112392e+01,-2.476922250364899725e+01,-2.480034043136911492e+01,-2.483660233324873801e+01,-2.487946476762868286e+01,-2.493102210164030907e+01,-2.499439646067893150e+01,-2.507445193146761042e+01,-2.517919832851404038e+01,-2.527072443011803315e+01,-2.531263355685946692e+01,-2.533924208287358937e+01,-2.535776742953783724e+01,-2.537150248856390178e+01,-2.538216195753362570e+01,-2.539072515574602917e+01,-2.539779093852144953e+01,-2.540374527762891788e+01,-2.540884757398740490e+01,-2.541327826626063668e+01,-2.541716658862287659e+01,-2.542060751138155794e+01,-2.542367248023088067e+01,-2.542641644272570645e+01,-2.542888256668876323e+01,-2.543110547588125669e+01,-2.543311350556467687e+01,-2.543493029428105956e+01,-2.543657591711005139e+01
-2.452941962867845405e+01,-2.453148025762187245e+01,-2.453374784730433689e+01,-2.453775658885804845e+01,-2.454237140651031268e+01,-2.454737498473235036e+01,-2.455280727727289758e+01,-2.455871290456734712e+01,-2.456514183392998874e+01,-2.457215021223927920e+01,-2.457980140068395869e+01,-2.458816727917975342e+01,-2.459732991286897175e+01,-2.460738370752385862e+01,-2.461843822902030610e+01,-2.463062193105838915e+01,-2.464408713563618747e+01,-2.465901675963517192e+01,-2.467563350657297505e+01,-2.469421259280108316e+01,-2.471509963445499736e+01,-2.473873623140346112e+01,-2.476569731521369278e+01,-2.479674698936830879e+01,-2.483292439212521074e+01,-2.487568015669076971e+01,-2.492710194583511552e+01,-2.499030511421552703e+01,-2.507014916235046798e+01,-2.517464826936011590e+01,-2.526820419175944110e+01,-2.531105252256446647e+01,-2.533814797433044319e+01,-2.535696876362110430e+01,-2.537090436045202679e+01,-2.538171174929236429e+01,-2.539039097838456271e+01,-2.539755189989852724e+01,-2.540358665692224349e+01,-2.540875825800077337e+01,-2.541324931929569786e+01,-2.541719043037550563e+01,-2.542067743938584812e+01,-2.542378239594349765e+01,-2.542656070129854839e+01,-2.542905590248872016e+01,-2.543130297354300495e+01,-2.543333059676076857e+01,-2.543516276690887068e+01,-2.543681992797890246e+01
-2.452915507880705093e+01,-2.453119900048305979e+01,-2.453345151513958200e+01,-2.453593502406420868e+01,-2.453987184437713509e+01,-2.454480078871705473e+01,-2.455015834456704127e+01,-2.455598962501041171e+01,-2.456234513293182431e+01,-2.456928158037784371e+01,-2.457686290431711384e+01,-2.458516154572292578e+01,-2.459426008385675999e+01,-2.460425335222650034e+01,-2.461525121122452830e+01,-2.462738222160468382e+01,-2.464079856334072360e+01,-2.465568269318135819e+01,-2.467225645967881675e+01,-2.469079374431109741e+01,-2.471163825391908730e+01,-2.473522899939549191e+01,-2.476213752695417014e+01,-2.479312363258115326e+01,-2.482922110193752019e+01,-2.487187408878845929e+01,-2.492316271985264819e+01,-2.498619429151210625e+01,-2.506582162313910800e+01,-2.517005961069865094e+01,-2.526561069958749073e+01,-2.530942702114015930e+01,-2.533702234127744291e+01,-2.535614628888390598e+01,-2.537028802481223622e+01,-2.538124793151822800e+01,-2.539004722766029332e+01,-2.539730694191718996e+01,-2.540342545477484748e+01,-2.540866939668011781e+01,-2.541322355268754762e+01,-2.541721985123354344e+01,-2.542075500220279594e+01,-2.542390164829079069e+01,-2.542671564154270669e+01,-2.542924091446401391e+01,-2.543151280684492477e+01,-2.543356037196867803e+01,-2.543540799177933565e+01,-2.543707651525783220e+01
-2.452886598419728870e+01,-2.453089033610898539e+01,-2.453312470505327880e+01,-2.453559203405790612e+01,-2.453831788275231673e+01,-2.454219644522473587e+01,-2.454747615938095251e+01,-2.455322994148211890e+01,-2.455950888794177089e+01,-2.456637034559989985e+01,-2.457387890802920438e+01,-2.458210766802193348e+01,-2.459113981749040789e+01,-2.460107072084101532e+01,-2.461201063665144062e+01,-2.462408833182513845e+01,-2.463745593285939961e+01,-2.465229550754198229e+01,-2.466882809554225631e+01,-2.468732625567100669e+01,-2.470813175348263613e+01,-2.473168092193570899e+01,-2.475854175908397181e+01,-2.478946949275568201e+01,-2.482549216084207089e+01,-2.486804684813488819e+01,-2.491920525730563796e+01,-2.498206524710493071e+01,-2.506147070277283717e+01,-2.516543329282770358e+01,-2.526294115767530712e+01,-2.530775498917930477e+01,-2.533586344193615858e+01,-2.535529852164529530e+01,-2.536965225391637802e+01,-2.538076953946632486e+01,-2.538969320567142063e+01,-2.539705563079888861e+01,-2.540326149138756051e+01,-2.540858104678939355e+01,-2.541320123577108703e+01,-2.541725530361261676e+01,-2.542084080171045812e+01,-2.542403095244876354e+01,-2.542688205492243014e+01,-2.542943843422141725e+01,-2.543173581384969495e+01,-2.543380364583922315e+01,-2.543566673510601817e+01,-2.543734637716222480e+01
-2.452855280547182915e+01,-2.453055462330227243e+01,-2.453276765033844953e+01,-2.453521537868956059e+01,-2.453792401097256715e+01,-2.454092278941508454e+01,-2.454476027900167878e+01,-2.455043317124708935e+01,-2.455663215500738872e+01,-2.456341528658736095e+01,-2.457084790397462015e+01,-2.457900385149742206e+01,-2.458796704306046621e+01,-2.459783348952069204e+01,-2.460871396484261098e+01,-2.462073755527145380e+01,-2.463405643634312270e+01,-2.464885237112558514e+01,-2.466534564784625871e+01,-2.468380752365589359e+01,-2.470457779617137106e+01,-2.472809003231034808e+01,-2.475490851422734551e+01,-2.478578362841458826e+01,-2.482173724697858930e+01,-2.486419875852434558e+01,-2.491523049311632576e+01,-2.497791939348914170e+01,-2.505709798720899073e+01,-2.516077045122474942e+01,-2.526019268832326503e+01,-2.530603423843112765e+01,-2.533466939780365479e+01,-2.535442384695898355e+01,-2.536899570387115332e+01,-2.538027551295421702e+01,-2.538932814295073115e+01,-2.539679748639562362e+01,-2.540309456562520296e+01,-2.540849326735948921e+01,-2.541318266124037706e+01,-2.541729728098421859e+01,-2.542093549448029322e+01,-2.542417108745432941e+01,-2.542706080132935753e+01,-2.542964936192104020e+01,-2.543197289729692656e+01,-2.543406129049494879e+01,-2.543593981087920497e+01,-2.543763024841697629e+01
-2.452821610820486953e+01,-2.453019232853998943e+01,-2.453238069278096489e+01,-2.453480524706572297e+01,-2.453749285021680038e+01,-2.454047351025632651e+01,-2.454378077328882668e+01,-2.454759869104960046e+01,-2.455371403035978162e+01,-2.456041519890058211e+01,-2.456776837429336879e+01,-2.457584826182674576e+01,-2.458473961863737500e+01,-2.459453923137195730e+01,-2.460535852176262850e+01,-2.461732702448996690e+01,-2.463059708246574431e+01,-2.464535025314122052e+01,-2.466180614372800051e+01,-2.468023474090017189e+01,-2.470097385408037738e+01,-2.472445419755469942e+01,-2.475123616509533520e+01,-2.478206501573465914e+01,-2.481795601365313431e+01,-2.486033018383148985e+01,-2.491123947011296380e+01,-2.497375831411638814e+01,-2.505270527823353888e+01,-2.515607243895633260e+01,-2.525736233915893081e+01,-2.530426244839754091e+01,-2.533343818151363891e+01,-2.535352050542090296e+01,-2.536831690216668278e+01,-2.537976468566826327e+01,-2.538895119012230595e+01,-2.539653197650202898e+01,-2.540292445206603489e+01,-2.540840611937098004e+01,-2.541316814720002881e+01,-2.541734632189221443e+01,-2.542103979724086926e+01,-2.542432290251705496e+01,-2.542725281560626982e+01,-2.542987467239273514e+01,-2.543222502976638566e+01,-2.543433423931763215e+01,-2.543622808301334715e+01,-2.543792890067055623e+01
-2.452785657286405652e+01,-2.452980403729666747e+01,-2.453196429533504030e+01,-2.453436194912642776e+01,-2.453702452445090643e+01,-2.453998281672439674e+01,-2.454327128667446445e+01,-2.454692852100454914e+01,-2.455099778096779772e+01,-2.455736890720833898e+01,-2.456463880121367538e+01,-2.457263903228925628e+01,-2.458145533513585335e+01,-2.459118541688086168e+01,-2.460194149644538086e+01,-2.461385370398722117e+01,-2.462707468605287531e+01,-2.464178591045754274e+01,-2.465820638862039971e+01,-2.467660487961415683e+01,-2.469731719195912945e+01,-2.472077110297258784e+01,-2.474752294106265893e+01,-2.477831253834689917e+01,-2.481414808354112722e+01,-2.485644152774008830e+01,-2.490723334520739840e+01,-2.496958377648899585e+01,-2.504829461305349980e+01,-2.515134085072616088e+01,-2.525444709265049070e+01,-2.530243715883129596e+01,-2.533216760373912635e+01,-2.535258657871397858e+01,-2.536761423392608350e+01,-2.537923577328795588e+01,-2.538856140858372612e+01,-2.539625851045035887e+01,-2.540275089761415117e+01,-2.540831966528226715e+01,-2.541315803932847217e+01,-2.541740301431193316e+01,-2.542115449285750373e+01,-2.542448732394208122e+01,-2.542745911468395903e+01,-2.543011542176982687e+01,-2.543249325917458847e+01,-2.543462349082117413e+01,-2.543653246730137596e+01,-2.543824314244358931e+01
-2.452747500527072333e+01,-2.452939046610424967e+01,-2.453151905578383563e+01,-2.453388593082569358e+01,-2.453651929155219591e+01,-2.453945074002002968e+01,-2.454271568499793332e+01,-2.454635380765877173e+01,-2.455040960893023438e+01,-2.455493307032387662e+01,-2.456145767936869007e+01,-2.456937427312438160e+01,-2.457811192208678719e+01,-2.458776941566290120e+01,-2.459845993853617330e+01,-2.461031438366127588e+01,-2.462348585778077492e+01,-2.463815587419711406e+01,-2.465454295056493095e+01,-2.467291467457424048e+01,-2.469360484992299121e+01,-2.471703823566936720e+01,-2.474376691367077541e+01,-2.477452497601010961e+01,-2.481031304177406938e+01,-2.485253323247297885e+01,-2.490321339484883012e+01,-2.496539774500775621e+01,-2.504386828435711010e+01,-2.514657754838782466e+01,-2.525144387843379690e+01,-2.530055576223401559e+01,-2.533085529912063549e+01,-2.535161997382317267e+01,-2.536688592677041854e+01,-2.537868736034086936e+01,-2.538815776013166214e+01,-2.539597643191466858e+01,-2.540257361761164034e+01,-2.540823396835419246e+01,-2.541315271312353019e+01,-2.541746800034587750e+01,-2.542128043684563821e+01,-2.542466536269903798e+01,-2.542768080536910347e+01,-2.543037275466317126e+01,-2.543277871459515538e+01,-2.543493011255439740e+01,-2.543685393306989440e+01,-2.543857381846040155e+01
-2.452707234754025123e+01,-2.452895247533392009e+01,-2.453104572140216177e+01,-2.453337779062581703e+01,-2.453597756147137332e+01,-2.453887745868827253e+01,-2.454211387059206828e+01,-2.454572762273081210e+01,-2.454976452660099895e+01,-2.455427603260096703e+01,-2.455932003209979086e+01,-2.456605208327826517e+01,-2.457470705546820966e+01,-2.458428849984791498e+01,-2.459491075699533624e+01,-2.460670567292174127e+01,-2.461982699413781361e+01,-2.463445643624361026e+01,-2.465081214417283206e+01,-2.466916060556746970e+01,-2.468983362546688198e+01,-2.471325286724536596e+01,-2.473996598114240797e+01,-2.477070099214621379e+01,-2.480645042777346987e+01,-2.484860577625175537e+01,-2.489918101936246586e+01,-2.496120239310759459e+01,-2.503942886038441529e+01,-2.514178468761613772e+01,-2.524834958887551295e+01,-2.529861549647524654e+01,-2.532949871122368535e+01,-2.535061840587164994e+01,-2.536613003423061130e+01,-2.537811788571634253e+01,-2.538773909546001661e+01,-2.539568501085354413e+01,-2.540239229138079224e+01,-2.540814909170704183e+01,-2.541315257618081347e+01,-2.541754198123029340e+01,-2.542141856441986292e+01,-2.542485812266133749e+01,-2.542791909281508822e+01,-2.543064791189224039e+01,-2.543308261238118817e+01,-2.543525524495657919e+01,-2.543719350439723925e+01,-2.543892180817178428e+01
-2.452664968944639767e+01,-2.452849108266682521e+01,-2.453054520462230315e+01,-2.453283829735204336e+01,-2.453539991614215410e+01,-2.453826332029047208e+01,-2.454146590626950442e+01,-2.454504969297853023e+01,-2.454906187512500892e+01,-2.455355547083898315e+01,-2.455859010499199613e+01,-2.456423299248669778e+01,-2.457123836801111594e+01,-2.458073984947040813e+01,-2.459129072028014207e+01,-2.460302399576806565e+01,-2.461609426788844601e+01,-2.463068363589607301e+01,-2.464701001448183604e+01,-2.466533887955718285e+01,-2.468600005505419404e+01,-2.470941203589608648e+01,-2.473611785207842217e+01,-2.476683912028006418e+01,-2.480255972570421719e+01,-2.484465966916782520e+01,-2.489513774567709348e+01,-2.495700011406076513e+01,-2.503497920436623758e+01,-2.513696474525421820e+01,-2.524516109829995969e+01,-2.529661343767707038e+01,-2.532809507655478498e+01,-2.534957937955579865e+01,-2.536534441766687920e+01,-2.537752562679435187e+01,-2.538730414148186298e+01,-2.539538343453097013e+01,-2.540220655712132825e+01,-2.540806509702654026e+01,-2.541315807042704478e+01,-2.541762572259696285e+01,-2.542156989805581091e+01,-2.542506680952383391e+01,-2.542817528969701613e+01,-2.543094223878005167e+01,-2.543340626255172054e+01,-2.543560010506107005e+01,-2.543755226071541742e+01,-2.543928802322542282e+01
-2.452620828013078125e+01,-2.452800747719795638e+01,-2.453001859968297893e+01,-2.453226840943783316e+01,-2.453478713123335453e+01,-2.453760886539243558e+01,-2.454077204106059185e+01,-2.454431991744310793e+01,-2.454830114602171065e+01,-2.455277041622707657e+01,-2.455778922198000203e+01,-2.456342680914307763e+01,-2.456976139718205587e+01,-2.457712056030385028e+01,-2.458759645838140884e+01,-2.459926558714929001e+01,-2.461228361933537556e+01,-2.462683324697118081e+01,-2.464313232104316498e+01,-2.466144541294777071e+01,-2.468210039568396041e+01,-2.470551252829993061e+01,-2.473222002862712188e+01,-2.476293774950786641e+01,-2.479864035344143147e+01,-2.484069544709563360e+01,-2.489108522781925714e+01,-2.495279352963476072e+01,-2.503052249245441985e+01,-2.513212054662051997e+01,-2.524187528628566923e+01,-2.529454649353048268e+01,-2.532664140769688643e+01,-2.534850016919576277e+01,-2.536452672670152708e+01,-2.537690868219276297e+01,-2.538685148746494846e+01,-2.539507079757574459e+01,-2.540201600608491006e+01,-2.540798204280963546e+01,-2.541316967418983452e+01,-2.541772005988975636e+01,-2.542173555550375497e+01,-2.542529274038007969e+01,-2.542845082609578000e+01,-2.543125719400453733e+01,-2.543375107538280133e+01,-2.543596598990534829e+01,-2.543793133656365768e+01,-2.543967340357507467e+01
-2.452574954005234886e+01,-2.452750303408943111e+01,-2.452946720021411409e+01,-2.453166929556730835e+01,-2.453414019982318450e+01,-2.453691485403864903e+01,-2.454003273900237758e+01,-2.454353839778349666e+01,-2.454748201201372027e+01,-2.455192005010191991e+01,-2.455691601992088380e+01,-2.456254138089856198e+01,-2.456887670392190870e+01,-2.457601321601376299e+01,-2.458405493606191072e+01,-2.459542649098936451e+01,-2.460839074873927501e+01,-2.462290076573534492e+01,-2.463917452268300323e+01,-2.465747581446951386e+01,-2.467813060701034189e+01,-2.470155086185567228e+01,-2.472826978958020661e+01,-2.475899510923413516e+01,-2.479469164998574371e+01,-2.483671366322612073e+01,-2.488702524440115837e+01,-2.494858549555525684e+01,-2.502606222897113497e+01,-2.512725529175911987e+01,-2.523848906537461900e+01,-2.529241139722571319e+01,-2.532513447566291021e+01,-2.534737779747135633e+01,-2.536367437823892246e+01,-2.537626495320981945e+01,-2.538637957003458823e+01,-2.539474609107747227e+01,-2.540182017595113706e+01,-2.540789998200791189e+01,-2.541318790392732652e+01,-2.541782590377004070e+01,-2.542191675813543483e+01,-2.542553735390021075e+01,-2.542874726007147501e+01,-2.543159435897980813e+01,-2.543411856811566807e+01,-2.543635427945928029e+01,-2.543833192019249978e+01,-2.544007891183474612e+01
-2.452527507304002796e+01,-2.452697932965476113e+01,-2.452889251767524215e+01,-2.453104235669038502e+01,-2.453346035805195413e+01,-2.453618229487364744e+01,-2.453924871126318408e+01,-2.454270547259384472e+01,-2.454660436236925847e+01,-2.455100373883471221e+01,-2.455596927798833207e+01,-2.456157485166134435e+01,-2.456790362309634546e+01,-2.457504949196330202e+01,-2.458311909136309481e+01,-2.459223463917764718e+01,-2.460441111032695005e+01,-2.461888140014252713e+01,-2.463513176351741052e+01,-2.465342536938818085e+01,-2.467408633481298708e+01,-2.469752326807329013e+01,-2.472426417407254462e+01,-2.475500925358049997e+01,-2.479071286132858276e+01,-2.483271487674520017e+01,-2.488295969215099745e+01,-2.494437910243480516e+01,-2.502160225743827837e+01,-2.512237257923242950e+01,-2.523499941341620101e+01,-2.529020470218255667e+01,-2.532357079160860991e+01,-2.534620901298575646e+01,-2.536278453424520407e+01,-2.537559212415000687e+01,-2.538588665719748150e+01,-2.539440819078079059e+01,-2.540161854333954139e+01,-2.540781895888261843e+01,-2.541321331535907291e+01,-2.541794424524875495e+01,-2.542211483942045191e+01,-2.542580222099080345e+01,-2.542906628887095977e+01,-2.543195544771446848e+01,-2.543451037165821660e+01,-2.543676643882109190e+01,-2.543875525062719234e+01,-2.544050552537472498e+01
-2.452478667827447723e+01,-2.452643815671416405e+01,-2.452829630052113785e+01,-2.453038924934313414e+01,-2.453274911277525305e+01,-2.453541247705251749e+01,-2.453842095189240524e+01,-2.454182175615762063e+01,-2.454566834337482106e+01,-2.455002107432115466e+01,-2.455494795619244996e+01,-2.456052548925980972e+01,-2.456683969597236228e+01,-2.457398745833132736e+01,-2.458207836211089514e+01,-2.459123734827402785e+01,-2.460160861478793848e+01,-2.461477006096485098e+01,-2.463099886096657087e+01,-2.464928902597806015e+01,-2.466996289690948174e+01,-2.469342567824246615e+01,-2.472019996686263354e+01,-2.475097804609470487e+01,-2.478670312487173533e+01,-2.482869963813163494e+01,-2.487889057432448681e+01,-2.494017767047837353e+01,-2.501714676539949522e+01,-2.511747642557588023e+01,-2.523140341056453551e+01,-2.528792277775063724e+01,-2.532194658808976584e+01,-2.534499026689239898e+01,-2.536185407860034502e+01,-2.537488764188669421e+01,-2.538537083169319075e+01,-2.539405584454046760e+01,-2.540141051541573347e+01,-2.540773900482896863e+01,-2.541324650362373561e+01,-2.541807616014457949e+01,-2.542233125320385057e+01,-2.542608905573013089e+01,-2.542940976066319436e+01,-2.543234231705992698e+01,-2.543492823710860762e+01,-2.543720401934983499e+01,-2.543920261268000615e+01,-2.544095422551366781e+01
-2.452428636198244760e+01,-2.452588154001053411e+01,-2.452768055391326030e+01,-2.452971191015113561e+01,-2.453200827119085403e+01,-2.453460700505039682e+01,-2.453755077748028413e+01,-2.454088818212557044e+01,-2.454467440463345085e+01,-2.454897192095241820e+01,-2.455385124066330249e+01,-2.455939172654429115e+01,-2.456568255581345284e+01,-2.457282394113813595e+01,-2.458092880546056591e+01,-2.459012521005720231e+01,-2.460055997992567001e+01,-2.461240417402665770e+01,-2.462677029671752749e+01,-2.464506138549487346e+01,-2.466575527298155635e+01,-2.468925371292388249e+01,-2.471607368657005566e+01,-2.474689914569407989e+01,-2.478266145265538611e+01,-2.482466847050422132e+01,-2.487481998259179861e+01,-2.493598473585786479e+01,-2.501270028050593197e+01,-2.511257127794408106e+01,-2.522769828063477604e+01,-2.528556180600011416e+01,-2.532025780008837401e+01,-2.534371768893911536e+01,-2.536087959352989074e+01,-2.537414869525552774e+01,-2.538482997420957687e+01,-2.539368765935890693e+01,-2.540119542059631286e+01,-2.540766013285437452e+01,-2.541328810192595355e+01,-2.541822281226665936e+01,-2.542256758127467364e+01,-2.542639972624484557e+01,-2.542977968662525967e+01,-2.543275697721661643e+01,-2.543537404186961126e+01,-2.543766865829528001e+01,-2.543967532924278885e+01,-2.544142598297291258e+01
-2.452377634857806754e+01,-2.452531175141680109e+01,-2.452704755972823492e+01,-2.452901258132207829e+01,-2.453123997234587250e+01,-2.453376783642992365e+01,-2.453663987099213983e+01,-2.453990605263038560e+01,-2.454362335196739764e+01,-2.454785647009000371e+01,-2.455267859689476495e+01,-2.455817221033801090e+01,-2.456442996972822002e+01,-2.457155581102286135e+01,-2.457966643259279138e+01,-2.458889347108886980e+01,-2.459938681613217071e+01,-2.461131971490043568e+01,-2.462489660789172419e+01,-2.464073669726261073e+01,-2.466145810027885332e+01,-2.468500267736114395e+01,-2.471188157877348601e+01,-2.474276999518783882e+01,-2.477858671386151102e+01,-2.482062184641518243e+01,-2.487075007071083732e+01,-2.493180402615275781e+01,-2.500826765469512125e+01,-2.510766201676999287e+01,-2.522388143606819000e+01,-2.528311777962297313e+01,-2.531850004605602678e+01,-2.534238706342772929e+01,-2.535985733639162376e+01,-2.537337219521849363e+01,-2.538426174733834273e+01,-2.539330208856900128e+01,-2.540097249843776339e+01,-2.540758233030189572e+01,-2.541333877790602713e+01,-2.541838545443275876e+01,-2.542282553945058865e+01,-2.542673626500931761e+01,-2.543017825310210611e+01,-2.543320160230915050e+01,-2.543584979504378296e+01,-2.543816207634234416e+01,-2.544017474997685113e+01,-2.544192173851006800e+01
-2.452325909093058698e+01,-2.452473132459614291e+01,-2.452639989653233599e+01,-2.452829383684337117e+01,-2.453044672034052809e+01,-2.453289732254987499e+01,-2.453569032999930144e+01,-2.453887709336311218e+01,-2.454251640778975840e+01,-2.454667530323514768e+01,-2.455142983238614818e+01,-2.455686585977746361e+01,-2.456307988913624740e+01,-2.457018002327795259e+01,-2.457828723753966571e+01,-2.458753726770039805e+01,-2.459808357054713213e+01,-2.461010201965055444e+01,-2.462379827868250715e+01,-2.463941921613460906e+01,-2.465727042481665165e+01,-2.468066756563027653e+01,-2.470761961656532080e+01,-2.473858781426611486e+01,-2.477447761735273701e+01,-2.481656015947079652e+01,-2.486668301797237746e+01,-2.492763942167443147e+01,-2.500385403254619732e+01,-2.510275394443102925e+01,-2.521995052512223268e+01,-2.528058650079184133e+01,-2.531666860921305329e+01,-2.534099380575712246e+01,-2.535878321795456714e+01,-2.537255475723117470e+01,-2.538366358164344305e+01,-2.539289742008959294e+01,-2.540074088892976079e+01,-2.540750554929219973e+01,-2.541339922664709761e+01,-2.541856542602080538e+01,-2.542310698102119915e+01,-2.542710087778280581e+01,-2.543060783342591336e+01,-2.543367854076945633e+01,-2.543635764169895808e+01,-2.543868607229048351e+01,-2.544070223522475516e+01,-2.544244237731473390e+01
-2.452273727937784997e+01,-2.452414306869740557e+01,-2.452574045909316780e+01,-2.452755860898753326e+01,-2.452963141892568544e+01,-2.453199825208979235e+01,-2.453470471945465192e+01,-2.453780351512572722e+01,-2.454135527989043197e+01,-2.454542946527381631e+01,-2.455010517041425899e+01,-2.455547193594651390e+01,-2.456163051068244130e+01,-2.456869366664425058e+01,-2.457678723272927712e+01,-2.458605165007364945e+01,-2.459664452287394454e+01,-2.460874484963378706e+01,-2.462255989095258357e+01,-2.463833601991963107e+01,-2.465637554044897684e+01,-2.467706260110227845e+01,-2.470328351205762729e+01,-2.473434959955502066e+01,-2.477033269540223515e+01,-2.481248369016938682e+01,-2.486262098003171772e+01,-2.492349489882322189e+01,-2.499946479904760466e+01,-2.509785275498260759e+01,-2.521590347905872065e+01,-2.527796358054651904e+01,-2.531475841927068160e+01,-2.533953294040638937e+01,-2.535765278379436793e+01,-2.537169268794208676e+01,-2.538303266593525720e+01,-2.539247176722134114e+01,-2.540049962163207198e+01,-2.540742969421249597e+01,-2.541347015879194871e+01,-2.541876414516229588e+01,-2.542341389583641131e+01,-2.542749595001343721e+01,-2.543107099878969990e+01,-2.543419032517761380e+01,-2.543689986546164050e+01,-2.543924251381747581e+01,-2.544125913356214497e+01,-2.544298869529744067e+01
-2.452221384903988266e+01,-2.452355008057911689e+01,-2.452507247688445347e+01,-2.452681021458872124e+01,-2.452879740703703249e+01,-2.453107389711341924e+01,-2.453368612904140988e+01,-2.453668808232657028e+01,-2.454014223964843211e+01,-2.454412054938998367e+01,-2.454870533702812097e+01,-2.455399012517572999e+01,-2.456008034992223088e+01,-2.456709402280180043e+01,-2.457516249259404617e+01,-2.458443161217722306e+01,-2.459506380761596134e+01,-2.460724177197040063e+01,-2.462117477187460324e+01,-2.463710890973932166e+01,-2.465534325454152054e+01,-2.467625478941805284e+01,-2.470033708663066108e+01,-2.473005213525628321e+01,-2.476615029029339610e+01,-2.480839256539051618e+01,-2.485856602432263429e+01,-2.491937445086572467e+01,-2.499510550108013973e+01,-2.509296447901821381e+01,-2.521173855603294101e+01,-2.527524443786498765e+01,-2.531276403456662294e+01,-2.533799908140816726e+01,-2.535646120107479007e+01,-2.537078197933074364e+01,-2.538236594487790043e+01,-2.539202306424401101e+01,-2.540024760543725080e+01,-2.540735460540755852e+01,-2.541355228163332569e+01,-2.541898309284719559e+01,-2.542374840252047363e+01,-2.542792404897736347e+01,-2.543157052730433776e+01,-2.543473968110194861e+01,-2.543747888872210794e+01,-2.543983332289205279e+01,-2.544184675083375069e+01,-2.544356135478584591e+01
-2.452169198491925783e+01,-2.452295575495755031e+01,-2.452439953090696889e+01,-2.452605238038515623e+01,-2.452794849461086812e+01,-2.453012806118700695e+01,-2.453263823494253515e+01,-2.453553418878143333e+01,-2.453888021071627179e+01,-2.454275079546501814e+01,-2.454723166379335098e+01,-2.455242063898072402e+01,-2.455842833075916332e+01,-2.456537863905883157e+01,-2.457340920694407416e+01,-2.458267212850540417e+01,-2.459333544206860012e+01,-2.460558618983018420e+01,-2.461963609015140975e+01,-2.463573118319258271e+01,-2.465416729751391145e+01,-2.467531409829280520e+01,-2.469965227002753849e+01,-2.472783188951460076e+01,-2.476192854614672356e+01,-2.480428671106005112e+01,-2.485452004678205284e+01,-2.491528198066650290e+01,-2.499078173592722152e+01,-2.508809539671953814e+01,-2.520745437710473524e+01,-2.527242429699071025e+01,-2.531067962425956708e+01,-2.533638641653335100e+01,-2.535520325383879481e+01,-2.536981831475935678e+01,-2.538166012853240261e+01,-2.539154907022635399e+01,-2.539998362027057865e+01,-2.540728003803457824e+01,-2.541364627021686573e+01,-2.541922378502101765e+01,-2.542411273011839157e+01,-2.542838791909760943e+01,-2.543210940999382785e+01,-2.543532953434877797e+01,-2.543809726950022920e+01,-2.544046045384278898e+01,-2.544246630769328377e+01,-2.544416082629318154e+01
-2.452117512420788259e+01,-2.452236379177028525e+01,-2.452372556799935666e+01,-2.452528926652220420e+01,-2.452708899777955054e+01,-2.452916512879190947e+01,-2.453156536561252210e+01,-2.453434594099434207e+01,-2.453757286919710623e+01,-2.454132320400429990e+01,-2.454568620933145340e+01,-2.455076433438955874e+01,-2.455667389450841043e+01,-2.456354541753301035e+01,-2.457152374630882363e+01,-2.458076819873905805e+01,-2.459145336075146915e+01,-2.460377138155806875e+01,-2.461793691417557639e+01,-2.463419611067487480e+01,-2.465284146342265359e+01,-2.467423505001741191e+01,-2.469884434961260311e+01,-2.472729803851869690e+01,-2.476047557640140440e+01,-2.480016579767227114e+01,-2.485048466610418316e+01,-2.491122115896905953e+01,-2.498649899912453876e+01,-2.508325191130010978e+01,-2.520304994838371826e+01,-2.526949818080533561e+01,-2.530849894962227253e+01,-2.533468869651045097e+01,-2.535387335105627926e+01,-2.536879709332181676e+01,-2.538091172052506650e+01,-2.539104738610398471e+01,-2.539970631283755509e+01,-2.540720563484953232e+01,-2.541375272439765354e+01,-2.541948772708184023e+01,-2.542450918376722413e+01,-2.542889046666446617e+01,-2.543269085194685530e+01,-2.543596301587856345e+01,-2.543875769369406115e+01,-2.544112586126046338e+01,-2.544311888146080491e+01,-2.544478731184726783e+01
-2.452066695515609140e+01,-2.452177819994002661e+01,-2.452305491164866780e+01,-2.452452548707879743e+01,-2.452622377224028938e+01,-2.452819011490892009e+01,-2.453047257075619569e+01,-2.453312824878084797e+01,-2.453622475620803201e+01,-2.453984166782269227e+01,-2.454407190330202582e+01,-2.454902285940793050e+01,-2.455481713367540308e+01,-2.456159272524133996e+01,-2.456950274217776098e+01,-2.457871490168782813e+01,-2.458941145694797470e+01,-2.460179055014386762e+01,-2.461607028887011950e+01,-2.463249705061710770e+01,-2.465135976186441269e+01,-2.467301247954269883e+01,-2.469790901122010496e+01,-2.472665630000371451e+01,-2.476009925412601831e+01,-2.479946163380579804e+01,-2.484659275943132428e+01,-2.490719524080976655e+01,-2.498226248302135133e+01,-2.507844037452555952e+01,-2.519852466199247942e+01,-2.526646089706506615e+01,-2.530621534248079030e+01,-2.533289923056282689e+01,-2.535246555316073369e+01,-2.536771348153705219e+01,-2.538011707445624410e+01,-2.539051549239283645e+01,-2.539941419970716296e+01,-2.540713089154692028e+01,-2.541387210637477878e+01,-2.541977634285439436e+01,-2.542494008646869474e+01,-2.542943472833020380e+01,-2.543331826605358970e+01,-2.543664346346489680e+01,-2.543946296096085646e+01,-2.544183145363739129e+01,-2.544380532631490155e+01,-2.544544064373408432e+01
-2.452017141180644089e+01,-2.452120329662060172e+01,-2.452239226813918549e+01,-2.452376612621905849e+01,-2.452535824322728431e+01,-2.452720871318880214e+01,-2.452936569219718521e+01,-2.453188692261055692e+01,-2.453484140343146080e+01,-2.453831112382379587e+01,-2.454239271714860138e+01,-2.454719882964680622e+01,-2.455285895720674105e+01,-2.455951953112694142e+01,-2.456734318614680035e+01,-2.457650746022783395e+01,-2.458720363196960079e+01,-2.459963688476261368e+01,-2.461402933607437404e+01,-2.463062760298219445e+01,-2.464971662079052450e+01,-2.467164176611620618e+01,-2.469684251448812518e+01,-2.472590361997719199e+01,-2.475963536665173237e+01,-2.479920545742870885e+01,-2.484636796557957794e+01,-2.490388591755395709e+01,-2.497807681663398682e+01,-2.507366685611945556e+01,-2.519387826771366434e+01,-2.526330701324474504e+01,-2.530382167729808884e+01,-2.533101088925704403e+01,-2.535097362479285366e+01,-2.536656250516010758e+01,-2.537927249222598647e+01,-2.538995081808507592e+01,-2.539910568271236713e+01,-2.540705511327221089e+01,-2.541400465148652543e+01,-2.542009086692357656e+01,-2.542540768532901652e+01,-2.543002381489909425e+01,-2.543399525555319229e+01,-2.543737441896516316e+01,-2.544021596176287403e+01,-2.544257902663219895e+01,-2.544452616311535209e+01,-2.544612015024253893e+01
-2.451969266385740198e+01,-2.452064370091688872e+01,-2.452174272670697519e+01,-2.452301674828807521e+01,-2.452449843009247488e+01,-2.452622734054498466e+01,-2.452825143461490498e+01,-2.453062877631846206e+01,-2.453342947170757427e+01,-2.453673772713133516e+01,-2.454065386662632520e+01,-2.454529604374626572e+01,-2.455080129626628249e+01,-2.455732557839860775e+01,-2.456504255360704647e+01,-2.457414131949975200e+01,-2.458482385267090109e+01,-2.459730363640815654e+01,-2.461180738490784492e+01,-2.462858181270162206e+01,-2.464790715562234880e+01,-2.467011913841938053e+01,-2.469564199250698877e+01,-2.472503768602879859e+01,-2.475908177837219881e+01,-2.479888652038746599e+01,-2.484611259301720310e+01,-2.490335658673106067e+01,-2.497491157406986773e+01,-2.506893685006398442e+01,-2.518911080767883703e+01,-2.526003081481812984e+01,-2.530131033108200711e+01,-2.532901611496794558e+01,-2.534939112419383989e+01,-2.536533919913135549e+01,-2.537837438351918706e+01,-2.538935085551304383e+01,-2.539877908399256512e+01,-2.540697736124445072e+01,-2.541415024309101156e+01,-2.542043218494462664e+01,-2.542591400513303412e+01,-2.543066081742151496e+01,-2.543472557970135028e+01,-2.543815961983181495e+01,-2.544101964196329035e+01,-2.544337016655625305e+01,-2.544528142596250930e+01,-2.544682447688719407e+01
-2.451923510090983171e+01,-2.452010432100350101e+01,-2.452111175221201833e+01,-2.452228339988038641e+01,-2.452365096302486691e+01,-2.452525317530361093e+01,-2.452713743320523676e+01,-2.452936173278319743e+01,-2.453199690178507808e+01,-2.453512904942319395e+01,-2.453886205174844193e+01,-2.454331974721016607e+01,-2.454864736275097670e+01,-2.455501160401529859e+01,-2.456259896012697652e+01,-2.457161224151778356e+01,-2.458226621760376318e+01,-2.459478421008037330e+01,-2.460939814088184008e+01,-2.462635443897032061e+01,-2.464592752499855166e+01,-2.466844207373141273e+01,-2.469430583858670047e+01,-2.472405724881018685e+01,-2.475843704505493648e+01,-2.479850274486966200e+01,-2.484582359893391867e+01,-2.490283447824236518e+01,-2.497352385543313957e+01,-2.506488607666631907e+01,-2.518422250967711307e+01,-2.525662624165666159e+01,-2.529867312196286022e+01,-2.532690693900627465e+01,-2.534771154359085088e+01,-2.536403884115486562e+01,-2.537741951319675593e+01,-2.538871334136089075e+01,-2.539843271107824307e+01,-2.540689638936898831e+01,-2.541430824053879789e+01,-2.542080060110929907e+01,-2.542646062395503037e+01,-2.543134865525365740e+01,-2.543551309365550850e+01,-2.543900298320996356e+01,-2.544187694941386368e+01,-2.544420610911841152e+01,-2.544607044606616597e+01,-2.544755134743124003e+01
-2.451880331037252603e+01,-2.451959033353997697e+01,-2.452050516871899077e+01,-2.452157260163509989e+01,-2.452282308893173024e+01,-2.452429418522788751e+01,-2.452603231414522611e+01,-2.452809492869940300e+01,-2.453055307484671133e+01,-2.453349430234096928e+01,-2.453702574012199378e+01,-2.454127695660574204e+01,-2.454640197709955629e+01,-2.455257962229470792e+01,-2.456001136263891738e+01,-2.456891642081030724e+01,-2.457952503201259731e+01,-2.459207227669456231e+01,-2.460679590614639523e+01,-2.462394131255019047e+01,-2.464377540019946977e+01,-2.466660981674403885e+01,-2.469283420020381570e+01,-2.472296252612631662e+01,-2.475770068287983605e+01,-2.479805238368350118e+01,-2.484549764694748220e+01,-2.490231436600960890e+01,-2.497219819714555555e+01,-2.506155492572763421e+01,-2.517921364303611753e+01,-2.525308679917315757e+01,-2.529590121270657477e+01,-2.532467500246707104e+01,-2.534592852084529468e+01,-2.536265730520117856e+01,-2.537640537321638234e+01,-2.538803653036434937e+01,-2.539806496611302933e+01,-2.540681057276660582e+01,-2.541447724842314670e+01,-2.542119550559574037e+01,-2.542704833342360615e+01,-2.543208983341073548e+01,-2.543636164797917232e+01,-2.543990858061394889e+01,-2.544279075348202568e+01,-2.544508752875533020e+01,-2.544689154322732350e+01,-2.544829724379215108e+01
-2.451840204837220938e+01,-2.451910715430821242e+01,-2.451992913231720195e+01,-2.452089132728523069e+01,-2.452202266300507105e+01,-2.452335914082531332e+01,-2.452494574230318136e+01,-2.452683881258325371e+01,-2.452910897813179858e+01,-2.453184458493923614e+01,-2.453515549931001871e+01,-2.453917685863575926e+01,-2.454407198783827582e+01,-2.455003329735619388e+01,-2.455727982389308295e+01,-2.456605062821642349e+01,-2.457659489164356614e+01,-2.458916190910845856e+01,-2.460399586906912361e+01,-2.462133981262460480e+01,-2.464145058445725667e+01,-2.466462404946260278e+01,-2.469122960215040408e+01,-2.472175570283155821e+01,-2.475687349713466645e+01,-2.479753415797122074e+01,-2.484513106503505853e+01,-2.490179009217201767e+01,-2.497092533483063903e+01,-2.505838540064529241e+01,-2.517408435860372862e+01,-2.524940544760187677e+01,-2.529298495951940495e+01,-2.532231157516992681e+01,-2.534403615232461249e+01,-2.536119158715524335e+01,-2.537533072822341396e+01,-2.538731959471770594e+01,-2.539767451705254686e+01,-2.540671783397732852e+01,-2.541465481724029374e+01,-2.542161490878277164e+01,-2.542767662866391731e+01,-2.543288605518151613e+01,-2.543727492244616428e+01,-2.544088060068688151e+01,-2.544376372179211643e+01,-2.544601421632521721e+01,-2.544774157911263046e+01,-2.544905697812761147e+01
-2.451803620313986798e+01,-2.451866039910248318e+01,-2.451939009154206772e+01,-2.452024696736038223e+01,-2.452125812206396560e+01,-2.452245760840871469e+01,-2.452388844895861197e+01,-2.452560522756829897e+01,-2.452767736761947859e+01,-2.453019315077501616e+01,-2.453326438218619998e+01,-2.453703130093418494e+01,-2.454166681313675014e+01,-2.454737844080597853e+01,-2.455440586903979039e+01,-2.456301239433109274e+01,-2.457347077508972788e+01,-2.458604774888803490e+01,-2.460099449099245916e+01,-2.461854950921490115e+01,-2.463895583085103169e+01,-2.466248974966138263e+01,-2.468949772082639527e+01,-2.472044153691918922e+01,-2.475595797596585967e+01,-2.479694742414072905e+01,-2.484471980062087937e+01,-2.490125437053953306e+01,-2.496969466052248166e+01,-2.505536089007301825e+01,-2.516801069266873370e+01,-2.524557448995903997e+01,-2.528991367962707670e+01,-2.531980756433882718e+01,-2.534202945403841056e+01,-2.535964057874561206e+01,-2.537419639874557475e+01,-2.538656318661454137e+01,-2.539726055097223067e+01,-2.540661557900491019e+01,-2.541483707355719091e+01,-2.542205480670650530e+01,-2.542834294845114940e+01,-2.543373759792645572e+01,-2.543825614735132845e+01,-2.544192329676292275e+01,-2.544479812486873982e+01,-2.544698457011630310e+01,-2.544861530166355124e+01,-2.544982312622093090e+01
-2.451771075053893512e+01,-2.451825583410220588e+01,-2.451889473392058960e+01,-2.451964727496709529e+01,-2.452053843548510770e+01,-2.452159991652368021e+01,-2.452287223047554221e+01,-2.452440746735971544e+01,-2.452627291503466012e+01,-2.452855568470860703e+01,-2.453136836512132035e+01,-2.453485539258216264e+01,-2.453919914462371921e+01,-2.454462368882889933e+01,-2.455139298057097008e+01,-2.455980025191583493e+01,-2.457014814417203397e+01,-2.458272521460809656e+01,-2.459779003455967583e+01,-2.461557303987942191e+01,-2.463629792429253484e+01,-2.466021628033099944e+01,-2.468764832728946246e+01,-2.471902807495152388e+01,-2.475495875014038916e+01,-2.479629237571936429e+01,-2.484425938188152827e+01,-2.490069857196539616e+01,-2.496849398254378372e+01,-2.505246394537895682e+01,-2.516132356385451629e+01,-2.524158551818474194e+01,-2.528667530479570047e+01,-2.531715350445633561e+01,-2.533990505032350171e+01,-2.535800620217294821e+01,-2.537300636085994654e+01,-2.538577019901147835e+01,-2.539682312733995673e+01,-2.540650066487864223e+01,-2.541501829700898085e+01,-2.542250835177568291e+01,-2.542904155583421755e+01,-2.543464229081187256e+01,-2.543930761961272680e+01,-2.544304091447020610e+01,-2.544589550970364655e+01,-2.544799476168167729e+01,-2.544950437387091213e+01,-2.545058529480672149e+01
-2.451743070166847716e+01,-2.451789931527096300e+01,-2.451844991748894742e+01,-2.451910029132287150e+01,-2.451987302952567660e+01,-2.452079708874557795e+01,-2.452190990710381158e+01,-2.452326029003965502e+01,-2.452491232019672651e+01,-2.452695057091411002e+01,-2.452948683049502066e+01,-2.453266823023781384e+01,-2.453668586538790919e+01,-2.454178143972902504e+01,-2.454824730750440764e+01,-2.455641407103075480e+01,-2.456662305176740446e+01,-2.457919077054258850e+01,-2.459438330723287436e+01,-2.461241732553369843e+01,-2.463348911492106552e+01,-2.465781875359175146e+01,-2.468569640447401170e+01,-2.471752746557552172e+01,-2.475388311130340213e+01,-2.479557028715061051e+01,-2.484374490427815019e+01,-2.490011250887496530e+01,-2.496730929210367478e+01,-2.504967633566990060e+01,-2.515495811047881958e+01,-2.523742956168920415e+01,-2.528325588640763755e+01,-2.531433952993469916e+01,-2.533766223382248839e+01,-2.535629507217844392e+01,-2.537176924961370617e+01,-2.538494674177819377e+01,-2.539636363677709596e+01,-2.540636943235891110e+01,-2.541519049876807657e+01,-2.542296484083493624e+01,-2.542976192441312833e+01,-2.543559380712192208e+01,-2.544042981553646143e+01,-2.544423759133599461e+01,-2.544705611310491022e+01,-2.544903731214004949e+01,-2.545039593559020474e+01,-2.545132922139018916e+01
-2.451720104281772095e+01,-2.451759671676430585e+01,-2.451806258665473948e+01,-2.451861424926821442e+01,-2.451927168124564815e+01,-2.452006073572572831e+01,-2.452101522970782099e+01,-2.452217987060653215e+01,-2.452361436200004619e+01,-2.452539912108868947e+01,-2.452764306988610343e+01,-2.453049375647876928e+01,-2.453414924519628215e+01,-2.453886917305239024e+01,-2.454497871643653539e+01,-2.455285554825074357e+01,-2.456289225676550103e+01,-2.457544229065605990e+01,-2.459077874685293352e+01,-2.460909528797581558e+01,-2.463054901619118908e+01,-2.465531970371238302e+01,-2.468366341831861277e+01,-2.471595683487394979e+01,-2.475274156684251281e+01,-2.479478380717820940e+01,-2.484317107663387958e+01,-2.489948425635705576e+01,-2.496612455497893279e+01,-2.504697931898636298e+01,-2.514888443781199712e+01,-2.523309776554908268e+01,-2.527963893110524651e+01,-2.531135537616944120e+01,-2.533530467544853693e+01,-2.535452092803907576e+01,-2.537050033790545811e+01,-2.538410330193034881e+01,-2.539588534043014789e+01,-2.540621784828495677e+01,-2.541534311664123535e+01,-2.542340862847789040e+01,-2.543048651695364981e+01,-2.543657876280937202e+01,-2.544161964047523128e+01,-2.544551721194785543e+01,-2.544827770332522121e+01,-2.545009856280929839e+01,-2.545127052044648153e+01,-2.545203578403783240e+01
-2.451702666846174949e+01,-2.451735384889356695e+01,-2.451773967251965303e+01,-2.451819745389232352e+01,-2.451874437919895300e+01,-2.451940290002690048e+01,-2.452020272175021987e+01,-2.452118366989360254e+01,-2.452239985267565103e+01,-2.452392571487801121e+01,-2.452586475902802832e+01,-2.452836173344377002e+01,-2.453161847987268374e+01,-2.453591132897474481e+01,-2.454160240429255424e+01,-2.454912896639983444e+01,-2.455895334696031185e+01,-2.457147958608827665e+01,-2.458698607601369801e+01,-2.460562832325469174e+01,-2.462750710532675313e+01,-2.465275107368089991e+01,-2.468157867555000351e+01,-2.471433914826155487e+01,-2.475154838736545670e+01,-2.479393730743504065e+01,-2.484253238114398243e+01,-2.489880008103226672e+01,-2.496492156018762998e+01,-2.504435418749405073e+01,-2.514307753068278828e+01,-2.522858332991178187e+01,-2.527580459773968613e+01,-2.530819060133392995e+01,-2.533284335569625867e+01,-2.535270815972541669e+01,-2.536922398171128634e+01,-2.538325595596724682e+01,-2.539539390794750773e+01,-2.540604180355279951e+01,-2.541546301931480301e+01,-2.542381826403010336e+01,-2.543118802961112834e+01,-2.543757178542971076e+01,-2.544286664880070603e+01,-2.544688317675156952e+01,-2.544955300734642734e+01,-2.545115404263511039e+01,-2.545209924481550345e+01,-2.545268018169867119e+01
-2.451691230845624858e+01,-2.451717636687308755e+01,-2.451748797874225971e+01,-2.451785814071912384e+01,-2.451830114971753005e+01,-2.451883584905838376e+01,-2.451948744496489851e+01,-2.452029019601262405e+01,-2.452129145193550031e+01,-2.452255778375445061e+01,-2.452418431686702149e+01,-2.452630876575085850e+01,-2.452913162231734034e+01,-2.453294200186854468e+01,-2.453814145969540306e+01,-2.454524245679384009e+01,-2.455480487385366928e+01,-2.456730523690583823e+01,-2.458302294548888156e+01,-2.460204992527675927e+01,-2.462440596807113735e+01,-2.465015644759020219e+01,-2.467948062323283764e+01,-2.471270392888128953e+01,-2.475032207228244019e+01,-2.479303728363429471e+01,-2.484182342147163070e+01,-2.489804459837376527e+01,-2.496367988809463512e+01,-2.504178308944905496e+01,-2.513752137289697330e+01,-2.522388638113087111e+01,-2.527172893034940060e+01,-2.530483568624916302e+01,-2.533030193515089579e+01,-2.535089674653077196e+01,-2.536797628950029804e+01,-2.538242732630315857e+01,-2.539489778487718397e+01,-2.540583759167774147e+01,-2.541553507088935149e+01,-2.542416644183910890e+01,-2.543182678797632690e+01,-2.543852754283877360e+01,-2.544414399824356465e+01,-2.544833794665568050e+01,-2.545086310807088736e+01,-2.545216000962366465e+01,-2.545284070385951125e+01,-2.545323188036778106e+01
-2.451686245108568585e+01,-2.451706967233766221e+01,-2.451731405517035611e+01,-2.451760431360375492e+01,-2.451795185003117084e+01,-2.451837181458807180e+01,-2.451888468059977200e+01,-2.451951863634853623e+01,-2.452031329298055695e+01,-2.452132554815269216e+01,-2.452263900767329119e+01,-2.452437921622651018e+01,-2.452673787485494472e+01,-2.453000877698330129e+01,-2.453463106437938279e+01,-2.454121025334788442e+01,-2.455044651172144299e+01,-2.456292603784954665e+01,-2.457891937249897651e+01,-2.459841104945407508e+01,-2.462130536511825341e+01,-2.464759331385250007e+01,-2.467741782969932274e+01,-2.471108763563374922e+01,-2.474908562254706723e+01,-2.479209278758046509e+01,-2.484103953955844091e+01,-2.489720133544072311e+01,-2.496237712368232664e+01,-2.503924997915234840e+01,-2.513221591522681919e+01,-2.521902578894909297e+01,-2.526738367933158358e+01,-2.530128618504657112e+01,-2.532772717518956540e+01,-2.534914847913853819e+01,-2.536680723623842937e+01,-2.538164671723097854e+01,-2.539440811554323929e+01,-2.540560253726647488e+01,-2.541554346697316191e+01,-2.542442161113558541e+01,-2.543235034334787414e+01,-2.543937024164418403e+01,-2.544538470860430834e+01,-2.544988172368891810e+01,-2.545215733032738115e+01,-2.545303958573910563e+01,-2.545343954781526818e+01,-2.545365633355404356e+01
-2.451688126410692448e+01,-2.451703881040463529e+01,-2.451722406273913890e+01,-2.451744356650555545e+01,-2.451770593260932785e+01,-2.451802268200924217e+01,-2.451840952455858513e+01,-2.451888834531737515e+01,-2.451949037551822386e+01,-2.452026140297007473e+01,-2.452127058297303108e+01,-2.452262571106941635e+01,-2.452450001029648163e+01,-2.452717803727417945e+01,-2.453112556841270830e+01,-2.453705704218550920e+01,-2.454587927630959499e+01,-2.455835579489791698e+01,-2.457472556328795221e+01,-2.459478800820809141e+01,-2.461828695367402986e+01,-2.464513487934639002e+01,-2.467544923742479668e+01,-2.470953343935452295e+01,-2.474786647569309750e+01,-2.479111583439255639e+01,-2.484017775287408014e+01,-2.489625390499526603e+01,-2.496098954535204939e+01,-2.503674124355760000e+01,-2.512718719288503877e+01,-2.521406819810901112e+01,-2.526273839506874808e+01,-2.529755752630592980e+01,-2.532520954846018313e+01,-2.534755240409634069e+01,-2.536578042305515979e+01,-2.538094857527559256e+01,-2.539393786158495203e+01,-2.540533565605320732e+01,-2.541547381875421507e+01,-2.542455189832543638e+01,-2.543269897389049916e+01,-2.543998923429032288e+01,-2.544642095690787897e+01,-2.545150480483519928e+01,-2.545328229020686095e+01,-2.545366953847243607e+01,-2.545383146550350517e+01,-2.545391953671576246e+01
-2.451697251636224451e+01,-2.451708836579638273e+01,-2.451722363439958130e+01,-2.451738289546834793e+01,-2.451757218877673949e+01,-2.451779963863157263e+01,-2.451807640448813075e+01,-2.451841818725746691e+01,-2.451884769725603874e+01,-2.451939885139789510e+01,-2.452012420963466255e+01,-2.452110873056736295e+01,-2.452249626180470443e+01,-2.452454175267108738e+01,-2.452771054451505961e+01,-2.453282709504786041e+01,-2.454110590885259668e+01,-2.455362140651564928e+01,-2.457052628849240605e+01,-2.459129364047836219e+01,-2.461545886253737336e+01,-2.464287054509338404e+01,-2.467364312965385764e+01,-2.470809010352981971e+01,-2.474669594341557399e+01,-2.479012168334393706e+01,-2.483923797595857508e+01,-2.489518792917692380e+01,-2.495949362275126759e+01,-2.503424515764397995e+01,-2.512249688669916026e+01,-2.520920046911592038e+01,-2.525777165251181700e+01,-2.529374083208355728e+01,-2.532292026743185431e+01,-2.534622191624336551e+01,-2.536496714387110529e+01,-2.538036814391657359e+01,-2.539349974387412345e+01,-2.540503813581012693e+01,-2.541531553704630753e+01,-2.542453084074183423e+01,-2.543281957269066140e+01,-2.544026620355354851e+01,-2.544691462387086389e+01,-2.545285119093670900e+01,-2.545380067007069513e+01,-2.545390257023866099e+01,-2.545395993873130891e+01,-2.545399531683683847e+01
-2.451713950286060140e+01,-2.451722236214318329e+01,-2.451731773796000979e+01,-2.451742850920053485e+01,-2.451755848344487632e+01,-2.451771279719519114e+01,-2.451789853932894658e+01,-2.451812575542382433e+01,-2.451840912941461070e+01,-2.451877092837574779e+01,-2.451924643456384700e+01,-2.451989458662039212e+01,-2.452082028760679222e+01,-2.452222455749594232e+01,-2.452452282726870791e+01,-2.452860530019173169e+01,-2.453613178543229623e+01,-2.454877797738788914e+01,-2.456646785701154556e+01,-2.458809131029289929e+01,-2.461295800232399600e+01,-2.464090366460454007e+01,-2.467207419114975409e+01,-2.470680972284772636e+01,-2.474560801913350261e+01,-2.478912884747180456e+01,-2.483822434060840934e+01,-2.489399360753013113e+01,-2.495786859873908625e+01,-2.503174931790003654e+01,-2.511823512656478385e+01,-2.520488619138183140e+01,-2.525254939690947609e+01,-2.529023788534672335e+01,-2.532114950493144434e+01,-2.534526691481981331e+01,-2.536442865614052877e+01,-2.537993204840682893e+01,-2.539310282533502061e+01,-2.540471337086940196e+01,-2.541506371370961403e+01,-2.542434271220460928e+01,-2.543268200115606348e+01,-2.544014446205467195e+01,-2.544664128258326485e+01,-2.545159130440826445e+01,-2.545331255907532508e+01,-2.545366509885151984e+01,-2.545380047932132683e+01,-2.545387271782753658e+01
-2.451738497639296455e+01,-2.451744416896368506e+01,-2.451751054752115877e+01,-2.451758564828800502e+01,-2.451767149613765184e+01,-2.451777081755964716e+01,-2.451788737546532815e+01,-2.451802651520709375e+01,-2.451819609414852863e+01,-2.451840814692840809e+01,-2.451868205710814053e+01,-2.451905106633680376e+01,-2.451957692344463879e+01,-2.452038683106171391e+01,-2.452177998206154186e+01,-2.452457020160687406e+01,-2.453096789891129248e+01,-2.454395288088074523e+01,-2.456280673298651962e+01,-2.458540672931868087e+01,-2.461094594577852490e+01,-2.463934493377611901e+01,-2.467081821776680428e+01,-2.470574424766970267e+01,-2.474463751303074233e+01,-2.478815867541200646e+01,-2.483714626586893459e+01,-2.489266841393256868e+01,-2.495609997416663006e+01,-2.502923664534418080e+01,-2.511446711415089794e+01,-2.520192886424356971e+01,-2.524906290787978946e+01,-2.528843889337781548e+01,-2.532023721249841230e+01,-2.534473262962725215e+01,-2.536415641221192274e+01,-2.537962884295908950e+01,-2.539274883068363664e+01,-2.540436632714959941e+01,-2.541471983774331633e+01,-2.542398502468055455e+01,-2.543228390689423080e+01,-2.543965776450269800e+01,-2.544588279467696523e+01,-2.545016191200194555e+01,-2.545224094673427473e+01,-2.545302668406318958e+01,-2.545337255710139246e+01,-2.545355918236731796e+01
-2.451771108871533400e+01,-2.451775642088443163e+01,-2.451780533049342026e+01,-2.451785842395530679e+01,-2.451791648568692139e+01,-2.451798055470918669e+01,-2.451805204562421281e+01,-2.451813294732698978e+01,-2.451822616486628093e+01,-2.451833614116694449e+01,-2.451847006730337952e+01,-2.451864044857235925e+01,-2.451887118215444517e+01,-2.451921427028537082e+01,-2.451980660315107841e+01,-2.452113270564201031e+01,-2.452564594303097678e+01,-2.453949948182861363e+01,-2.455997815593682887e+01,-2.458352167543991484e+01,-2.460959263443045941e+01,-2.463830033799585806e+01,-2.466994459388367744e+01,-2.470494104104591315e+01,-2.474381762701305476e+01,-2.478723440028205260e+01,-2.483601885471879811e+01,-2.489121904087733483e+01,-2.495418289380431531e+01,-2.502668337298383960e+01,-2.511114694199315167e+01,-2.520066666332218830e+01,-2.525116027574138755e+01,-2.528930537624195196e+01,-2.532028656458120608e+01,-2.534457124437678033e+01,-2.536389375704185412e+01,-2.537934113822512572e+01,-2.539243355584735440e+01,-2.540400237109855297e+01,-2.541429138143357847e+01,-2.542346836250883158e+01,-2.543164271385281694e+01,-2.543884724032676203e+01,-2.544496534670196297e+01,-2.544873292222496985e+01,-2.545096879708669846e+01,-2.545212170663520368e+01,-2.545272675367668569e+01,-2.545307744000374939e+01
-2.451811934407671956e+01,-2.451816095335696133e+01,-2.451820435687931621e+01,-2.451824968713034281e+01,-2.451829709638435517e+01,-2.451834676335519347e+01,-2.451839890364581720e+01,-2.451845378694012112e+01,-2.451851176679707578e+01,-2.451857333549680718e+01,-2.451863923259655920e+01,-2.451871068022724387e+01,-2.451878995784651849e+01,-2.451888206198030673e+01,-2.451900090289313994e+01,-2.451920615890863786e+01,-2.452041511619328418e+01,-2.453655350261415435e+01,-2.455860315389054094e+01,-2.458272157674753089e+01,-2.460904470272221545e+01,-2.463785468185259120e+01,-2.466950760866284043e+01,-2.470443811286802216e+01,-2.474317726849814036e+01,-2.478637967464552716e+01,-2.483486230791092808e+01,-2.488966173757813749e+01,-2.495212393067034995e+01,-2.502406276865496793e+01,-2.510810544903426944e+01,-2.520037783737123505e+01,-2.525352580746198328e+01,-2.529121371764149373e+01,-2.532102992673631903e+01,-2.534471836280325618e+01,-2.536368061518631123e+01,-2.537908551859420214e+01,-2.539215568032506454e+01,-2.540362640444155318e+01,-2.541379084486223405e+01,-2.542281550902598397e+01,-2.543079436838039697e+01,-2.543773303052047652e+01,-2.544340778960732763e+01,-2.544720505576493608e+01,-2.544961124659073448e+01,-2.545105965438116513e+01,-2.545192169980309416e+01,-2.545245849670261151e+01
-2.451861056738865230e+01,-2.451865875844595877e+01,-2.451870883653041489e+01,-2.451876093720837346e+01,-2.451881522157317406e+01,-2.451887188735308243e+01,-2.451893118705500640e+01,-2.451899345876323721e+01,-2.451905918081617841e+01,-2.451912907424928889e+01,-2.451920430802222128e+01,-2.451928694711827106e+01,-2.451938105056286687e+01,-2.451949583896329088e+01,-2.451965743650817231e+01,-2.451997696989078790e+01,-2.452181785171158523e+01,-2.453740198539276207e+01,-2.455920389292664652e+01,-2.458318770155406696e+01,-2.460938566857515042e+01,-2.463805503296256205e+01,-2.466953866389274452e+01,-2.470425998925864874e+01,-2.474273855046352111e+01,-2.478561677421624054e+01,-2.483370034412759964e+01,-2.488802075611950215e+01,-2.494994036582421870e+01,-2.502135321794657941e+01,-2.510514491600151032e+01,-2.520030001631741712e+01,-2.525553075850016072e+01,-2.529317808607350671e+01,-2.532211115904806675e+01,-2.534512028185036314e+01,-2.536367972436541152e+01,-2.537894357275429869e+01,-2.539191743747966967e+01,-2.540324302803671941e+01,-2.541323454991835007e+01,-2.542205933644671134e+01,-2.542979803025121655e+01,-2.543643335747794865e+01,-2.544178043094762032e+01,-2.544562395899119878e+01,-2.544821587031111676e+01,-2.544991163418043811e+01,-2.545100933612629746e+01,-2.545173488929337324e+01
