-4.174294737304023784e+00,-4.201050871840121381e+00,-4.230152245170085479e+00,-4.261841315725628299e+00,-4.296391644617572503e+00,-4.334113945518948796e+00,-4.375363793941791535e+00,-4.420551510472755297e+00,-4.470154916346353424e+00,-4.524735926007509512e+00,-4.584962333441640503e+00,-4.651636735989255200e+00,-4.725735433162827626e+00,-4.808461525269647652e+00,-4.901318636660182193e+00,-5.006215263356731171e+00,-5.125615716772660591e+00,-5.262763929700492227e+00,-5.422024783616563148e+00,-5.609421859118671527e+00,-5.833517380553777443e+00,-6.106918243536086699e+00,-6.448997047331626042e+00,-6.155907077584924281e+00,-5.828211739827152904e+00,-5.605487848307124210e+00,-5.443749208333695577e+00,-5.320468260077709566e+00,-5.222909604190925315e+00,-5.143331743087802721e+00,-5.076762158799493108e+00,-5.019868346366425982e+00,-4.970342979494650315e+00,-4.926549094231135406e+00,-4.887304826860682461e+00,-4.851746723557964103e+00,-4.819239118505162622e+00,-4.789311583208227141e+00,-4.761614213172999044e+00,-4.735884810658728128e+00,-4.711924424444985604e+00,-4.689579043681535886e+00,-4.668725977629962109e+00,-4.649263861392332942e+00,-4.631105470853012385e+00,-4.614172695949713798e+00,-4.598393151414208901e+00,-4.583698013079820832e+00,-4.570020758256079674e+00,-4.557296559857352491e+00
-4.159906932094253662e+00,-4.186106360053863717e+00,-4.214620835605922267e+00,-4.245688326235260490e+00,-4.279576557258009117e+00,-4.316588710203849821e+00,-4.357070691379993477e+00,-4.401420451690554181e+00,-4.450100006489805082e+00,-4.503651046799268975e+00,-4.562715389878087002e+00,-4.628062049891982888e+00,-4.700623518369066112e+00,-4.781545094956064723e+00,-4.872253083423693454e+00,-4.974550858856667368e+00,-5.090757109379737244e+00,-5.223909622682945120e+00,-5.378074055711714152e+00,-5.558826760317851168e+00,-5.774037975418695012e+00,-6.035198393239485704e+00,-6.359785835011416033e+00,-6.167762598033586841e+00,-5.832605675493763187e+00,-5.606472065363816704e+00,-5.443080446362487557e+00,-5.318982914590738353e+00,-5.221024842939557153e+00,-5.141254971407199115e+00,-5.074588210576232328e+00,-5.017628774214094811e+00,-4.968033285941991117e+00,-4.924145144254926443e+00,-4.884773569190961950e+00,-4.849053585989119952e+00,-4.816353148589803013e+00,-4.786208824005609763e+00,-4.758279588633853585e+00,-4.732312758883793435e+00,-4.708118544313598441e+00,-4.685551044124292908e+00,-4.664494210587842637e+00,-4.644851678557830432e+00,-4.626539584479619549e+00,-4.609481661997375745e+00,-4.593606041316613542e+00,-4.578843303865593128e+00,-4.565125448952301213e+00,-4.552385510639051169e+00
-4.145540190941908065e+00,-4.171185359158932293e+00,-4.199117056104858747e+00,-4.229569109823930972e+00,-4.262803803234518796e+00,-4.299117233035203434e+00,-4.338846157169085060e+00,-4.382376781247425690e+00,-4.430156086824913686e+00,-4.482706524749158206e+00,-4.540645220548973349e+00,-4.604709321724290483e+00,-4.675789848230402335e+00,-4.754977534416206630e+00,-4.843625921591402594e+00,-4.943439807148104492e+00,-5.056601852996689850e+00,-5.185958138653506744e+00,-5.335297477544217237e+00,-5.509784958198260973e+00,-5.716659169935005558e+00,-5.966401208409338075e+00,-6.274794772049614444e+00,-6.180014677890375729e+00,-5.837070903021619905e+00,-5.607439952324109633e+00,-5.442383564292707199e+00,-5.317483515273601746e+00,-5.219147815835967208e+00,-5.139207836714535738e+00,-5.072462205026514681e+00,-5.015449795078463779e+00,-4.965790029076389445e+00,-4.921806214076680952e+00,-4.882298853989897935e+00,-4.846402265020000932e+00,-4.813489336049371126e+00,-4.783105267651605708e+00,-4.754919659601740456e+00,-4.728690981811909388e+00,-4.704239985074997854e+00,-4.681429915634498506e+00,-4.660152045606277049e+00,-4.640315359098538650e+00,-4.621839434497771570e+00,-4.604649728072861770e+00,-4.588674621319938751e+00,-4.573843741848114597e+00,-4.560087193205373701e+00,-4.547335423748871897e+00
-4.131191836872582179e+00,-4.156284520146189543e+00,-4.183636852392907279e+00,-4.213478871232351430e+00,-4.246067801893269156e+00,-4.281693086758768807e+00,-4.320682829458129426e+00,-4.363412075997056050e+00,-4.410313493442131083e+00,-4.461891206082635009e+00,-4.518738842090853858e+00,-4.581563280661358206e+00,-4.651216250210373993e+00,-4.728736942763425155e+00,-4.815410396951990357e+00,-4.912848940091153693e+00,-5.023108141681166039e+00,-5.148855754837206256e+00,-5.293624372846049475e+00,-5.462200710968062367e+00,-5.661246364221878657e+00,-5.900328277422898893e+00,-6.193713089897793900e+00,-6.192674378250003997e+00,-5.841596149851134179e+00,-5.608377465708495713e+00,-5.441646533325857682e+00,-5.315961379321938018e+00,-5.217273514193907502e+00,-5.137188910356120353e+00,-5.070385899461951063e+00,-5.013335679793128108e+00,-4.963619075898346722e+00,-4.919538686779034720e+00,-4.879886467495517799e+00,-4.843796955103796265e+00,-4.810649539134511876e+00,-4.780000022059823550e+00,-4.751530711251298555e+00,-4.725013161816739249e+00,-4.700280252012042581e+00,-4.677205522001978366e+00,-4.655688267146424586e+00,-4.635643137452944984e+00,-4.616993167699058986e+00,-4.599665335084059059e+00,-4.583587926820793079e+00,-4.568689181071674099e+00,-4.554896818167144978e+00,-4.542138190268253162e+00
-4.116859431770413025e+00,-4.141400727541514115e+00,-4.168176404019126480e+00,-4.197413056830829881e+00,-4.229363230953048003e+00,-4.264310128913051834e+00,-4.302573667264901758e+00,-4.344518278663034749e+00,-4.390562980995778908e+00,-4.441194414611962848e+00,-4.496983813131477881e+00,-4.558609267895627148e+00,-4.626885241982441777e+00,-4.702802202255242925e+00,-4.787580659581847087e+00,-4.882746168587016378e+00,-4.990235523529364059e+00,-5.112550563503917900e+00,-5.252986688289317918e+00,-5.415982366708886886e+00,-5.607671809061893775e+00,-5.836793467110172884e+00,-6.116253608336561065e+00,-6.205752622389795192e+00,-5.846167523161444279e+00,-5.609267663478440191e+00,-5.440854620622003424e+00,-5.314405490485851757e+00,-5.215395079851080418e+00,-5.135195476216706467e+00,-5.068360351800171415e+00,-5.011290540538706040e+00,-4.961526546167193352e+00,-4.917349412291260435e+00,-4.877542648722394958e+00,-4.841242080206018095e+00,-4.807835476993152390e+00,-4.776891630152532819e+00,-4.748108066325679388e+00,-4.721271712125574282e+00,-4.696229395117094363e+00,-4.672866206366414588e+00,-4.651090174792812171e+00,-4.630821871801200196e+00,-4.611987708103867156e+00,-4.594515877044667462e+00,-4.578334129171193645e+00,-4.563368791956595061e+00,-4.549544639669991675e+00,-4.536785349943807333e+00
-4.102540794006491964e+00,-4.126531115932766447e+00,-4.152732140569368013e+00,-4.181367371682294554e+00,-4.212685045847278431e+00,-4.246962524983803000e+00,-4.284511978883022820e+00,-4.325687732642429673e+00,-4.370895764566330222e+00,-4.420606000681558179e+00,-4.475368289567737357e+00,-4.535833296571698092e+00,-4.602780093195339539e+00,-4.677153037513612333e+00,-4.760111813868880937e+00,-4.853100513156302753e+00,-4.957944895544986075e+00,-5.076992404310922247e+00,-5.213318816997969840e+00,-5.371041993493828492e+00,-5.555813877131038581e+00,-5.775621482448761057e+00,-6.042149750461927482e+00,-6.219260202771244472e+00,-5.850768104795013969e+00,-5.610090208422719549e+00,-5.439989864165497124e+00,-5.312801980354281639e+00,-5.213503330176364692e+00,-5.133223138663425722e+00,-5.066385643279084583e+00,-5.009318180797714071e+00,-4.959518773890873256e+00,-4.915245736789975339e+00,-4.875274126983125456e+00,-4.838742282829056052e+00,-4.805048634819770292e+00,-4.773777885492999751e+00,-4.744645831777180689e+00,-4.717457489479722987e+00,-4.692075724171512974e+00,-4.668398537116989822e+00,-4.646343376436385064e+00,-4.625836889630052795e+00,-4.606808651760718298e+00,-4.589187637567595068e+00,-4.572900505275760530e+00,-4.557871056501388018e+00,-4.544020477365598332e+00,-4.531268122039983304e+00
-4.088234017186628932e+00,-4.111673087230925283e+00,-4.137300758337788764e+00,-4.165337796987689245e+00,-4.196028499646311971e+00,-4.229644772648144091e+00,-4.266491452198129863e+00,-4.306913219812339655e+00,-4.351303565839954146e+00,-4.400116395913259204e+00,-4.453881087267145489e+00,-4.513222120924403669e+00,-4.578884898448219332e+00,-4.651770088323660346e+00,-4.732979985055340677e+00,-4.823882154858210924e+00,-4.926198524030326098e+00,-5.042132829538305216e+00,-5.174557466172280407e+00,-5.327295072450483282e+00,-5.505556433028595542e+00,-5.716646603552762329e+00,-5.971152932494341314e+00,-6.233207825500979737e+00,-5.855377502180467708e+00,-5.610820799782935353e+00,-5.439030454469565790e+00,-5.311133499610786401e+00,-5.211586165180867702e+00,-5.131265318466362579e+00,-5.064460510461693765e+00,-5.007421887388585624e+00,-4.957602245236743421e+00,-4.913235532058524591e+00,-4.873088163528919381e+00,-4.836302402097807374e+00,-4.802290132525042665e+00,-4.770655587514669449e+00,-4.741136571861821913e+00,-4.713559433832277712e+00,-4.687805462618311658e+00,-4.663787010327250293e+00,-4.641431556619982857e+00,-4.620671824412873718e+00,-4.601440164219888551e+00,-4.583665736016205194e+00,-4.567273420116922722e+00,-4.552183777331559433e+00,-4.538313683585981195e+00,-4.525577449566896782e+00
-4.073937490149449836e+00,-4.096824328685012340e+00,-4.121879237371627980e+00,-4.149320607754611423e+00,-4.179389163371785898e+00,-4.212351726942067387e+00,-4.248506186812779362e+00,-4.288188001331934451e+00,-4.331778663695454057e+00,-4.379716673924767711e+00,-4.432511752424009188e+00,-4.490763314886913271e+00,-4.555184661773084898e+00,-4.626634996364531460e+00,-4.706162402774040743e+00,-4.795062507250258399e+00,-4.894960091552931658e+00,-5.007925103722300264e+00,-5.136641570704614246e+00,-5.284660255384481253e+00,-5.456788301231897620e+00,-5.659711589749473859e+00,-5.903030287467018411e+00,-6.201067557375326444e+00,-5.859971357257689029e+00,-5.611430528826129915e+00,-5.437950011183115606e+00,-5.309378458334153450e+00,-5.209627827537819833e+00,-5.129312603005369731e+00,-5.062581854803544168e+00,-5.005604141602941759e+00,-4.955783502070037372e+00,-4.911327223644097018e+00,-4.870992598251551620e+00,-4.833927435989096466e+00,-4.799560542515806993e+00,-4.767520214574679116e+00,-4.737570884134383320e+00,-4.709564115217213853e+00,-4.683402327136893639e+00,-4.659013702835566484e+00,-4.636336220031721744e+00,-4.615308447257067570e+00,-4.595864886426523022e+00,-4.577934089367402315e+00,-4.561438327541218918e+00,-4.546294104792828250e+00,-4.532413189100361173e+00,-4.519704059405182051e+00
-4.059649918397069790e+00,-4.081982831697389180e+00,-4.106464858807381546e+00,-4.133312390514333856e+00,-4.162762946491770144e+00,-4.195078626166490743e+00,-4.230550727874220485e+00,-4.269505861441292183e+00,-4.312313949305170091e+00,-4.359398617204488069e+00,-4.411250639787333228e+00,-4.468445360379677211e+00,-4.531665392810794835e+00,-4.601730506054047432e+00,-4.679637501826308998e+00,-4.766614309831839869e+00,-4.864194771304679143e+00,-4.974324239069390252e+00,-5.099512254828057145e+00,-5.243059189344063675e+00,-5.409402833099449026e+00,-5.604666745227817160e+00,-5.837562693410414560e+00,-6.120946552011882424e+00,-5.864520819102797766e+00,-5.611885157278123870e+00,-5.436716744106004917e+00,-5.307510112517353384e+00,-5.207607979972874723e+00,-5.127351906599920461e+00,-5.060744085790984670e+00,-5.003866216132237810e+00,-4.954068994830378436e+00,-4.909529815794843266e+00,-4.868995902745718141e+00,-4.831622480416926102e+00,-4.796859635698963231e+00,-4.764365484262958361e+00,-4.733936846712500923e+00,-4.705455162676264180e+00,-4.678847017823414944e+00,-4.654057870549451970e+00,-4.631036411981826362e+00,-4.609726499720890658e+00,-4.590063857066779107e+00,-4.571975397735333679e+00,-4.555379795966995715e+00,-4.540188587042804258e+00,-4.526307569300642264e+00,-4.513638541061085974e+00
-4.045370347209350292e+00,-4.067146911525354014e+00,-4.091055222425285187e+00,-4.117310060898841328e+00,-4.146146117363940675e+00,-4.177821118333550743e+00,-4.212620101504692904e+00,-4.250861154284431009e+00,-4.292902985893339185e+00,-4.339154790354977642e+00,-4.390088998974536416e+00,-4.446257745432554032e+00,-4.508314214734064684e+00,-4.577040579471519877e+00,-4.653385040149591312e+00,-4.738511743049464542e+00,-4.833869329283700722e+00,-4.941287067714358550e+00,-5.063112843753827086e+00,-5.202416410971204108e+00,-5.363297575685410656e+00,-5.551369144922687404e+00,-5.774543086974397887e+00,-6.044368706817465409e+00,-5.868991991229197680e+00,-5.612144322899663251e+00,-5.435292491832624862e+00,-5.305495473580991828e+00,-5.205500557776427506e+00,-5.125365383362908922e+00,-5.058938236309198366e+00,-5.002207608856428678e+00,-4.952464859727139235e+00,-4.907852909651589712e+00,-4.867107241521422267e+00,-4.829392634126270067e+00,-4.794186024928883683e+00,-4.761182757622555606e+00,-4.730219294307940636e+00,-4.701212543931394983e+00,-4.674116602320490976e+00,-4.648895488050155400e+00,-4.625508420570527690e+00,-4.603903537141587954e+00,-4.584016462253340585e+00,-4.565771163786029874e+00,-4.549081567212080124e+00,-4.533853248889305299e+00,-4.519985134644618263e+00,-4.507371446950863003e+00
-4.031098186784382698e+00,-4.052315228010122894e+00,-4.075648264366115825e+00,-4.101310880878652476e+00,-4.129535323374835087e+00,-4.160575287948598877e+00,-4.194709851755279217e+00,-4.232248853834486901e+00,-4.273540073361820291e+00,-4.318978619973877997e+00,-4.369019069100648522e+00,-4.424191072236405731e+00,-4.485119483818671426e+00,-4.552550525059236186e+00,-4.627386233543022698e+00,-4.710730564456649283e+00,-4.803952254172640046e+00,-4.908772351331275985e+00,-5.027388926855945073e+00,-5.162659313551914764e+00,-5.318374046279060963e+00,-5.499682022851487773e+00,-5.713775052618803585e+00,-5.971038356080073939e+00,-5.873345371767968892e+00,-5.612160684846666747e+00,-5.433631638528729546e+00,-5.303294020260055142e+00,-5.203272348126386504e+00,-5.123329018224914932e+00,-5.057150764364330087e+00,-5.000625240689135609e+00,-4.950976581094462148e+00,-4.906306708477727874e+00,-4.865336543818121307e+00,-4.827242852214729041e+00,-4.791536659691481681e+00,-4.757960225205896343e+00,-4.726398866046895186e+00,-4.696811657650633798e+00,-4.669183776901723704e+00,-4.643498728771159101e+00,-4.619725469497611314e+00,-4.597814795840094781e+00,-4.577700426850987547e+00,-4.559301758947094108e+00,-4.542526658405013684e+00,-4.527273705937311377e+00,-4.513434049375117496e+00,-4.500893417221611514e+00
-4.016833239869732175e+00,-4.037486807550998869e+00,-4.060242274982451605e+00,-4.085312475455415537e+00,-4.112927610507639997e+00,-4.143337682927691112e+00,-4.176816079048316865e+00,-4.213664607084096403e+00,-4.254220318100531806e+00,-4.298864481537073345e+00,-4.348034181996322189e+00,-4.402237175173360662e+00,-4.462070920395865947e+00,-4.528247139493595697e+00,-4.601623906258428320e+00,-4.683248265010267808e+00,-4.774413914043703855e+00,-4.876740927784963375e+00,-4.992288473189538500e+00,-5.123718189237568943e+00,-5.274537617072782680e+00,-5.449474327829732623e+00,-5.655071685453938457e+00,-5.900677491565053501e+00,-5.877535314199780814e+00,-5.611879033752764201e+00,-5.431679921975234748e+00,-5.300856200245412708e+00,-5.200881244593183794e+00,-5.121210801922351230e+00,-5.055361920772216244e+00,-4.999112307711772729e+00,-4.949608476355001230e+00,-4.904901998827465803e+00,-4.863694589342536290e+00,-4.825177720788984992e+00,-4.788906101241589219e+00,-4.754681785209482925e+00,-4.722450749210473475e+00,-4.692222193593524437e+00,-4.664015989777595905e+00,-4.637835390890755249e+00,-4.613657416445694714e+00,-4.591433102448140069e+00,-4.571091865598195803e+00,-4.552546552349610032e+00,-4.535697518972437337e+00,-4.520435321438593945e+00,-4.506642482563714580e+00,-4.494195332166546208e+00
-4.002575732510848638e+00,-4.022661066647970074e+00,-4.044835916839658374e+00,-4.069312848601421173e+00,-4.096320442059559142e+00,-4.126105341469017418e+00,-4.158935480148111097e+00,-4.195104790795942229e+00,-4.234939708463072883e+00,-4.278807793797635206e+00,-4.327128874370348655e+00,-4.380389248843848726e+00,-4.439159750738582488e+00,-4.504118861763387827e+00,-4.576082656022617989e+00,-4.656044243746328526e+00,-4.745226738083961671e+00,-4.845155893397787850e+00,-4.957761998925337643e+00,-5.085526347844298911e+00,-5.231697513985653636e+00,-5.400620453049088887e+00,-5.598254732194167360e+00,-5.833023593009168728e+00,-5.881509548105717577e+00,-5.611235408632280652e+00,-5.429373166230334391e+00,-5.298121726017482658e+00,-5.198274128611039657e+00,-5.118968374455292292e+00,-5.053543514539827974e+00,-4.997656619980612724e+00,-4.948362901447411311e+00,-4.903650087512431810e+00,-4.862193112349370239e+00,-4.823201107358843664e+00,-4.786285467365422264e+00,-4.751325482814263701e+00,-4.718343019306536767e+00,-4.687406711760908173e+00,-4.658574419066021655e+00,-4.631868283941051878e+00,-4.607270479984564737e+00,-4.584728849066573630e+00,-4.564165416143284304e+00,-4.545484121738802230e+00,-4.528576257088673174e+00,-4.513323414139482459e+00,-4.499598795347085733e+00,-4.487268495317863426e+00
-3.988326348758150619e+00,-4.007837837480203724e+00,-4.029428242944906202e+00,-4.053310398242579105e+00,-4.079711716224184492e+00,-4.108875818734768259e+00,-4.141065389816843911e+00,-4.176566572304512448e+00,-4.215695196626122687e+00,-4.258805121433363539e+00,-4.306299009406506784e+00,-4.358641986101034149e+00,-4.416378859245711830e+00,-4.480155938098724810e+00,-4.550749031439253578e+00,-4.629099998217536260e+00,-4.716365420407253595e+00,-4.813982817995078101e+00,-4.923762784608698873e+00,-5.048020311844748420e+00,-5.189766932205035488e+00,-5.353000146007394378e+00,-5.543154018933317495e+00,-5.767827947491764640e+00,-5.885208813192909005e+00,-5.610156285339480853e+00,-5.426636002596333164e+00,-5.295017700632173252e+00,-5.195384346897442995e+00,-5.116546003656806008e+00,-5.051655843098039611e+00,-4.996238168059667473e+00,-4.947239005862038574e+00,-4.902562657076173558e+00,-4.860844929765332445e+00,-4.821315609397093027e+00,-4.783660869171051822e+00,-4.747861318828984878e+00,-4.714034449292992868e+00,-4.682318894259378084e+00,-4.652812813644842116e+00,-4.625554606658067058e+00,-4.600527028035763522e+00,-4.577670063288161728e+00,-4.556894479485659843e+00,-4.538092568970930607e+00,-4.521144952980079346e+00,-4.505923526575857707e+00,-4.492291767789625467e+00,-4.480104850398158867e+00
-3.974086270461211434e+00,-3.993017396185106538e+00,-4.014018715372856150e+00,-4.037303930093961490e+00,-4.063099782255352288e+00,-4.091647213264425709e+00,-4.123203824487642777e+00,-4.158047975142928010e+00,-4.196484787888995704e+00,-4.238854286986462050e+00,-4.285541908484002072e+00,-4.336991726126353086e+00,-4.393722950095274804e+00,-4.456350595962915939e+00,-4.525611719032740510e+00,-4.602399327107194793e+00,-4.687807141721139992e+00,-4.783189988197345421e+00,-4.890247137998415816e+00,-5.011140084573882270e+00,-5.148663268250341041e+00,-5.306498603290061844e+00,-5.489607175770897740e+00,-5.704854466330472107e+00,-5.888566674591118044e+00,-5.608557929223364269e+00,-5.423380685274775459e+00,-5.291456661587965016e+00,-5.192128796499821952e+00,-5.113870762432913608e+00,-5.049643472423047896e+00,-4.994825513524535410e+00,-4.946230743917329420e+00,-4.901651468943158285e+00,-4.859664100300947531e+00,-4.819521663454207072e+00,-4.781011048410436004e+00,-4.744248146138809297e+00,-4.709471633904302124e+00,-4.676901441162311990e+00,-4.646676234923894810e+00,-4.618845369570571791e+00,-4.593385472593414676e+00,-4.570222605864877607e+00,-4.549251594801391185e+00,-4.530349965830280823e+00,-4.513386080657465271e+00,-4.498221765152157658e+00,-4.484710868102792070e+00,-4.472697235722470133e+00
-3.959857223662295311e+00,-3.978200494773134643e+00,-3.998607224584562303e+00,-4.021292670179523299e+00,-4.046483454938442748e+00,-4.074418193140630251e+00,-4.105349528541453630e+00,-4.139547950669294707e+00,-4.177307638939640633e+00,-4.218954493566346109e+00,-4.264856493990077269e+00,-4.315436612637636671e+00,-4.371188717338392316e+00,-4.432697224853230367e+00,-4.500661736453456463e+00,-4.575928540382525611e+00,-4.659531803185450016e+00,-4.752748672494091053e+00,-4.857174695645253948e+00,-4.974829485265989781e+00,-5.108308464167143015e+00,-5.261006750287636535e+00,-5.437459665775555173e+00,-5.643879013556792223e+00,-5.889032824171450464e+00,-5.606346035962294749e+00,-5.419506163900718043e+00,-5.287334711814025923e+00,-5.188404715290681146e+00,-5.110847803587013516e+00,-5.047429460359952103e+00,-4.993370371108778016e+00,-4.945323624026747744e+00,-4.900927775279606102e+00,-4.858666121996139786e+00,-4.817816060385000654e+00,-4.778303725340834696e+00,-4.740429245006371417e+00,-4.704585261988367684e+00,-4.671083628740485771e+00,-4.640099788695051686e+00,-4.611684947564140380e+00,-4.585800327119510023e+00,-4.562350528511920800e+00,-4.541208973003559635e+00,-4.522234958059859977e+00,-4.505283066168342287e+00,-4.490205227113234443e+00,-4.476846566026887686e+00,-4.465039680922624932e+00
-3.945641533618081453e+00,-3.963388397986053580e+00,-3.983194109916462278e+00,-4.005276275903188576e+00,-4.029862027114354817e+00,-4.057188022078098477e+00,-4.087502024139324064e+00,-4.121066457428055330e+00,-4.158164167257309529e+00,-4.199106460360939153e+00,-4.244243444565099388e+00,-4.293976762412709647e+00,-4.348775022195316531e+00,-4.409192561153395751e+00,-4.475892627575375649e+00,-4.549676671248236381e+00,-4.631522265290545448e+00,-4.722633399543310517e+00,-4.824508753427773300e+00,-4.939036540400744357e+00,-5.068629453803442431e+00,-5.216421698790139949e+00,-5.386565118432138810e+00,-5.584689257508650861e+00,-5.818644331122380997e+00,-5.603415814895996938e+00,-5.414897641181231513e+00,-5.282530021801984610e+00,-5.184086429694945153e+00,-5.107354749875216093e+00,-5.044907547536024772e+00,-4.991799397239280900e+00,-4.944489252202259877e+00,-4.900401155582244428e+00,-4.857868173362190234e+00,-4.816189373870856549e+00,-4.775489815154934981e+00,-4.736326000309013295e+00,-4.699285401899631509e+00,-4.664778648555341967e+00,-4.633007516575983864e+00,-4.604010887725983991e+00,-4.577722491841457853e+00,-4.554016616361882264e+00,-4.532739202975113457e+00,-4.513727555147400317e+00,-4.496821021547999564e+00,-4.481862537842410177e+00,-4.468690691209515897e+00,-4.457127754303560785e+00
-3.931442191177716428e+00,-3.948582926923573488e+00,-3.967780181971533704e+00,-3.989254845590791021e+00,-4.013235280032739105e+00,-4.039956585823930801e+00,-4.069661666081326068e+00,-4.102604550763058633e+00,-4.139056174695982193e+00,-4.179312573757448135e+00,-4.223705364593387301e+00,-4.272614444425995472e+00,-4.326483076075716916e+00,-4.385835873732994550e+00,-4.451300654395862644e+00,-4.523635683048901512e+00,-4.603764583075160566e+00,-4.692822239012143903e+00,-4.792216613137069814e+00,-4.903713916156494435e+00,-5.029558694166438748e+00,-5.172647365479848602e+00,-5.336785954901835716e+00,-5.527085044480743115e+00,-5.750587492993727956e+00,-5.599652690413379652e+00,-5.409426910498229546e+00,-5.276902133642136228e+00,-5.179022559461806452e+00,-5.103235495947639144e+00,-5.041931885710301486e+00,-4.990001687086290438e+00,-4.943675896758092492e+00,-4.900077166842579324e+00,-4.857289392310396359e+00,-4.814621296054322208e+00,-4.772494041917688001e+00,-4.731828923605802650e+00,-4.693455809390502331e+00,-4.657881032329153292e+00,-4.625311731000819826e+00,-4.595754141774915702e+00,-4.569099833319029358e+00,-4.545183119360941326e+00,-4.523816120534384311e+00,-4.504810126724349217e+00,-4.487987713143041901e+00,-4.473184541063838005e+00,-4.460236836857696119e+00,-4.448958977889425626e+00
-3.917262934198707303e+00,-3.933786511987933388e+00,-3.952366748008236286e+00,-3.973228926497597069e+00,-3.996603491357260562e+00,-4.022724419573176391e+00,-4.051829703903055524e+00,-4.084164486284932671e+00,-4.119986989469123451e+00,-4.159577057849253023e+00,-4.203246970326858012e+00,-4.251354270006927116e+00,-4.304316627546499241e+00,-4.362629146377919653e+00,-4.426884979801970488e+00,-4.497800663193081583e+00,-4.576248227589824857e+00,-4.663297072262735377e+00,-4.760269929127313837e+00,-4.868819371877465940e+00,-4.991034757016662660e+00,-5.129595222018929590e+00,-5.287994274050666910e+00,-5.470879269107942200e+00,-5.684582370910355564e+00,-5.594933797003460718e+00,-5.402953815740837662e+00,-5.270292655879545762e+00,-5.173034533718348982e+00,-5.098294270090152125e+00,-5.038304251932619771e+00,-4.987809853466442789e+00,-4.942791645758924268e+00,-4.899952402817949526e+00,-4.856951149459999506e+00,-4.813071698130934273e+00,-4.769199370370328595e+00,-4.726785198955711031e+00,-4.686947651837290785e+00,-4.650264776006419964e+00,-4.616913219454287898e+00,-4.586839928855013682e+00,-4.559878111961919167e+00,-4.535812640477443480e+00,-4.514415784907920504e+00,-4.495468603838992827e+00,-4.478774856092654133e+00,-4.464165229805421298e+00,-4.451480809998134447e+00,-4.440533349597563628e+00
-3.903108348991415344e+00,-3.919002258722246168e+00,-3.936955641946849216e+00,-3.957199521382905871e+00,-3.979967440710647786e+00,-4.005492737561252348e+00,-4.034008354478396008e+00,-4.065749842307325501e+00,-4.100961632332150053e+00,-4.139906169340485498e+00,-4.182875295685831496e+00,-4.230203394486590440e+00,-4.282282151057484221e+00,-4.339577252429350551e+00,-4.402647834401548721e+00,-4.472169995182355251e+00,-4.548966282299166330e+00,-4.634043838477539978e+00,-4.728645036322137507e+00,-4.834316209821016841e+00,-4.953002947812492174e+00,-5.087185133610877763e+00,-5.240072945172824070e+00,-5.415899180116752198e+00,-5.620369253903670703e+00,-5.589130407506982756e+00,-5.395329171957809145e+00,-5.262528056019468714e+00,-5.165917696111960389e+00,-5.092291741389785464e+00,-5.033759856790761766e+00,-4.984972196224110697e+00,-4.941673404441338846e+00,-4.900003453539082621e+00,-4.856877148472388050e+00,-4.811462346818872859e+00,-4.765420855890126539e+00,-4.720982384233352924e+00,-4.679573870779193179e+00,-4.641783217130979189e+00,-4.607702879642859628e+00,-4.577189441983648521e+00,-4.550002278858849891e+00,-4.525869096310799478e+00,-4.504517432303958735e+00,-4.485693821933150360e+00,-4.469179874826835430e+00,-4.454803116874144209e+00,-4.442421135858808157e+00,-4.431854072262923161e+00
-3.888983998594706115e+00,-3.904234031589857601e+00,-3.921549261378669993e+00,-3.941168093905985881e+00,-3.963328412737420425e+00,-3.988263466665024293e+00,-4.016200889923164041e+00,-4.047365668480358281e+00,-4.081987014859830509e+00,-4.120308423388689967e+00,-4.162599921474708253e+00,-4.209171730715292270e+00,-4.260389034625056581e+00,-4.316688116155749988e+00,-4.378594659727061078e+00,-4.446745498973876387e+00,-4.521915602216402874e+00,-4.605052740608840622e+00,-4.697323238825727998e+00,-4.800173692630620437e+00,-4.915415911820582018e+00,-5.045346229123116366e+00,-5.192916827851766115e+00,-5.361988014684601289e+00,-5.557710636524445746e+00,-5.582111348066942647e+00,-5.386399390423314060e+00,-5.253425242965398034e+00,-5.157446624616083497e+00,-5.084946269769438310e+00,-5.027955524348478811e+00,-4.981114833324191693e+00,-4.940028614026138243e+00,-4.900160012595344838e+00,-4.857092747157311763e+00,-4.809636584531332026e+00,-4.760862219330094902e+00,-4.714129882550446737e+00,-4.671106892335877170e+00,-4.632272210630675957e+00,-4.597565400858358409e+00,-4.566722558616847394e+00,-4.539418109321723627e+00,-4.515318608778172482e+00,-4.494104170242501084e+00,-4.475482793841418783e+00,-4.459208302508502086e+00,-4.445103527293896128e+00,-4.433059647427470829e+00,-4.422928767277880091e+00
-3.874896587210841403e+00,-3.889486562879861609e+00,-3.906150615102471413e+00,-3.925136573319383704e+00,-3.946688197787664887e+00,-3.971039286839718851e+00,-3.998411747821434492e+00,-4.029018670822480885e+00,-4.063072180503811026e+00,-4.100794858764320594e+00,-4.142433232381776520e+00,-4.188272174467809528e+00,-4.238649762744369554e+00,-4.293972854313011567e+00,-4.354734219194524414e+00,-4.421532529232028885e+00,-4.495096923084264340e+00,-4.576318395022394903e+00,-4.666291037374599604e+00,-4.766367397597293554e+00,-4.878234181784031342e+00,-5.004017734138720641e+00,-5.146434015046176924e+00,-5.309006805622171754e+00,-5.496393723164613831e+00,-5.573747311589904108e+00,-5.376012830431211142e+00,-5.242800363409536146e+00,-5.147386256901125279e+00,-5.075944650793980273e+00,-5.020468824976007660e+00,-4.975699914553219472e+00,-4.937327016325106399e+00,-4.900231120533361739e+00,-4.857621062567943682e+00,-4.807262921169370706e+00,-4.755048858893327512e+00,-4.705845265139025457e+00,-4.661284455491001566e+00,-4.621558411373221098e+00,-4.586385452858217526e+00,-4.555361569000093702e+00,-4.528074070987791799e+00,-4.504130154697362443e+00,-4.483163069230315934e+00,-4.464839391205881469e+00,-4.448876840699095503e+00,-4.435083044871880098e+00,-4.423402285784824528e+00,-4.413772049597110225e+00
-3.860854173671933953e+00,-3.874765597074865120e+00,-3.890763386438419680e+00,-3.909107359265219905e+00,-3.930049090502880205e+00,-3.953823682725187805e+00,-3.980646674093588633e+00,-4.010717447561804150e+00,-4.044228602791118732e+00,-4.081379352824323625e+00,-4.122390706519615478e+00,-4.167520840887824818e+00,-4.217080089383888897e+00,-4.271445889973835897e+00,-4.331078667225210843e+00,-4.396540020577525354e+00,-4.468514907954174831e+00,-4.547839909051676344e+00,-4.635540274181953357e+00,-4.732879476404347585e+00,-4.841426619141831367e+00,-4.963149690980000805e+00,-5.100546976910323771e+00,-5.256836161974698385e+00,-5.436233135207873879e+00,-5.563915795564614797e+00,-5.364027548194419737e+00,-5.230480618424145689e+00,-5.135509564217657363e+00,-5.064966677563617736e+00,-5.010822512105401749e+00,-4.968007107614821116e+00,-4.932621908701635860e+00,-4.899669068952743345e+00,-4.858463188871243510e+00,-4.803590293501026842e+00,-4.747248665485355623e+00,-4.695663249909393322e+00,-4.649829819627933070e+00,-4.609473973905326538e+00,-4.574056347185770477e+00,-4.543035678686723422e+00,-4.515923255113406753e+00,-4.492275841095888289e+00,-4.471684300635796916e+00,-4.453773426646863598e+00,-4.438216140369354079e+00,-4.424779205648042613e+00,-4.413460721915968499e+00,-4.404412710344685067e+00
-3.846866451811250531e+00,-3.860078085731245778e+00,-3.875392020241571256e+00,-3.893083327984500297e+00,-3.913413886844763212e+00,-3.936621013085701115e+00,-3.962912913786269975e+00,-3.992472796202207519e+00,-4.025470559820162109e+00,-4.062078999070448226e+00,-4.102491242089108425e+00,-4.146937309438898822e+00,-4.195699193795224602e+00,-4.249125028931759473e+00,-4.307643565906529304e+00,-4.371780468766079508e+00,-4.442178119147429882e+00,-4.519620872004497691e+00,-4.605068175580848688e+00,-4.699698791131925013e+00,-4.804970702382270531e+00,-4.922703488989172094e+00,-5.055193474981471091e+00,-5.205377796505044508e+00,-5.377073420198255072e+00,-5.552506194556088737e+00,-5.350319685788182511e+00,-5.216317971454660807e+00,-5.121620562459716197e+00,-5.051724613317002621e+00,-4.998549065114522350e+00,-4.957202119458444578e+00,-4.924381206160783009e+00,-4.896698160922674958e+00,-4.859448602778467574e+00,-4.796877661383658342e+00,-4.736464380546947517e+00,-4.683096131377915583e+00,-4.636490576118500684e+00,-4.595877142200761156e+00,-4.560490259714188532e+00,-4.529685702500784394e+00,-4.502925152487558869e+00,-4.479730828892836136e+00,-4.459659249213054899e+00,-4.442296846371160512e+00,-4.427269242295340135e+00,-4.414270619478581459e+00,-4.403259435643110287e+00,-4.394919416803877432e+00
-3.832945122691086226e+00,-3.845432455085229684e+00,-3.860041845769314861e+00,-3.877067842046919122e+00,-3.896785880502544597e+00,-3.919436608444224479e+00,-3.945219472660576709e+00,-3.974298120845402682e+00,-4.006815610353794632e+00,-4.042914562177075233e+00,-4.082757524487863776e+00,-4.126544871873820242e+00,-4.174529808785564455e+00,-4.227031486720647990e+00,-4.284447837497188161e+00,-4.347269836878625782e+00,-4.416098904863089203e+00,-4.491669247515996943e+00,-4.574877276336194676e+00,-4.666820902015255790e+00,-4.768852622228383353e+00,-4.882652135651955660e+00,-5.010327123172128694e+00,-5.154555573339566266e+00,-5.318790933743212435e+00,-5.507564980987664782e+00,-5.334791366251067757e+00,-5.200202626727072008e+00,-5.105578730931709330e+00,-5.036011278745586850e+00,-4.983293737336035534e+00,-4.942562384505561290e+00,-4.910780920714605813e+00,-4.885986456701246539e+00,-4.855466534810650714e+00,-4.783928751990763395e+00,-4.721702617132208957e+00,-4.667762334666431201e+00,-4.621091387897098279e+00,-4.580675099163525665e+00,-4.545628046918555043e+00,-4.515268041160998003e+00,-4.489047048320165878e+00,-4.466473172876967546e+00,-4.447078232486788352e+00,-4.430416879419249554e+00,-4.416077205430087638e+00,-4.403691284312250431e+00,-4.392950507984554775e+00,-4.385484775465444685e+00
-3.819104393651326479e+00,-3.830838979654346055e+00,-3.844719254431693045e+00,-3.861064767015635280e+00,-3.880168860242024564e+00,-3.902276913298639904e+00,-3.927577484302375410e+00,-3.956209981210971893e+00,-3.988285204422763464e+00,-4.023911026659692247e+00,-4.063216433989076393e+00,-4.106370772900795885e+00,-4.153598306772940951e+00,-4.205189851497824982e+00,-4.261513640038136153e+00,-4.323027376158619539e+00,-4.390293191661979399e+00,-4.463997158491031847e+00,-4.544975214473226721e+00,-4.634247889669895315e+00,-4.733067153921295400e+00,-4.842980214820881812e+00,-4.965917495219644096e+00,-5.104315882181388098e+00,-5.261294705888922785e+00,-5.440912723981724319e+00,-5.317376800199039799e+00,-5.182073576853386321e+00,-5.087318743317902126e+00,-5.017741917554412900e+00,-4.964919412375830454e+00,-4.923800946723154048e+00,-4.890961910942611901e+00,-4.862735437907063307e+00,-4.824611669357305566e+00,-4.762771642047418652e+00,-4.702577272273290809e+00,-4.649538271447029025e+00,-4.603582557021839605e+00,-4.563842588578916448e+00,-4.529445908840705748e+00,-4.499756871634465583e+00,-4.474264854403435798e+00,-4.452484048157312024e+00,-4.433929299270019442e+00,-4.418129527948592816e+00,-4.404651291937427438e+00,-4.393128507884258127e+00,-4.383425696947357508e+00,-4.376339649551399980e+00
-3.805361653204103689e+00,-3.816310312434635588e+00,-3.829431962927263733e+00,-3.845078500687070022e+00,-3.863567110805921523e+00,-3.885149699429291115e+00,-3.910000736309548142e+00,-3.938228842662105489e+00,-3.969905470216390508e+00,-4.005098254507807098e+00,-4.043899487693810357e+00,-4.086446425757585210e+00,-4.132934723144527922e+00,-4.183627964785044284e+00,-4.238866152470263771e+00,-4.299075352206040534e+00,-4.364780176723196625e+00,-4.436620560115030365e+00,-4.515374391693666389e+00,-4.601988003738745725e+00,-4.697617291111872539e+00,-4.803683501171992276e+00,-4.921949716381011086e+00,-5.054627211079951721e+00,-5.204526018983907321e+00,-5.375272728748561768e+00,-5.298045490336299679e+00,-5.161923798351820913e+00,-5.066859551202304246e+00,-4.996972683597267206e+00,-4.943553412986041451e+00,-4.901227936250180939e+00,-4.865913706823547180e+00,-4.832464476082865446e+00,-4.790654947778276274e+00,-4.735840567128965617e+00,-4.679657490658535757e+00,-4.628625902231348732e+00,-4.584061223881169767e+00,-4.545429599178010704e+00,-4.511956117753087803e+00,-4.483143658933675724e+00,-4.458563306698276385e+00,-4.437748814371168748e+00,-4.420199690118232105e+00,-4.405419649321284048e+00,-4.392960475802003550e+00,-4.382476688533010645e+00,-4.373865861908381447e+00,-4.367263310834681889e+00
-3.791738390183692076e+00,-3.801862249851941655e+00,-3.814189411991326661e+00,-3.829114024494312929e+00,-3.846985421809233419e+00,-3.868064394368704306e+00,-3.892506439607431812e+00,-3.920380112038956977e+00,-3.951708228051703742e+00,-3.986511761722493219e+00,-4.024843297924426189e+00,-4.066807573970876888e+00,-4.112572689099247114e+00,-4.162376698606122361e+00,-4.216533255267110647e+00,-4.275438669002886272e+00,-4.339581917146044354e+00,-4.409558801355603741e+00,-4.486091501501027423e+00,-4.570055140396719118e+00,-4.662513642377842160e+00,-4.764768227520492339e+00,-4.878423525367900027e+00,-5.005478878595931214e+00,-5.148456596440888156e+00,-5.310585941447052427e+00,-5.276801941566242604e+00,-5.139798893795822998e+00,-5.044299981314901871e+00,-4.973887535868975363e+00,-4.919545246469640531e+00,-4.875581689412843645e+00,-4.837481067507385823e+00,-4.800087755404632617e+00,-4.756963264654794799e+00,-4.706319437518928339e+00,-4.654077231806599713e+00,-4.605480071876081993e+00,-4.562758417853180148e+00,-4.525554098817591964e+00,-4.493199931023227123e+00,-4.465433753466869327e+00,-4.441935659122994373e+00,-4.422259099258127435e+00,-4.405880356826369137e+00,-4.392270098608794804e+00,-4.380957876979141297e+00,-4.371589979203377219e+00,-4.363986098150221871e+00,-4.358030594066495844e+00
-3.778261451222201917e+00,-3.787514853965299633e+00,-3.799003385999129900e+00,-3.813176993988664165e+00,-3.830429112458790808e+00,-3.851032600676343787e+00,-3.875116375206566044e+00,-3.902695579629865907e+00,-3.933732288288239065e+00,-3.968193609595454863e+00,-4.006090010048412253e+00,-4.047494355482069039e+00,-4.092549237580818122e+00,-4.141469604466358589e+00,-4.194545093118783541e+00,-4.252144385930217041e+00,-4.314722817655666454e+00,-4.382834080794204112e+00,-4.457146934511329484e+00,-4.538468161886412666e+00,-4.627773608310448594e+00,-4.726250030143980041e+00,-4.835351843468013833e+00,-4.956878982504840714e+00,-5.093085495179002109e+00,-5.246834238566357556e+00,-5.253681988739544728e+00,-5.115789684716123276e+00,-5.019802662102245350e+00,-4.948760367815763672e+00,-4.893365716906282969e+00,-4.847711137033539508e+00,-4.807184208404366998e+00,-4.767255615229299082e+00,-4.723778929108966906e+00,-4.675918701866610405e+00,-4.626971884723634076e+00,-4.580686171517295513e+00,-4.540023156279995753e+00,-4.504376316590072982e+00,-4.473232949308068029e+00,-4.446641006739823432e+00,-4.424383297997128039e+00,-4.406015787099216929e+00,-4.390972344103249547e+00,-4.378674721396525804e+00,-4.368616139426096723e+00,-4.360411816687721043e+00,-4.353808934292007216e+00,-4.348598401831694105e+00
-3.764964761713453623e+00,-3.773294126224747469e+00,-3.783889003043022115e+00,-3.797273899600533298e+00,-3.813904086530448545e+00,-3.834068940684746352e+00,-3.857858636771702709e+00,-3.885215434515226107e+00,-3.916025085915931570e+00,-3.950193376909586274e+00,-3.987687652935521410e+00,-4.028551205959198356e+00,-4.072904437067471406e+00,-4.120942407869744528e+00,-4.172933508287681725e+00,-4.229221126815177811e+00,-4.290229022845188034e+00,-4.356470808247717486e+00,-4.428564077521337516e+00,-4.507250081215968152e+00,-4.593420372516202832e+00,-4.688152622965583660e+00,-4.792758933406625843e+00,-4.908851707821535015e+00,-5.038434965252693409e+00,-5.184033711265357169e+00,-5.228746496275042510e+00,-5.090020699175129337e+00,-4.993571614541543191e+00,-4.921908741052168246e+00,-4.865505963710377912e+00,-4.818359279405784790e+00,-4.775982326831294422e+00,-4.734538356585018981e+00,-4.691177378810198029e+00,-4.645404046070033210e+00,-4.599202821385946827e+00,-4.555163579119798634e+00,-4.516342237783167235e+00,-4.482047177995560183e+00,-4.452107800240070468e+00,-4.426782646635082585e+00,-4.405915975757290326e+00,-4.389032761821468398e+00,-4.375493385500554666e+00,-4.364648547044085447e+00,-4.355941880692574486e+00,-4.348951711174480650e+00,-4.343379569851390620e+00,-4.338985223393293289e+00
-3.751891665318063396e+00,-3.759234542873240326e+00,-3.768866348014781043e+00,-3.781412358372715499e+00,-3.797416945733206095e+00,-3.817192476596233064e+00,-3.840770329060707589e+00,-3.867991074967787046e+00,-3.898644674715206371e+00,-3.932569123840974346e+00,-3.969690292332960890e+00,-4.010026515803557068e+00,-4.053680800898659342e+00,-4.100832323146025082e+00,-4.151731337680923950e+00,-4.206698385385393202e+00,-4.266127725490401978e+00,-4.330494889170617867e+00,-4.400368529203711354e+00,-4.476427143394097641e+00,-4.559481752054521664e+00,-4.650506271028181260e+00,-4.750678263915585120e+00,-4.861434196748072090e+00,-4.984545652262572624e+00,-5.122226966092205735e+00,-5.202073556952043987e+00,-5.062637108367375127e+00,-4.965829540173671397e+00,-4.893654135078893574e+00,-4.836412525357065562e+00,-4.788096873577337043e+00,-4.744439502000181719e+00,-4.702172779377555401e+00,-4.659181169641775533e+00,-4.615092750379504949e+00,-4.571199583872950889e+00,-4.529514106753271818e+00,-4.491935107965693952e+00,-4.458654575088448091e+00,-4.429864776954834049e+00,-4.405876966630910552e+00,-4.386553425068727918e+00,-4.371341550607984239e+00,-4.359483986430777058e+00,-4.350233416880582737e+00,-4.342974773243227560e+00,-4.337254776544252621e+00,-4.332754126827938812e+00,-4.329230870118359498e+00
-3.739098043638029889e+00,-3.745382943814757670e+00,-3.753963265463390098e+00,-3.765601662422019658e+00,-3.780975220060968311e+00,-3.800429191651976346e+00,-3.823901819668322766e+00,-3.851088977277635994e+00,-3.881662018305305217e+00,-3.915388164249405722e+00,-3.952157821473106125e+00,-3.991971934082672924e+00,-4.034922417901594116e+00,-4.081177169196081422e+00,-4.130971574256947498e+00,-4.184605738479345582e+00,-4.242446408361463028e+00,-4.304932953958087616e+00,-4.372587260335889958e+00,-4.446027840406122422e+00,-4.525988960614129475e+00,-4.613346145038815571e+00,-4.709150213162616616e+00,-4.814673209059776582e+00,-4.931471554754847553e+00,-5.061475223846172433e+00,-5.173750348459090098e+00,-5.033792383230959899e+00,-4.936799112133487100e+00,-4.864295711738019889e+00,-4.806460895555676238e+00,-4.757338625128305409e+00,-4.712892116237044959e+00,-4.670274561128191060e+00,-4.627790957730203658e+00,-4.585097982540212946e+00,-4.543057657915062109e+00,-4.503135287789265639e+00,-4.466643076620225195e+00,-4.434247063389163301e+00,-4.406537660425405178e+00,-4.383944646293333136e+00,-4.366328962203533059e+00,-4.352997518889645256e+00,-4.343013460852740870e+00,-4.335500939831527845e+00,-4.329783332965379650e+00,-4.325388457133620967e+00,-4.321997875164525382e+00,-4.319386012786356588e+00
-3.726656301998880760e+00,-3.731804529665728065e+00,-3.739220334184031991e+00,-3.749853865296033817e+00,-3.764587847454389458e+00,-3.783816526380565648e+00,-3.807323524229537792e+00,-3.834595850528596639e+00,-3.865163321943513086e+00,-3.898727319169710270e+00,-3.935155161075066133e+00,-3.974441200508263883e+00,-4.016673758210840717e+00,-4.062014279469019051e+00,-4.110686404697814211e+00,-4.162971986907037625e+00,-4.219212043051774330e+00,-4.279811558668157545e+00,-4.345247749899295187e+00,-4.416081900159213092e+00,-4.492975340641364390e+00,-4.576710641287595749e+00,-4.668219744595017318e+00,-4.768621793824191712e+00,-4.879275115132706730e+00,-5.001850884104962702e+00,-5.138441889965183584e+00,-5.003638117609747304e+00,-4.906690023093130293e+00,-4.834097324970368703e+00,-4.775954054770889634e+00,-4.726382480984261392e+00,-4.681552728516058082e+00,-4.638914825501812444e+00,-4.597013158262981847e+00,-4.555480210658484630e+00,-4.514863143645408528e+00,-4.476204146381316029e+00,-4.440571069506841440e+00,-4.408905969535935832e+00,-4.382167068735400406e+00,-4.361011949763728524e+00,-4.345295796028578295e+00,-4.334088922478609440e+00,-4.326186980725232445e+00,-4.320554798458033474e+00,-4.316461748745777705e+00,-4.313437046750331127e+00,-4.311184233253504416e+00,-4.309508377469473572e+00
-3.714660013718262821e+00,-3.718592015422232055e+00,-3.724700127279837236e+00,-3.734186096549097833e+00,-3.748266232877572435e+00,-3.767412119128435322e+00,-3.791136749752380020e+00,-3.818625021677878539e+00,-3.849251773576206848e+00,-3.882672135049637596e+00,-3.918750592535732657e+00,-3.957488396823321430e+00,-3.998978132061514312e+00,-4.043379220701115884e+00,-4.090906150352297210e+00,-4.141824253533379796e+00,-4.196450275185840795e+00,-4.255156386993631301e+00,-4.318377129986945562e+00,-4.386619289782843545e+00,-4.460475118880583345e+00,-4.540639745791467341e+00,-4.627934174914375198e+00,-4.723336159549114122e+00,-4.828022740096058030e+00,-4.943431018951105926e+00,-5.071349157693937570e+00,-4.972316555356742995e+00,-4.875691517543092601e+00,-4.803284013028702226e+00,-4.745132309801282311e+00,-4.695446130583942335e+00,-4.650568490007605860e+00,-4.608154440137969488e+00,-4.566880569111768651e+00,-4.526325825705092676e+00,-4.486792939884768572e+00,-4.449025173180035431e+00,-4.413969150355085524e+00,-4.382774733444428250e+00,-4.356809656456579916e+00,-4.337113553236887853e+00,-4.323537993369663823e+00,-4.314751029486182610e+00,-4.309154551457879734e+00,-4.305533048369322380e+00,-4.303127598341054849e+00,-4.301498520631232836e+00,-4.300393373106803807e+00,-4.299660424010007809e+00
-3.703228242996747355e+00,-3.705878984309885382e+00,-3.710505209761850498e+00,-3.718626012187856489e+00,-3.732026822546526290e+00,-3.751311651145384118e+00,-3.775490587304259460e+00,-3.803323089769118592e+00,-3.834047444673239102e+00,-3.867314363541594080e+00,-3.903012952723121654e+00,-3.941165558504483357e+00,-3.981875823683210136e+00,-4.025304364828858006e+00,-4.071658156311599441e+00,-4.121187078012098048e+00,-4.174184630291260412e+00,-4.230991485174843802e+00,-4.292001372136727610e+00,-4.357669271186386695e+00,-4.428522234128789314e+00,-4.505173509964736311e+00,-4.588341130346556440e+00,-4.678872880908961918e+00,-4.777780942905844874e+00,-4.886292036541222572e+00,-5.005923894919634520e+00,-4.939955672302423828e+00,-4.843969107021008469e+00,-4.772043825809236139e+00,-4.714185855500807598e+00,-4.664693976713861545e+00,-4.620052830186137882e+00,-4.578059266518201831e+00,-4.537459431767322471e+00,-4.497766236680472041e+00,-4.459086861135743263e+00,-4.421937748092260811e+00,-4.387162981109836046e+00,-4.356070680808604045e+00,-4.330543970279080668e+00,-4.312294974092576894e+00,-4.301191584324969952e+00,-4.295188677635914942e+00,-4.292121873276338206e+00,-4.290609536093756837e+00,-4.289919039541345569e+00,-4.289681319541405635e+00,-4.289710066584996540e+00,-4.289907161754713094e+00
-3.692506966863350115e+00,-3.693856950723481081e+00,-3.696814139728111126e+00,-3.703226530946693185e+00,-3.715898342526034792e+00,-3.735687341650146376e+00,-3.760605907892938582e+00,-3.788873734449726971e+00,-3.819683320947287353e+00,-3.852746945602463668e+00,-3.888007533368459612e+00,-3.925519691297227443e+00,-3.965401987673419892e+00,-4.007817394477316775e+00,-4.052965691816727833e+00,-4.101081556129487105e+00,-4.152435777793926697e+00,-4.207338561598102267e+00,-4.266144545486464601e+00,-4.329259542085194923e+00,-4.397149277534843748e+00,-4.470350689852848447e+00,-4.549486759223667853e+00,-4.635286527241897048e+00,-4.728613199203651085e+00,-4.830505565776896049e+00,-4.942242566163526973e+00,-4.906666295201254080e+00,-4.811663961503334974e+00,-4.740531856002753841e+00,-4.683265972062018001e+00,-4.634254810505892941e+00,-4.590101348404337145e+00,-4.548703976885344780e+00,-4.508844497057042489e+00,-4.469969253388345720e+00,-4.432023766782913654e+00,-4.395326229456459011e+00,-4.360574440959328335e+00,-4.329126739182022732e+00,-4.303485285650364922e+00,-4.286618219420381237e+00,-4.278489643600578596e+00,-4.275711045202240435e+00,-4.275360654935223437e+00,-4.275992067010362163e+00,-4.276989843249174861e+00,-4.278099949830568960e+00,-4.279220620386192664e+00,-4.280313714106416256e+00
-3.682662601305735972e+00,-3.682789271188898095e+00,-3.683951530213599224e+00,-3.688114237820209418e+00,-3.699947257166202874e+00,-3.720872845321939959e+00,-3.746800530708657373e+00,-3.775491772452621131e+00,-3.806294976875082003e+00,-3.839056047449963760e+00,-3.873790805529751857e+00,-3.910589395559232351e+00,-3.949584473621213121e+00,-3.990939858363337311e+00,-4.034846940373858715e+00,-4.081524577022563882e+00,-4.131220891137780349e+00,-4.184216380788070566e+00,-4.240828173158690539e+00,-4.301415489368308975e+00,-4.366386575683692151e+00,-4.436207584330887244e+00,-4.511414240694503697e+00,-4.592627749709410345e+00,-4.680577526479788197e+00,-4.776135482388436770e+00,-4.880370757194105735e+00,-4.872540638702830940e+00,-4.778893715243795803e+00,-4.708874579481325817e+00,-4.652493479739516324e+00,-4.604232211225796512e+00,-4.560798145965457628e+00,-4.520168726852271668e+00,-4.481147001658249529e+00,-4.443121480026416492e+00,-4.405903747740264720e+00,-4.369624460887446382e+00,-4.334760399744912895e+00,-4.302493479547988997e+00,-4.275839226561378936e+00,-4.260183115890530559e+00,-4.255864472616397443e+00,-4.256777539427272217e+00,-4.259211028890037554e+00,-4.261913622244259514e+00,-4.264500831245010559e+00,-4.266868897589518816e+00,-4.269008930288221926e+00,-4.270942583575751961e+00
-3.673861127969030083e+00,-3.672999303853518249e+00,-3.672495447816984449e+00,-3.673698061791219605e+00,-3.684407239218730812e+00,-3.707528393620791451e+00,-3.734486920620127215e+00,-3.763397076681513465e+00,-3.794002396539538413e+00,-3.826310585240281004e+00,-3.860404527447526490e+00,-3.896401486898987354e+00,-3.934441817830649502e+00,-3.974685919340068541e+00,-4.017314165526632230e+00,-4.062528211673123835e+00,-4.110553139198952266e+00,-4.161640277238034535e+00,-4.216070707768833969e+00,-4.274159574297750730e+00,-4.336261436107415435e+00,-4.402777091597736003e+00,-4.474162604387456277e+00,-4.550941825450632194e+00,-4.633724740877410042e+00,-4.723235925583574968e+00,-4.820361102520554830e+00,-4.837651706105090987e+00,-4.745753817036683309e+00,-4.677173587006580036e+00,-4.621964422768392033e+00,-4.574709828033777015e+00,-4.532216525193124568e+00,-4.492531925964976303e+00,-4.454479546743063345e+00,-4.417407035099412127e+00,-4.381023535062980478e+00,-4.345294296096887443e+00,-4.310427608254031817e+00,-4.277126453109227455e+00,-4.248116694560210682e+00,-4.233227046781174785e+00,-4.234171927061201934e+00,-4.239030406646626226e+00,-4.244061705904922377e+00,-4.248612775428014743e+00,-4.252607094801388321e+00,-4.256094965883015391e+00,-4.259151917776296870e+00,-4.261850756011021701e+00
-3.666230499759659534e+00,-3.664794182873730932e+00,-3.663283476544711537e+00,-3.661770790177335755e+00,-3.670864468210441878e+00,-3.696756293987342623e+00,-3.724079370475251061e+00,-3.752762392698820726e+00,-3.782886087820204413e+00,-3.814551093693403505e+00,-3.847870271821385302e+00,-3.882968151209717611e+00,-3.919981681872102275e+00,-3.959061443923570955e+00,-4.000373134114731499e+00,-4.044099299614545728e+00,-4.090441337593155424e+00,-4.139621808124457125e+00,-4.191887140261935762e+00,-4.247510861190881393e+00,-4.306797564662464772e+00,-4.370087989128139228e+00,-4.437765855854435060e+00,-4.510267629937814604e+00,-4.588097312836084463e+00,-4.671850130503198528e+00,-4.762252260390164693e+00,-4.802053136452006932e+00,-4.712318923182597707e+00,-4.645508423330536374e+00,-4.591753523615522248e+00,-4.545753412236112290e+00,-4.504416763267021118e+00,-4.465861633417141263e+00,-4.428940606670767721e+00,-4.392984519928581300e+00,-4.357641259784664989e+00,-4.322765164781857017e+00,-4.288351694496152611e+00,-4.254550980903522905e+00,-4.222210598716919172e+00,-4.206891073491315858e+00,-4.215025428295027687e+00,-4.223233914090187113e+00,-4.230291566554249094e+00,-4.236302479616483652e+00,-4.241442042517014954e+00,-4.245868859144406926e+00,-4.249714865090134630e+00,-4.253086909692538775e+00
-3.659817739885117049e+00,-3.658320937033117559e+00,-3.656908801334530779e+00,-3.656314241569438295e+00,-3.665776563070877181e+00,-3.689442056284207183e+00,-3.715784273303659013e+00,-3.743650139586534475e+00,-3.772965163697804325e+00,-3.803781087927768034e+00,-3.836185678954210143e+00,-3.870285203937902541e+00,-3.906200000213741585e+00,-3.944063559965774513e+00,-3.984022860853243753e+00,-4.026239267383230569e+00,-4.070889778384357172e+00,-4.118168555805574726e+00,-4.168288748877204242e+00,-4.221484693482917550e+00,-4.278014655056115778e+00,-4.338164430703002949e+00,-4.402252388133061523e+00,-4.470636992277647437e+00,-4.543728730018465889e+00,-4.622009908053630767e+00,-4.706068655446721927e+00,-4.765779226183004091e+00,-4.678644109602272394e+00,-4.613938602741334272e+00,-4.561916114003324196e+00,-4.517411097483456928e+00,-4.477442899423496492e+00,-4.440207540938236441e+00,-4.404600978110296161e+00,-4.369965564408362368e+00,-4.335936843293517029e+00,-4.302342557349136953e+00,-4.269139218784536283e+00,-4.236396500911787655e+00,-4.204566104233524726e+00,-4.189977718902138548e+00,-4.200450100565367606e+00,-4.210016419615873140e+00,-4.218175463538056391e+00,-4.225133562021317957e+00,-4.231101496821429109e+00,-4.236257490750381827e+00,-4.240747350416641304e+00,-4.244689061629596694e+00
-3.654566035625346654e+00,-3.653463529843047120e+00,-3.653021894602951569e+00,-3.654992242770973121e+00,-3.665074397317803268e+00,-3.685070317962614528e+00,-3.709437819666534519e+00,-3.735978050612973611e+00,-3.764187929504470009e+00,-3.793964135888395983e+00,-3.825323550065256484e+00,-3.858331879530086717e+00,-3.893081011869031993e+00,-3.929680757725382723e+00,-3.968255707268823151e+00,-4.008944193055596905e+00,-4.051898243994785709e+00,-4.097284081788295396e+00,-4.145282987458790203e+00,-4.196092513865201212e+00,-4.249928143098706812e+00,-4.307025645441608930e+00,-4.367644650388339045e+00,-4.432074380304735328e+00,-4.500643275719015790e+00,-4.573735624972445457e+00,-4.651820777849837718e+00,-4.728844974665075362e+00,-4.644765858209343179e+00,-4.582505027948518439e+00,-4.532489213701659914e+00,-4.489713053353789007e+00,-4.451319891316851241e+00,-4.415595007366783342e+00,-4.381494308250893255e+00,-4.348399809883911615e+00,-4.315982173359025786e+00,-4.284128347374819512e+00,-4.252944970092251253e+00,-4.222981186385961649e+00,-4.196726987202363368e+00,-4.185264866718462429e+00,-4.190822349704044214e+00,-4.199521521009650371e+00,-4.207798756241062144e+00,-4.215166807027247664e+00,-4.221632462645383832e+00,-4.227298734475455788e+00,-4.232280500064717010e+00,-4.236682969905791296e+00
-3.650329707108057153e+00,-3.649900605551789301e+00,-3.650704611230285224e+00,-3.654579763414607108e+00,-3.664820380104208297e+00,-3.682373412296092496e+00,-3.704598856490208370e+00,-3.729543143951590700e+00,-3.756440829597330833e+00,-3.785028092271569555e+00,-3.815234191512184125e+00,-3.847072272414804761e+00,-3.880598208072441491e+00,-3.915893537484615994e+00,-3.953057829171878979e+00,-3.992205108869099295e+00,-4.033462197299578555e+00,-4.076968024472200192e+00,-4.122873505159057039e+00,-4.171341818931709966e+00,-4.222549112197438781e+00,-4.276685817772468035e+00,-4.333959039462110141e+00,-4.394596860495185275e+00,-4.458856137871002545e+00,-4.527036562410203580e+00,-4.599505885231672586e+00,-4.676744937958939197e+00,-4.610702867246375902e+00,-4.551231073879490552e+00,-4.503492297847433434e+00,-4.462671283250046805e+00,-4.426051987594022741e+00,-4.392022046700261306e+00,-4.359613198166712777e+00,-4.328270405673047883e+00,-4.297734639148646174e+00,-4.268006333870630442e+00,-4.239424058620418378e+00,-4.213048079837975024e+00,-4.191948175013076927e+00,-4.182278076334586814e+00,-4.184457171701906120e+00,-4.191350215889785957e+00,-4.199042251307870899e+00,-4.206367227082004057e+00,-4.213030381210967512e+00,-4.218999908925625597e+00,-4.224326064445015128e+00,-4.229081511247190228e+00
-3.646916839875428806e+00,-3.647259494011319880e+00,-3.649210036868811624e+00,-3.654305105127844566e+00,-3.664523301476902972e+00,-3.680454270678453543e+00,-3.700782465302282720e+00,-3.724086339688434055e+00,-3.749571573979218364e+00,-3.776875162346035264e+00,-3.805850483732259981e+00,-3.836458185674369581e+00,-3.868716068490797966e+00,-3.902675530524611247e+00,-3.938409927384407982e+00,-3.976008512033657905e+00,-4.015573126810742188e+00,-4.057216324445137801e+00,-4.101060283379285742e+00,-4.147236233731878663e+00,-4.195884332231122116e+00,-4.247154123666164516e+00,-4.301205978247801376e+00,-4.358214279740065145e+00,-4.418373773694095341e+00,-4.481911554745625637e+00,-4.549108995223312135e+00,-4.620341066700390797e+00,-4.576456768553931020e+00,-4.520123562321217037e+00,-4.474928127024853985e+00,-4.436280011592471872e+00,-4.401622695153886156e+00,-4.369459509305787748e+00,-4.338911134423712568e+00,-4.309500816877332774e+00,-4.281056724250693613e+00,-4.253702773706466544e+00,-4.227969954592208701e+00,-4.205137092951925837e+00,-4.187825120453166683e+00,-4.179379734286971626e+00,-4.179712180847312553e+00,-4.184863655549309946e+00,-4.191647924147560822e+00,-4.198622881952482011e+00,-4.205245584474118559e+00,-4.211340263379552695e+00,-4.216877436810896107e+00,-4.221885090332476942e+00
-3.644132683451397625e+00,-3.645224412569197714e+00,-3.648107087935931414e+00,-3.653973850905358312e+00,-3.664086550064962200e+00,-3.678857091585282735e+00,-3.697602374194973507e+00,-3.719354046694368865e+00,-3.743415653730867376e+00,-3.769394451732800633e+00,-3.797094434389780115e+00,-3.826432856308157771e+00,-3.857392330697533733e+00,-3.889994958507779099e+00,-3.924288224387844082e+00,-3.960337036072540506e+00,-3.998219015308815738e+00,-4.038021554328462770e+00,-4.079839871028446474e+00,-4.123775688006769968e+00,-4.169936411180715119e+00,-4.218434896797416123e+00,-4.269390145168216577e+00,-4.322929620130614659e+00,-4.379194465406400560e+00,-4.438349829344806707e+00,-4.500604082755901736e+00,-4.566243397654133673e+00,-4.542012828849326667e+00,-4.489173784637862319e+00,-4.446783847498946507e+00,-4.410516824415359416e+00,-4.377996312124908584e+00,-4.347854046081531365e+00,-4.319309115193636472e+00,-4.291969895755824993e+00,-4.265751486724322028e+00,-4.240877911341264905e+00,-4.217979365977317485e+00,-4.198295980310332354e+00,-4.183792657389648006e+00,-4.176333261078626791e+00,-4.175691265298092425e+00,-4.179478977127256023e+00,-4.185312163334450553e+00,-4.191777455173538947e+00,-4.198196155099352289e+00,-4.204276599231898892e+00,-4.209912309186319312e+00,-4.215082960321201888e+00
-3.641806374061514529e+00,-3.643565011602846404e+00,-3.647166916487146970e+00,-3.653521867871790452e+00,-3.663483161996279325e+00,-3.677360946710833467e+00,-3.694792678786939621e+00,-3.715132018530821423e+00,-3.737817020659731870e+00,-3.762473535214735598e+00,-3.788883793864637362e+00,-3.816934915843193998e+00,-3.846580477222568906e+00,-3.877816263242879646e+00,-3.910665570968541171e+00,-3.945170224171178575e+00,-3.981384893609483999e+00,-4.019373325814423303e+00,-4.059205696158067589e+00,-4.100956673747929493e+00,-4.144704037590194012e+00,-4.190527898186440225e+00,-4.238510820888927277e+00,-4.288739482957480753e+00,-4.341309012006965951e+00,-4.396331982389398263e+00,-4.453955412070905950e+00,-4.514391413056712210e+00,-4.507340685569661609e+00,-4.458358653586939724e+00,-4.419032425413801590e+00,-4.385344510910386795e+00,-4.355120697047547118e+00,-4.327132979793153034e+00,-4.300704926964371566e+00,-4.275530099371105841e+00,-4.251599140658093745e+00,-4.229199486787143414e+00,-4.208974753838456095e+00,-4.192000451314913612e+00,-4.179679860300226757e+00,-4.173084236103592914e+00,-4.171963847614600596e+00,-4.174771284116052250e+00,-4.179753352416872403e+00,-4.185662006557320680e+00,-4.191782697775471078e+00,-4.197750460609800172e+00,-4.203396358182509118e+00,-4.208655196297534928e+00
-3.639800253903996641e+00,-3.642124083992116734e+00,-3.646266731647478387e+00,-3.652924916467539251e+00,-3.662705844553771239e+00,-3.675854857579029300e+00,-3.692180804033661889e+00,-3.711253916470997893e+00,-3.732639657132535316e+00,-3.756006931686544537e+00,-3.781137634733429120e+00,-3.807902021805315673e+00,-3.836232139686735376e+00,-3.866101739019847106e+00,-3.897512584191528795e+00,-3.930485343267446918e+00,-3.965053438968379584e+00,-4.001258744896368569e+00,-4.039148430851470906e+00,-4.078772563018252306e+00,-4.120182291899385341e+00,-4.163428663913365746e+00,-4.208562321172716558e+00,-4.255634663430297060e+00,-4.304701510529751474e+00,-4.355831036718828209e+00,-4.409118942877286784e+00,-4.464715844442853410e+00,-4.472395134617502599e+00,-4.427641997977178612e+00,-4.391634372483424364e+00,-4.360713414556781409e+00,-4.332930785134908369e+00,-4.307210036863236446e+00,-4.282982908012996859e+00,-4.260024214916311003e+00,-4.238384631778340683e+00,-4.218380735891881450e+00,-4.200614801274655363e+00,-4.185966765200378248e+00,-4.175424310482271473e+00,-4.169620312364259007e+00,-4.168319086841727916e+00,-4.170458398973271308e+00,-4.174740848007950866e+00,-4.180117087518510743e+00,-4.185901214947905125e+00,-4.191695297310550572e+00,-4.197287263600623319e+00,-4.202574999742930473e+00
-3.638008682570060159e+00,-3.640796840481002938e+00,-3.645338412138686479e+00,-3.652174048957266717e+00,-3.661754587759433299e+00,-3.674280667314108406e+00,-3.689656681575819608e+00,-3.707596548237365841e+00,-3.727771441943434905e+00,-3.749901008462189544e+00,-3.773780352653555603e+00,-3.799273791130783007e+00,-3.826299191891689766e+00,-3.854813027860022334e+00,-3.884798729498029957e+00,-3.916258182461907822e+00,-3.949205579735885596e+00,-3.983662887257956253e+00,-4.019656386801951697e+00,-4.057213965560746871e+00,-4.096363005697139847e+00,-4.137128907379226561e+00,-4.179534488070149045e+00,-4.223600782835725376e+00,-4.269350187457288115e+00,-4.316813536126801409e+00,-4.366043756999759218e+00,-4.417140516530722039e+00,-4.437116956743890839e+00,-4.396975964472069620e+00,-4.364539656729313322e+00,-4.336564041787919876e+00,-4.311352342871131782e+00,-4.287991003427902292e+00,-4.266022562690706899e+00,-4.245297965950507013e+00,-4.225913536189525033e+00,-4.208190514546825689e+00,-4.192664799523194041e+00,-4.180036227729463150e+00,-4.171001152499646203e+00,-4.165941935661679807e+00,-4.164648546428959541e+00,-4.166358577610596470e+00,-4.170097997681279978e+00,-4.175003972587426837e+00,-4.180452210992358530e+00,-4.186042477583654886e+00,-4.191538468561551767e+00,-4.196811026735897343e+00
-3.636352689602280197e+00,-3.639513671865463706e+00,-3.644343049671549650e+00,-3.651267168636086691e+00,-3.660632584210385954e+00,-3.672607186770534327e+00,-3.687150178485159024e+00,-3.704070966707500911e+00,-3.723123289518797119e+00,-3.744075913128618538e+00,-3.766744050489324813e+00,-3.790993887669849016e+00,-3.816735401265065608e+00,-3.843912382476550427e+00,-3.872493280858622988e+00,-3.902463789859591969e+00,-3.933821073406274849e+00,-3.966569268910324020e+00,-4.000715921022508503e+00,-4.036269107359347075e+00,-4.073235149746718520e+00,-4.111616955031816012e+00,-4.151413215179061922e+00,-4.192618949828473163e+00,-4.235228247415792069e+00,-4.279240637805984626e+00,-4.324673458481951727e+00,-4.371584138012353016e+00,-4.401433746443150774e+00,-4.366302462026296460e+00,-4.337689667104746682e+00,-4.312829680452390235e+00,-4.290305537164369909e+00,-4.269378652319169021e+00,-4.249705173813364212e+00,-4.231207934295612816e+00,-4.214018436959129588e+00,-4.198448967838610102e+00,-4.184964355218324883e+00,-4.174116030983494596e+00,-4.166400609316736059e+00,-4.162053830768413398e+00,-4.160893929278826953e+00,-4.162354997766636089e+00,-4.165694053800631735e+00,-4.170207882985729420e+00,-4.175345912124608816e+00,-4.180725656767031673e+00,-4.186102303455347950e+00,-4.191329503161161263e+00
-3.634774011641102920e+00,-3.638228153887075766e+00,-3.643258118828022862e+00,-3.650205609184039801e+00,-3.659344604829613878e+00,-3.670817879057217237e+00,-3.684616522092760249e+00,-3.700613831470537907e+00,-3.718626122460013228e+00,-3.738465502716957989e+00,-3.759969576563518601e+00,-3.783011292854928431e+00,-3.807497600747979938e+00,-3.833363649651337912e+00,-3.860566118079590936e+00,-3.889077115579710586e+00,-3.918879032894649672e+00,-3.949960291775549859e+00,-3.982311834187420629e+00,-4.015924213718998104e+00,-4.050785233990744416e+00,-4.086878197259046885e+00,-4.124180986311857033e+00,-4.162666427246304757e+00,-4.202304712102599815e+00,-4.243069171353377023e+00,-4.284947507507106401e+00,-4.327961981945012582e+00,-4.365260693851925389e+00,-4.335554574503312608e+00,-4.311019106604927487e+00,-4.289438827555818179e+00,-4.269708032840866530e+00,-4.251276610695532199e+00,-4.233918249142742063e+00,-4.217625513752430777e+00,-4.202559315071921375e+00,-4.189018258928651761e+00,-4.177402788371329834e+00,-4.168149454824239264e+00,-4.161619511140590255e+00,-4.157962012377566907e+00,-4.157022922077636906e+00,-4.158371835124353488e+00,-4.161433712551336761e+00,-4.165636719374669283e+00,-4.170504439713001332e+00,-4.175683513295908256e+00,-4.180932319929487662e+00,-4.186095983904138507e+00
-3.633229926208472182e+00,-3.636909193476078439e+00,-3.642070727272727737e+00,-3.648992564240366221e+00,-3.657896255534562879e+00,-3.668904615596251251e+00,-3.682027225784400226e+00,-3.697180436787715241e+00,-3.714227269424724032e+00,-3.733016158705901422e+00,-3.753406599191295268e+00,-3.775280893723770959e+00,-3.798546412585124266e+00,-3.823132968203654336e+00,-3.848988344513013082e+00,-3.876073542815755779e+00,-3.904358384372036195e+00,-3.933817649264602867e+00,-3.964427747765127297e+00,-3.996163883296795838e+00,-4.028997705418654540e+00,-4.062895539090417785e+00,-4.097817410458841181e+00,-4.133717285244591366e+00,-4.170545227787473941e+00,-4.208252639259788985e+00,-4.246802456817446725e+00,-4.286187411427829552e+00,-4.326461596367657592e+00,-4.304657871497481914e+00,-4.284457713366717435e+00,-4.266317292290254137e+00,-4.249477474737176408e+00,-4.233592105957338703e+00,-4.218558070268152882e+00,-4.204438061877944222e+00,-4.191420933902969992e+00,-4.179793065657882778e+00,-4.169902394992732297e+00,-4.162100404448214164e+00,-4.156657696018059234e+00,-4.153672620571057017e+00,-4.153017363512491400e+00,-4.154359215097501945e+00,-4.157247821480192229e+00,-4.161217895201318129e+00,-4.165861996118666255e+00,-4.170861144439677481e+00,-4.175984852475770559e+00,-4.181076701262266049e+00
