-5.368899625220802996e+00,-5.360233236217356811e+00,-5.350638998606491725e+00,-5.339997706031757829e+00,-5.328169254966288015e+00,-5.314987433388653315e+00,-5.300252972436232390e+00,-5.267881563299661174e+00,-5.206771707419570738e+00,-5.142382069029246772e+00,-5.074512411247285470e+00,-5.002959049110178746e+00,-4.927517002905891452e+00,-4.847982588142809135e+00,-4.764156454832523480e+00,-4.675847070729916233e+00,-4.582874619142452310e+00,-4.485075251331926971e+00,-4.382305596233833533e+00,-4.274447386688105865e+00,-4.161412012983633169e+00,-4.043144763783026896e+00,-3.919628465256166372e+00,-3.790886186734986563e+00,-3.656982651820948949e+00,-3.518023984766982970e+00,-3.374155440123880911e+00,-3.225556814815290885e+00,-3.129343449506828634e+00,-3.181564846903262467e+00,-3.218275897412705255e+00,-3.245534702090045798e+00,-3.266613949421524499e+00,-3.283436404278147869e+00,-3.297205446188008260e+00,-3.308712251453870934e+00,-3.318497853966891675e+00,-3.326944243941595936e+00,-3.334328306427328137e+00,-3.340855177748712546e+00,-3.346679655509063434e+00,-3.351920392865920029e+00,-3.356669581426566129e+00,-3.360999725951453687e+00,-3.364968491452512200e+00,-3.368622239055448997e+00,-3.371998647674865346e+00,-3.375128683252047068e+00,-3.378038092152020777e+00,-3.380748540802703150e+00
-5.368194082950069834e+00,-5.359519547130750183e+00,-5.349912857778301500e+00,-5.339254796670665826e+00,-5.327405576189734759e+00,-5.314199803512791753e+00,-5.299439789340647522e+00,-5.282886525521083954e+00,-5.241000691946961609e+00,-5.176391006929814687e+00,-5.108190204978159343e+00,-5.036178026019538123e+00,-4.960131653381866457e+00,-4.879828452819617191e+00,-4.795049235728560788e+00,-4.705582052261007675e+00,-4.611226494378717788e+00,-4.511798455187155277e+00,-4.407135248668213379e+00,-4.297100943339499324e+00,-4.181591705627244693e+00,-4.060540886449584441e+00,-3.933923521964857173e+00,-3.801759862801084910e+00,-3.664117503229350259e+00,-3.521111661795432113e+00,-3.372903177234713112e+00,-3.219693836202243808e+00,-3.128002313943382351e+00,-3.181300593287039291e+00,-3.218534297461780103e+00,-3.246059136409689128e+00,-3.267275422737931034e+00,-3.284166657887757079e+00,-3.297967399091403795e+00,-3.309485738783771058e+00,-3.319272252147337898e+00,-3.327714434709575730e+00,-3.335092360734438710e+00,-3.341612972710741314e+00,-3.347432021943057112e+00,-3.352668578680753075e+00,-3.357414912005834307e+00,-3.361743393308511241e+00,-3.365711431297857548e+00,-3.369365069887870767e+00,-3.372741654269294287e+00,-3.375871831565386838e+00,-3.378781065444556475e+00,-3.381490788657874891e+00
-5.367624237832181677e+00,-5.358951900671947932e+00,-5.349343694913211600e+00,-5.338680379322030767e+00,-5.326822457899273111e+00,-5.313605314097606502e+00,-5.298832767697935431e+00,-5.282268418192587411e+00,-5.263623831252935759e+00,-5.211552708178999183e+00,-5.143062124948111880e+00,-5.070629242680160687e+00,-4.994011865257681038e+00,-4.912966608727661111e+00,-4.827252384721958833e+00,-4.736634511416900395e+00,-4.640889445089957377e+00,-4.539810088700919621e+00,-4.433211586595534826e+00,-4.320937456106952901e+00,-4.202865838398945009e+00,-4.078915574909063757e+00,-3.949051736900848653e+00,-3.813290161074856410e+00,-3.671700483520166980e+00,-3.524407129089265567e+00,-3.371587715951878561e+00,-3.213468387041529706e+00,-3.126597146235430280e+00,-3.181018761516633653e+00,-3.218790510984590014e+00,-3.246585969997487719e+00,-3.267939905731453099e+00,-3.284899143482801431e+00,-3.298730474351304398e+00,-3.310259353949645433e+00,-3.320046083915745960e+00,-3.328483729467312191e+00,-3.335855558483255212e+00,-3.342370291725720755e+00,-3.348184587603816098e+00,-3.353417875740975607e+00,-3.358162438972109864e+00,-3.362490449727140174e+00,-3.366458996626030320e+00,-3.370113747649924552e+00,-3.373491663316019462e+00,-3.376623030718143514e+00,-3.379533000450867686e+00,-3.382242752239793315e+00
-5.367188122222640523e+00,-5.358528380743865505e+00,-5.348929643718497218e+00,-5.338272629270015557e+00,-5.326418100374211484e+00,-5.313202163457494187e+00,-5.298430064486685964e+00,-5.281867883496165206e+00,-5.263231243001056825e+00,-5.242169698553963642e+00,-5.179177234323925738e+00,-5.106367275964723618e+00,-5.029217943071401464e+00,-4.947463157796232025e+00,-4.860837678502839765e+00,-4.769081530850996842e+00,-4.671945187014669543e+00,-4.569195464340928936e+00,-4.460622062345384720e+00,-4.346044590326621382e+00,-4.225319857396012679e+00,-4.098349104654390729e+00,-3.965084760551567999e+00,-3.825536203305679006e+00,-3.679773930208524391e+00,-3.527931477291871953e+00,-3.370204420510894305e+00,-3.206845837161230506e+00,-3.125124103188525293e+00,-3.180718530958055013e+00,-3.219044345397565010e+00,-3.247115020901115479e+00,-3.268607075159128961e+00,-3.285633382000680225e+00,-3.299494065685116162e+00,-3.311032405488735009e+00,-3.320818617962198349e+00,-3.329251401651897702e+00,-3.336617219518357214e+00,-3.343126538068545539e+00,-3.348936870041797853e+00,-3.354167939206833982e+00,-3.358911969952439680e+00,-3.363240861245195834e+00,-3.367211309114624740e+00,-3.370868539016421916e+00,-3.374249069377108778e+00,-3.377382781379998367e+00,-3.380294479476015468e+00,-3.383005070258625402e+00
-5.366883695094976758e+00,-5.358247016725837142e+00,-5.348668807549228355e+00,-5.338029721647590264e+00,-5.326190740751223451e+00,-5.312988631443360532e+00,-5.298229971555816320e+00,-5.281683181561450446e+00,-5.263067731353064715e+00,-5.242039279372352922e+00,-5.216586019764116955e+00,-5.143448664158290384e+00,-5.065812781324783742e+00,-4.983387507233273617e+00,-4.895880990207809980e+00,-4.803005136662712005e+00,-4.704481250872191822e+00,-4.600046560991445155e+00,-4.489461566365709366e+00,-4.372518065924853481e+00,-4.249047633621120035e+00,-4.118930196142969180e+00,-3.982102245486837777e+00,-3.838564093497581986e+00,-3.688385460959430873e+00,-3.531708608464092958e+00,-3.368748181462493108e+00,-3.199786979430532252e+00,-3.123579099231604594e+00,-3.180399095877372684e+00,-3.219295645860141164e+00,-3.247646124224494724e+00,-3.269276598467202977e+00,-3.286368861331028679e+00,-3.300257514615649423e+00,-3.311804135792014048e+00,-3.321589048401648370e+00,-3.330016647414226316e+00,-3.337376589393078241e+00,-3.343881049106339542e+00,-3.349688333987219213e+00,-3.354918388158703024e+00,-3.359663295536556404e+00,-3.363994596683617999e+00,-3.367968512287431437e+00,-3.371629749438674217e+00,-3.375014319518547801e+00,-3.378151646580236811e+00,-3.381066152932380220e+00,-3.383778451335962778e+00
-5.366708822158559045e+00,-5.358105762202370670e+00,-5.348559236800840111e+00,-5.337949807527769153e+00,-5.326138627801856984e+00,-5.312963052806373376e+00,-5.298230887333666317e+00,-5.281712740132227246e+00,-5.263131706433963330e+00,-5.242149217860101906e+00,-5.218345292596358931e+00,-5.181931844201910664e+00,-5.103861855150394256e+00,-5.020812432354231802e+00,-4.932462444634234444e+00,-4.838492566513339810e+00,-4.738591382372852046e+00,-4.632462570779453337e+00,-4.519833128376848919e+00,-4.400462508902800884e+00,-4.274152444603473100e+00,-4.140757085250253766e+00,-4.000192938679763444e+00,-3.852447936098672532e+00,-3.697588791410083786e+00,-3.535765699073539992e+00,-3.367213347237081766e+00,-3.192247241854758943e+00,-3.121957795482181552e+00,-3.180059681132531679e+00,-3.219544310023091604e+00,-3.248179142491789850e+00,-3.269948139721223779e+00,-3.287105038219443109e+00,-3.301020108834240130e+00,-3.312573716502952959e+00,-3.322356487917236034e+00,-3.330778577356832582e+00,-3.338132830658787853e+00,-3.344633088131443888e+00,-3.350438384657249635e+00,-3.355668801142205560e+00,-3.360416187564667201e+00,-3.364751628862940436e+00,-3.368730775513679276e+00,-3.372397729485069107e+00,-3.375787921334788333e+00,-3.378930260648079109e+00,-3.381848748426594664e+00,-3.384563682562498066e+00
-5.366661254896404110e+00,-5.358102472507045633e+00,-5.348598905045760077e+00,-5.338030988734605131e+00,-5.326259995466167574e+00,-5.313123789429693211e+00,-5.298431287608690532e+00,-5.281955123557029452e+00,-5.263421784031507400e+00,-5.242498133942204319e+00,-5.218772687090734053e+00,-5.191729078600436864e+00,-5.143433181876481797e+00,-5.059814115006481927e+00,-4.970666557558785392e+00,-4.875636534901255814e+00,-4.774375957530006431e+00,-4.666550484582709046e+00,-4.551848685326921995e+00,-4.429992401030319549e+00,-4.300748086198528775e+00,-4.163938752143826250e+00,-4.019455950747838457e+00,-3.867271032188239310e+00,-3.707444705696085752e+00,-3.540133754622477369e+00,-3.365593641917863366e+00,-3.184175729915147190e+00,-3.120255589683451181e+00,-3.179699561970000588e+00,-3.219790306384005429e+00,-3.248713978864087526e+00,-3.270621367665125234e+00,-3.287841341598046530e+00,-3.301781081304167476e+00,-3.313340244007188851e+00,-3.323119960423963182e+00,-3.331536207350817680e+00,-3.338885012968164201e+00,-3.345381834950631017e+00,-3.351186359974342999e+00,-3.356418710966145191e+00,-3.361170397140600397e+00,-3.365511936071476029e+00,-3.369498298754939558e+00,-3.373172882320511157e+00,-3.376570452347631424e+00,-3.379719339587785587e+00,-3.382643081178824840e+00,-3.385361639159339298e+00
-5.366738608429605151e+00,-5.358234880959797941e+00,-5.348785683763734866e+00,-5.338271291195915147e+00,-5.326553034938622311e+00,-5.313469201200588188e+00,-5.298829695131129114e+00,-5.282409000889734862e+00,-5.263936751715328377e+00,-5.243084896214020851e+00,-5.219449933103102346e+00,-5.192527861609729456e+00,-5.161678133641361299e+00,-5.100472151103137897e+00,-5.010582352873857559e+00,-4.914535490340745660e+00,-4.811942410150077620e+00,-4.702425716573059411e+00,-4.585629921474427384e+00,-4.461233139497800870e+00,-4.328960133819836464e+00,-4.188596335581592278e+00,-4.040002235670918651e+00,-3.883127290441064972e+00,-3.718022213550308930e+00,-3.544848277448497953e+00,-3.363882065612954442e+00,-3.175514054705410594e+00,-3.118467607443317746e+00,-3.179318088810559662e+00,-3.220033697028795938e+00,-3.249250593877643034e+00,-3.271295966473549477e+00,-3.288577177793147843e+00,-3.302539610425696992e+00,-3.314102735194390803e+00,-3.323878393293715927e+00,-3.332288448347696885e+00,-3.339632101815076304e+00,-3.346126375006060361e+00,-3.351931521477648612e+00,-3.357167598592770474e+00,-3.361925652305806533e+00,-3.366275503833968674e+00,-3.370271318214796086e+00,-3.373955672557467977e+00,-3.377362571047499262e+00,-3.380519693146421645e+00,-3.383450065983651278e+00,-3.386173295379154347e+00
-5.366938338113206086e+00,-5.358500573670331946e+00,-5.349117315506199510e+00,-5.338668636647018850e+00,-5.327015865087395774e+00,-5.313997615279374642e+00,-5.299424647770733188e+00,-5.283073112814501648e+00,-5.264675534171050941e+00,-5.243908585010437662e+00,-5.220376233930065446e+00,-5.193586083331391379e+00,-5.162915484461642279e+00,-5.127561924142470140e+00,-5.052303449935001467e+00,-4.955293857800367796e+00,-4.851405667125921362e+00,-4.740212767340373112e+00,-4.621309185963049515e+00,-4.494322219636620375e+00,-4.358927375515391667e+00,-4.214864764930583263e+00,-4.061956321962135519e+00,-3.900122898565219209e+00,-3.729399936688119421e+00,-3.549950075199557187e+00,-3.362070772681513109e+00,-3.166194888583942824e+00,-3.116588695303371015e+00,-3.178914718079876245e+00,-3.220274665693146687e+00,-3.249789026517690971e+00,-3.271971649898204770e+00,-3.289311938183390183e+00,-3.303294821686504346e+00,-3.314860123747799925e+00,-3.324630609223097721e+00,-3.333034095107611172e+00,-3.340372945708932839e+00,-3.346865686758581759e+00,-3.352673043658754182e+00,-3.357914885918907633e+00,-3.362681655290983507e+00,-3.367042327039351690e+00,-3.371050113083107203e+00,-3.374746636766022156e+00,-3.378165029904571792e+00,-3.381332238883083541e+00,-3.384270730954426654e+00,-3.386999736793134375e+00
-5.367257714767377230e+00,-5.358896962774786665e+00,-5.349591385324718118e+00,-5.339220812480078848e+00,-5.327646500969851928e+00,-5.314707293501706786e+00,-5.300214664946383714e+00,-5.283946237094159670e+00,-5.265637157431184434e+00,-5.244968454874308961e+00,-5.221551048020743657e+00,-5.194903388411136191e+00,-5.164419594100047917e+00,-5.129323041194236765e+00,-5.088597114638499619e+00,-4.998022258098108850e+00,-4.892888585606561591e+00,-4.780045924062826579e+00,-4.659030493152548580e+00,-4.529410555315464215e+00,-4.390803443042992527e+00,-4.242894648695674675e+00,-4.085458345595885277e+00,-3.918378312347266856e+00,-3.741667778736238681e+00,-3.555486245388819633e+00,-3.360150921524045042e+00,-3.156140171191961663e+00,-3.114613416278940505e+00,-3.178489050339244226e+00,-3.220513552259411050e+00,-3.250329420615424070e+00,-3.272648179676254987e+00,-3.290045010036728446e+00,-3.304045791354070172e+00,-3.315611257316939398e+00,-3.325375317884368798e+00,-3.333771813779728088e+00,-3.341106261555447432e+00,-3.347598627009966243e+00,-3.353410001389321771e+00,-3.358659927193683448e+00,-3.363438079237298872e+00,-3.367812412498278007e+00,-3.371835013613307730e+00,-3.375546395999656557e+00,-3.378978690751543557e+00,-3.382158018610015748e+00,-3.385106233329399306e+00,-3.387842174116272087e+00
-5.367693798447648490e+00,-5.359421257967417418e+00,-5.350205290282100457e+00,-5.339925439516386874e+00,-5.328442820185194329e+00,-5.315596397625943048e+00,-5.301198212018621625e+00,-5.285027152220044044e+00,-5.266820711671027944e+00,-5.246263896078183997e+00,-5.222974048425482074e+00,-5.196479720593714546e+00,-5.166190693291826008e+00,-5.131354538440273672e+00,-5.090992188412657882e+00,-5.042837693982925806e+00,-4.936522384205317415e+00,-4.822069994772650858e+00,-4.698950610678017448e+00,-4.566663953257765307e+00,-4.424758671549352762e+00,-4.272854466356789338e+00,-4.110666446802651919e+00,-3.938030634221889148e+00,-3.754928948157433499e+00,-3.561511382004405313e+00,-3.358112487525256817e+00,-3.145258862665552879e+00,-3.112536048639776176e+00,-3.178040877202578773e+00,-3.220750895015747517e+00,-3.250872057761924783e+00,-3.273325389272624619e+00,-3.290775791448868226e+00,-3.304791552938401100e+00,-3.316354896063460789e+00,-3.326111107584253990e+00,-3.334500128298595101e+00,-3.341830617990314334e+00,-3.348323913776014571e+00,-3.354141355027895344e+00,-3.359401998749957485e+00,-3.364194564245882368e+00,-3.368585782015511398e+00,-3.372626410830902532e+00,-3.376355670781878704e+00,-3.379804543032911113e+00,-3.382998217650423189e+00,-3.385957877657585602e+00,-3.388701958723430607e+00
-5.368243410659434112e+00,-5.360070436183942633e+00,-5.350956206852708341e+00,-5.340779937459559257e+00,-5.329402526779259297e+00,-5.316662952106955942e+00,-5.302373662304619373e+00,-5.286314598912683849e+00,-5.268225312217474254e+00,-5.247794394845849197e+00,-5.224645081540435498e+00,-5.198315278883872459e+00,-5.168229350836221592e+00,-5.133657439338169759e+00,-5.093655467863474229e+00,-5.046974339000524168e+00,-4.982447058075814006e+00,-4.866441071936771223e+00,-4.741240239666669964e+00,-4.606264759312561630e+00,-4.460982223775601163e+00,-4.304933120252997014e+00,-4.137759607887613100e+00,-3.959236472545075269e+00,-3.769302423807893376e+00,-3.568089064429342372e+00,-3.355944027795612516e+00,-3.133444104551422971e+00,-3.110350588843842079e+00,-3.177570238789896084e+00,-3.220987482247565037e+00,-3.251417398175883378e+00,-3.274003214275402307e+00,-3.291503711548530386e+00,-3.305531107375039745e+00,-3.317089713250492622e+00,-3.326836437275793035e+00,-3.335217405609038011e+00,-3.342544416390333062e+00,-3.349040106245911197e+00,-3.354865932691718289e+00,-3.360140286637043339e+00,-3.364950712569280356e+00,-3.369362476079682978e+00,-3.373424768247831995e+00,-3.377175299112305407e+00,-3.380643725532949340e+00,-3.383854187447282946e+00,-3.386827136723974174e+00,-3.389580599997983335e+00
-5.368903104925571768e+00,-5.360841209289266551e+00,-5.351841056005437025e+00,-5.341781487765396186e+00,-5.330523112385824547e+00,-5.317904804040823663e+00,-5.303739256335428642e+00,-5.287807239085424271e+00,-5.269850058389136116e+00,-5.249559491904896014e+00,-5.226564124784558452e+00,-5.200410473304071246e+00,-5.170536426030070132e+00,-5.136233129719952828e+00,-5.096589080586776177e+00,-5.050406049462000446e+00,-4.996068970705958456e+00,-4.913327318240529706e+00,-4.786085290672223103e+00,-4.648413696655276262e+00,-4.499684521099737822e+00,-4.339342916668747385e+00,-4.166941028554148829e+00,-3.982175398065546545e+00,-3.784925979840031651e+00,-3.575293708433183060e+00,-3.353632382234686737e+00,-3.120569597594957667e+00,-3.108050759691959986e+00,-3.177077493766127247e+00,-3.221224415007866604e+00,-3.251966131245429104e+00,-3.274681731061108270e+00,-3.292228257436681460e+00,-3.306263438163355328e+00,-3.317814298787064686e+00,-3.327549629438824041e+00,-3.335921839812501677e+00,-3.343245869273113957e+00,-3.349745581273477324e+00,-3.355582409051254711e+00,-3.360873871624847187e+00,-3.365706082697330626e+00,-3.370142558293756085e+00,-3.374230636056804844e+00,-3.378006258197375544e+00,-3.381497552342834556e+00,-3.384727472164780870e+00,-3.387715675614565214e+00,-3.390479784626320825e+00
-5.369669135622197054e+00,-5.361729989619826497e+00,-5.352856465750000403e+00,-5.342926993639607325e+00,-5.331801814253099181e+00,-5.319319579880112059e+00,-5.305293057925871913e+00,-5.289503611834753372e+00,-5.271693989746107256e+00,-5.251558738976612517e+00,-5.228731242842014737e+00,-5.202765879886225520e+00,-5.173113020973524101e+00,-5.139083305890760123e+00,-5.099795509845304053e+00,-5.054098622589805245e+00,-5.000452137795871721e+00,-4.936736129381540827e+00,-4.833688257603868443e+00,-4.693331918008271764e+00,-4.541100031448434216e+00,-4.376323060898815953e+00,-4.198442160230957398e+00,-4.007054147667280297e+00,-3.801959923363493754e+00,-3.583212885956783111e+00,-3.351162289594962207e+00,-3.106484931976397856e+00,-3.105630024933815125e+00,-3.176563404346675945e+00,-3.221463183222535331e+00,-3.252519237791136053e+00,-3.275361205701790901e+00,-3.292949009699895679e+00,-3.306987533060205209e+00,-3.318527166960838937e+00,-3.328248864584644195e+00,-3.336611435455262065e+00,-3.343932975800257612e+00,-3.350438505743259299e+00,-3.356289279842911810e+00,-3.361601710894366768e+00,-3.366460182005860613e+00,-3.370926120694067052e+00,-3.375044668408785586e+00,-3.378849690801451366e+00,-3.382367544015441485e+00,-3.385619840051570684e+00,-3.388625379356874134e+00,-3.391401397895013048e+00
-5.370537425008700794e+00,-5.362732853231221064e+00,-5.353998730914456772e+00,-5.344213036847517806e+00,-5.333235569762473816e+00,-5.320904638465744796e+00,-5.307032906566171881e+00,-5.291402085959142632e+00,-5.273756039273810536e+00,-5.253791652772600074e+00,-5.231146542090489682e+00,-5.205382194551109620e+00,-5.175960432388028387e+00,-5.142209922670360811e+00,-5.103277537771201189e+00,-5.058056074627836018e+00,-5.005073978479487984e+00,-4.942321847207127306e+00,-4.866969361677541350e+00,-4.741263296271014838e+00,-4.585490473510531295e+00,-4.416143770871920893e+00,-4.232527553569187972e+00,-4.034111770432034838e+00,-3.820591748579952096e+00,-3.591950258147622588e+00,-3.348515888836131715e+00,-3.091009498482470974e+00,-3.103081611718215171e+00,-3.176029239014522609e+00,-3.221705757625543232e+00,-3.253078066467517626e+00,-3.276042155505009212e+00,-3.293665688795557767e+00,-3.307702414394537715e+00,-3.319226770019867878e+00,-3.328932178476655235e+00,-3.337283990376686216e+00,-3.344603494133765675e+00,-3.351116804040486841e+00,-3.356984831090929156e+00,-3.362322615523601232e+00,-3.367212457520004421e+00,-3.371713290134375818e+00,-3.375867644546617807e+00,-3.379706937363611718e+00,-3.383255465095729608e+00,-3.386533320484812037e+00,-3.389558384592425089e+00,-3.392347546947044989e+00
-5.371503528393559712e+00,-5.363845500705865632e+00,-5.355263769910934890e+00,-5.345635830991002813e+00,-5.334820966999112457e+00,-5.322657019857177652e+00,-5.308956365568668900e+00,-5.293500808429541848e+00,-5.276034982954210584e+00,-5.256257666014953145e+00,-5.233810122811572541e+00,-5.208260185538598819e+00,-5.179080102630015503e+00,-5.145615141002151560e+00,-5.107038188044986882e+00,-5.062282650949602392e+00,-5.009940755542474200e+00,-4.948104817986121340e+00,-4.874110767810325484e+00,-4.784106161016959291e+00,-4.633148508222734385e+00,-4.459111139227018406e+00,-4.269500716326726675e+00,-4.063625971947833371e+00,-3.841041980884348117e+00,-3.601629319645327953e+00,-3.345672063852572098e+00,-3.073924450691539523e+00,-3.100398542429548154e+00,-3.175476896080507316e+00,-3.221954700380008418e+00,-3.253644427131244576e+00,-3.276725426065078217e+00,-3.294378215162553580e+00,-3.308407180658199831e+00,-3.319911519829740421e+00,-3.329597463627959275e+00,-3.337937078837322158e+00,-3.345254910484011024e+00,-3.351778119734936556e+00,-3.357667101772133122e+00,-3.363035222603000474e+00,-3.367962284181061250e+00,-3.372504235943342366e+00,-3.376700494791870621e+00,-3.380579575354528465e+00,-3.384163369520219344e+00,-3.387470247786418476e+00,-3.390517115729235975e+00,-3.393320585785579713e+00
-5.372562597400925455e+00,-5.365063215385519335e+00,-5.356647078238315984e+00,-5.347191170877599653e+00,-5.336554190879882142e+00,-5.324573389366241472e+00,-5.311060665309980777e+00,-5.295797648134924707e+00,-5.278529385084424597e+00,-5.258956074924551416e+00,-5.236722028739926316e+00,-5.211400644052273101e+00,-5.182473569623875953e+00,-5.149301274825969443e+00,-5.111080667609421369e+00,-5.066782762506039539e+00,-5.015058789679741835e+00,-4.954094769162940892e+00,-4.881378702616934184e+00,-4.793312851738012803e+00,-4.684402002793955688e+00,-4.505572906383773280e+00,-4.309711236149529334e+00,-4.095920996116822366e+00,-3.863571582467423493e+00,-3.612398229210165290e+00,-3.342605571619715832e+00,-3.054961949678862698e+00,-3.097573677568662642e+00,-3.174909051616099376e+00,-3.222213297609963778e+00,-3.254220704447201573e+00,-3.277412287260410118e+00,-3.295086786578549809e+00,-3.309101062769293833e+00,-3.320579820577089780e+00,-3.330242477288338332e+00,-3.338568036100838299e+00,-3.345884404865923756e+00,-3.352419770477809369e+00,-3.358333838336554855e+00,-3.363737960446045339e+00,-3.368708949775699235e+00,-3.373299179097934974e+00,-3.377544332680576300e+00,-3.381469467785034322e+00,-3.385093655769610077e+00,-3.388433313094749266e+00,-3.391504325960006394e+00,-3.394323141542425315e+00
-5.373709341335437095e+00,-5.366380818911463457e+00,-5.358143678467620852e+00,-5.348874377576880335e+00,-5.338430964283809033e+00,-5.326649976109907314e+00,-5.313342640795032601e+00,-5.298290134100255955e+00,-5.281237538581342150e+00,-5.261885982523271998e+00,-5.239882193448308634e+00,-5.214804332770646589e+00,-5.186142415473912415e+00,-5.153270736983063038e+00,-5.115408307064454263e+00,-5.071560919581232341e+00,-5.020434390681743686e+00,-4.960301140905111872e+00,-4.888788501900174666e+00,-4.802529962857976287e+00,-4.696563917552741607e+00,-4.555925349661164248e+00,-4.353563499808495330e+00,-4.131377499150421961e+00,-3.888491430632117218e+00,-3.624436114569147716e+00,-3.339285866701743544e+00,-3.033790556285284712e+00,-3.094599771391335352e+00,-3.174329335675754482e+00,-3.222485717422105544e+00,-3.254809995461436678e+00,-3.278104552251050130e+00,-3.295791977073304402e+00,-3.309783499326278466e+00,-3.321230116463796733e+00,-3.330864859033120684e+00,-3.339173946321432052e+00,-3.346488813905181381e+00,-3.353038695034168626e+00,-3.358982439102327078e+00,-3.364429004864226247e+00,-3.369451635358271968e+00,-3.374098403187741901e+00,-3.378400494944215016e+00,-3.382378823363485054e+00,-3.386049134158186646e+00,-3.389425625776254503e+00,-3.392523143374198469e+00,-3.395358141100254468e+00
-5.374937986687560176e+00,-5.367792623984378508e+00,-5.359748066460713112e+00,-5.350680238731483129e+00,-5.340446483564273095e+00,-5.328882505291892890e+00,-5.315798662630514038e+00,-5.300975387215763668e+00,-5.284157399353044404e+00,-5.265046236963041082e+00,-5.243290382978925024e+00,-5.218471931849758327e+00,-5.190088213545738682e+00,-5.157525983995066454e+00,-5.120024499477736413e+00,-5.076621662333188567e+00,-5.026073782044220728e+00,-4.966733018842374392e+00,-4.896354568304192689e+00,-4.811782303510697467e+00,-4.708413663488841827e+00,-4.579239529567782796e+00,-4.401527445233738511e+00,-4.170445032426189691e+00,-3.916174582030861107e+00,-3.637961407222247701e+00,-3.335675493565153360e+00,-3.009995060671230682e+00,-3.091469541969864121e+00,-3.173742541072904988e+00,-3.222777197301653906e+00,-3.255416275313970598e+00,-3.278804724196299425e+00,-3.296494862619963495e+00,-3.310454236302232456e+00,-3.321860959597403351e+00,-3.331462162301781493e+00,-3.339751636590467143e+00,-3.347064591598092775e+00,-3.353631391380863302e+00,-3.359609886069395035e+00,-3.365106223805834240e+00,-3.370189389524658630e+00,-3.374902267468224082e+00,-3.379270591574203841e+00,-3.383310271589035523e+00,-3.387033109281309073e+00,-3.390450786048612386e+00,-3.393577122072188867e+00,-3.396428836492550118e+00
-5.376242234882160353e+00,-5.369292384300318410e+00,-5.361454153589879645e+00,-5.352602943668197000e+00,-5.342595347752041590e+00,-5.331266123301180215e+00,-5.318424560326985961e+00,-5.303850044317046653e+00,-5.287286513613511651e+00,-5.268435363916416314e+00,-5.246946134008656060e+00,-5.222403981992237654e+00,-5.194312473830797749e+00,-5.162069459633684687e+00,-5.124932637435193783e+00,-5.081969487656582629e+00,-5.031983018166394039e+00,-4.973399052632328399e+00,-4.904090327378439085e+00,-4.821092567958489283e+00,-4.720127068056426012e+00,-4.594756799027336136e+00,-4.434800045246875655e+00,-4.213657981368075234e+00,-3.947072332923457605e+00,-3.653243017569671736e+00,-3.331727853262708372e+00,-2.983048113535649026e+00,-3.088175757135599220e+00,-3.173154869234851017e+00,-3.223094264970874701e+00,-3.256044595648543094e+00,-3.279516176091949564e+00,-3.297197179852546789e+00,-3.311113457992613363e+00,-3.322471104898141903e+00,-3.332031905916507331e+00,-3.340297681466316337e+00,-3.347607769867839256e+00,-3.354193844980689398e+00,-3.360212661150387969e+00,-3.365767106752984628e+00,-3.370921094209051283e+00,-3.375711222299440983e+00,-3.380156568947139561e+00,-3.384266957142544552e+00,-3.388049481451904210e+00,-3.391512970610853106e+00,-3.394670297596363628e+00,-3.397538826484280072e+00
-5.377615218453413171e+00,-5.370873241683819188e+00,-5.363255204760298156e+00,-5.354636012842995285e+00,-5.344871480686920862e+00,-5.333795314576770252e+00,-5.321215536645751421e+00,-5.306910173206023984e+00,-5.290621936752633481e+00,-5.272051491825092917e+00,-5.250848686663454501e+00,-5.226600824077319629e+00,-5.198816586419396479e+00,-5.166903537274402325e+00,-5.130136048247504021e+00,-5.087608771952757181e+00,-5.038167893250493634e+00,-4.980307359176616266e+00,-4.912008155395724884e+00,-4.830481371876969021e+00,-4.731741247601480183e+00,-4.609861288092906406e+00,-4.455600506072502576e+00,-4.253675064582434828e+00,-3.981735529706284193e+00,-3.670615554995082519e+00,-3.327384047214185792e+00,-2.952269494294164076e+00,-3.084711337312131985e+00,-3.172574217774651650e+00,-3.223444996830243436e+00,-3.256701320531686594e+00,-3.280243369764502592e+00,-3.297901525167300729e+00,-3.311761957635595888e+00,-3.323059640878489596e+00,-3.332571653877510087e+00,-3.340808424449966285e+00,-3.348113922293979083e+00,-3.354721446857312106e+00,-3.360786643235635029e+00,-3.366408674052388417e+00,-3.371645418666429084e+00,-3.376525827211152464e+00,-3.381060790003198147e+00,-3.385252659409586418e+00,-3.389102871973568298e+00,-3.392617033041547714e+00,-3.395807244946261072e+00,-3.398692070183588321e+00
-5.379049455934234558e+00,-5.372527670530592658e+00,-5.365143772096757857e+00,-5.356772221160041703e+00,-5.347268045248265267e+00,-5.336463809033001660e+00,-5.324166071463912076e+00,-5.310151176890757441e+00,-5.294160142031693717e+00,-5.275892268484832393e+00,-5.254996910857856918e+00,-5.231062534722690671e+00,-5.203601762902766659e+00,-5.172030461104526466e+00,-5.135637927320548357e+00,-5.093543689423000842e+00,-5.044633840918528733e+00,-4.987465409022614260e+00,-4.920119277860364626e+00,-4.839967234129540330e+00,-4.743289273736239764e+00,-4.624616073597396237e+00,-4.475535243630194060e+00,-4.282370475463782356e+00,-4.021258920433958828e+00,-3.690500422164856964e+00,-3.322568330196335129e+00,-2.916766246821570707e+00,-3.081069475450658679e+00,-3.172010514297474160e+00,-3.223839317861146192e+00,-3.257394404720946657e+00,-3.280992120567649550e+00,-3.298611602695283196e+00,-3.312401357953976611e+00,-3.323626167662955044e+00,-3.333079134742617633e+00,-3.341280025948524468e+00,-3.348578136856499743e+00,-3.355208902221102463e+00,-3.361326981993023821e+00,-3.367027359726130875e+00,-3.372360756809462679e+00,-3.377346771670524994e+00,-3.381986136874691962e+00,-3.386271945002752304e+00,-3.390198778347853992e+00,-3.393768620351829135e+00,-3.396993135646450668e+00,-3.399892886193979002e+00
-5.380536805884209350e+00,-5.374247419798440895e+00,-5.367111624249971236e+00,-5.359003514738322593e+00,-5.349777348798860466e+00,-5.339264478671698733e+00,-5.327269813343719740e+00,-5.313567684933960145e+00,-5.297896916932890221e+00,-5.279954767020915263e+00,-5.259389224704191790e+00,-5.235788856964619598e+00,-5.208668975495041487e+00,-5.177452286332616893e+00,-5.141441269789136292e+00,-5.099778125504531801e+00,-5.051385823398342190e+00,-4.994879894103529949e+00,-4.928433636944020257e+00,-4.849566504875313377e+00,-4.754800320668140401e+00,-4.639076556163515441e+00,-4.494715670575112121e+00,-4.309434668317924988e+00,-4.062250216586181573e+00,-3.714064560952131888e+00,-3.317181415889935980e+00,-2.875342321124050304e+00,-3.077243772981602898e+00,-3.171476100491844363e+00,-3.224289346221154595e+00,-3.258133718782785238e+00,-3.281769914572976621e+00,-3.299332530674323305e+00,-3.313034393857951176e+00,-3.324171036625587217e+00,-3.333552415819903469e+00,-3.341708551646817238e+00,-3.348995007438722915e+00,-3.355650132616790682e+00,-3.361827944082208308e+00,-3.367618859168054701e+00,-3.373065140839702547e+00,-3.378174898252342295e+00,-3.382936143315501631e+00,-3.387330363972038239e+00,-3.391343766990228215e+00,-3.394974306026549815e+00,-3.398233787302674003e+00,-3.401145927320365470e+00
-5.382068420652889706e+00,-5.376023452955708493e+00,-5.369149671418891323e+00,-5.361320920774891086e+00,-5.352390738925087099e+00,-5.342189221832847501e+00,-5.330519456656954702e+00,-5.317153429318961955e+00,-5.301827244421103202e+00,-5.284235378741509948e+00,-5.264023503078144373e+00,-5.240779124973156122e+00,-5.214018893600254501e+00,-5.183170818620057574e+00,-5.147548800600450392e+00,-5.106315585029923554e+00,-5.058428208868016362e+00,-5.002556574446563431e+00,-4.936959725269199240e+00,-4.859293239450575008e+00,-4.766299713880404632e+00,-4.653291037047167400e+00,-4.513238446654464830e+00,-4.335072656563499827e+00,-4.100256511479988042e+00,-3.775160910997796382e+00,-3.311090372886044797e+00,-2.840795656071285258e+00,-3.073228388699028368e+00,-3.170986169597146187e+00,-3.224809784532084223e+00,-3.258931424666350551e+00,-3.282586284844057012e+00,-3.300071216528229101e+00,-3.313665271564494308e+00,-3.324695669481953608e+00,-3.333990152369272320e+00,-3.342090121324215346e+00,-3.349358659931954030e+00,-3.356038178709241926e+00,-3.362282728024702294e+00,-3.368177930410804599e+00,-3.373756120773210743e+00,-3.379011227134655737e+00,-3.383915167005513869e+00,-3.388434704321335644e+00,-3.392545712638570965e+00,-3.396241737523006510e+00,-3.399535694024049981e+00,-3.402456115682385818e+00
-5.383634700692610409e+00,-5.377845886523419772e+00,-5.371247886390040804e+00,-5.363714450289543301e+00,-5.355098488567496595e+00,-5.345228833366954646e+00,-5.333906601731457364e+00,-5.320901101649743836e+00,-5.305945165640449268e+00,-5.288729689598102190e+00,-5.268896973793665950e+00,-5.246032181327894506e+00,-5.219651817430868590e+00,-5.189187553023766775e+00,-5.153962903312348409e+00,-5.113159094587266473e+00,-5.065764635137692373e+00,-5.010500100747108831e+00,-4.945704382448058212e+00,-4.869159016037459153e+00,-4.777808885205867995e+00,-4.667301103875296064e+00,-4.531187111638437237e+00,-4.359459943912992408e+00,-4.135673502994363204e+00,-3.830726800508648111e+00,-3.387725842666822196e+00,-2.817543061936744309e+00,-3.069018194528127186e+00,-3.170559258703852912e+00,-3.225418357820033943e+00,-3.259802403638325963e+00,-3.283453252471051798e+00,-3.300836811226588452e+00,-3.314300120198004684e+00,-3.325202978408044796e+00,-3.334391938049489301e+00,-3.342421146491042716e+00,-3.349662838172361656e+00,-3.356365118305411510e+00,-3.362683246311310548e+00,-3.368698134415798684e+00,-3.374430594460308797e+00,-3.379856979318303534e+00,-3.384928615583890910e+00,-3.389593324913342975e+00,-3.393814095075713411e+00,-3.397579791348890321e+00,-3.400906017723379637e+00,-3.403828515599987892e+00
-5.385225250503528294e+00,-5.379703928143461766e+00,-5.373395222182529629e+00,-5.366172993758096865e+00,-5.357889669717121883e+00,-5.348372858870910740e+00,-5.337421595060448887e+00,-5.324802187779155815e+00,-5.310243619620099942e+00,-5.293432335965705171e+00,-5.274006097961573936e+00,-5.251546284814875065e+00,-5.225567608088107718e+00,-5.195503612796910531e+00,-5.160685547934910744e+00,-5.120311098357059443e+00,-5.073397857221296547e+00,-5.018713808670859144e+00,-4.954672549476668131e+00,-4.879172693587686460e+00,-4.789345236861435318e+00,-4.681141847271588219e+00,-4.548633312598776790e+00,-4.382746769118818442e+00,-4.168834069716952584e+00,-3.881573802647988902e+00,-3.473026351592167327e+00,-2.840010347252018175e+00,-3.064608927834582719e+00,-3.170217794809194078e+00,-3.226136294929255577e+00,-3.260764735647642354e+00,-3.284385836070900844e+00,-3.301641252898252166e+00,-3.314947553180950912e+00,-3.325697912406284207e+00,-3.334758789743822227e+00,-3.342698696167023975e+00,-3.349901089121132713e+00,-3.356622027406575448e+00,-3.363019879424378189e+00,-3.369171496547743061e+00,-3.375084565287338467e+00,-3.380713593067014244e+00,-3.385983245416126053e+00,-3.390816594369227666e+00,-3.395160364274429909e+00,-3.398998719319350936e+00,-3.402352506566614920e+00,-3.405268111031211742e+00
-5.386828837620497801e+00,-5.381585815485302682e+00,-5.375579527282956072e+00,-5.368684209983839217e+00,-5.360752015043114937e+00,-5.351609431049946686e+00,-5.341053346162051518e+00,-5.328846775089330912e+00,-5.314714254345418887e+00,-5.298336834089308667e+00,-5.279346429882209257e+00,-5.257319005888868801e+00,-5.231765613203838150e+00,-5.202119688436694922e+00,-5.167718218182279166e+00,-5.127773346352553219e+00,-5.081329575403611187e+00,-5.027199479268331217e+00,-4.963866974350314543e+00,-4.889340104698393752e+00,-4.800921914821691949e+00,-4.694841925141939321e+00,-4.565637694372984612e+00,-4.405061389943016437e+00,-4.200019299440746146e+00,-3.928368161369915068e+00,-3.549414551880912150e+00,-2.979250406802135931e+00,-3.059997323847390760e+00,-3.169988689859011277e+00,-3.226988845647396520e+00,-3.261840224790768961e+00,-3.285402629959251808e+00,-3.302499907739504081e+00,-3.315619356913985349e+00,-3.326188158081362367e+00,-3.335093806969458896e+00,-3.342921043662557157e+00,-3.350067107555453561e+00,-3.356799034948629856e+00,-3.363281220182775311e+00,-3.369588069467592373e+00,-3.375712794072152079e+00,-3.381582722666658380e+00,-3.387087558776602503e+00,-3.392117473657759952e+00,-3.396598382779389969e+00,-3.400510251276692042e+00,-3.403883284457208891e+00,-3.406779440030681894e+00
-5.388433356441124644e+00,-5.383478757782692803e+00,-5.377787459985948537e+00,-5.371234409062822124e+00,-5.363671767171585891e+00,-5.354925086305512671e+00,-5.344789117230218878e+00,-5.333023326619769300e+00,-5.319347201990414220e+00,-5.303435375702173715e+00,-5.284912450108893545e+00,-5.263347105761726930e+00,-5.238244586762963451e+00,-5.209035977385941152e+00,-5.175061838501465949e+00,-5.135546773417229538e+00,-5.089560238987063556e+00,-5.035957057771318190e+00,-4.973287859926269761e+00,-4.899663676025769021e+00,-4.812547489918292953e+00,-4.708423487591519851e+00,-4.582250507788068639e+00,-4.426512608527918502e+00,-4.229466970367303347e+00,-3.971661018269885268e+00,-3.618322570140444228e+00,-3.100503313251210535e+00,-3.055181203266529533e+00,-3.169903974878360842e+00,-3.228005819335669546e+00,-3.263054959043635961e+00,-3.286526445549631692e+00,-3.303432312389986691e+00,-3.316331322793585556e+00,-3.326685024360735099e+00,-3.335403051894018756e+00,-3.343088462245493719e+00,-3.350155329959616513e+00,-3.356885560865406681e+00,-3.363453855723933739e+00,-3.369935380789011781e+00,-3.376308297323471930e+00,-3.382466198816895364e+00,-3.388252332637505582e+00,-3.393512292772420391e+00,-3.398144944929265776e+00,-3.402127584603020782e+00,-3.405506419437655197e+00,-3.408366020898681015e+00
-5.390025799148580710e+00,-5.385368882382940647e+00,-5.380004404055342526e+00,-5.373808431022689014e+00,-5.366633515928841192e+00,-5.358304559885783469e+00,-5.348614281342785048e+00,-5.337318415057683119e+00,-5.324130809123451158e+00,-5.308718579835327134e+00,-5.290697362903305390e+00,-5.269626393349710725e+00,-5.245002600987623609e+00,-5.216252124776959320e+00,-5.182716701185603014e+00,-5.143631366419956663e+00,-5.098088818774844100e+00,-5.044984320004648026e+00,-4.982932441882478081e+00,-4.910141966247651979e+00,-4.824225543218818579e+00,-4.721901972898273847e+00,-4.598511980428584778e+00,-4.447191694629250236e+00,-4.257378103250885282e+00,-4.011911036474066883e+00,-3.680899733787339922e+00,-3.207165632043664782e+00,-3.050159478404419477e+00,-3.170001456471554402e+00,-3.229222122101732317e+00,-3.264439883129123032e+00,-3.287785001878863689e+00,-3.304463015345017851e+00,-3.317104234913160088e+00,-3.327204539573419773e+00,-3.335696698142101457e+00,-3.343204350614192411e+00,-3.350161905871409385e+00,-3.356870892379086424e+00,-3.363522293172712896e+00,-3.370197765682076074e+00,-3.376861628096909929e+00,-3.383365912998681058e+00,-3.389491316778521224e+00,-3.395021785515093260e+00,-3.399820347158013956e+00,-3.403865124099839878e+00,-3.407229122338898186e+00,-3.410029486391407350e+00
-5.391592236496871138e+00,-5.387241189403665587e+00,-5.382214388820133699e+00,-5.376389522721386705e+00,-5.369620024795339397e+00,-5.361730558495617416e+00,-5.352512044797313351e+00,-5.341716408311153685e+00,-5.329051310201288416e+00,-5.314175187474670103e+00,-5.296692845874019007e+00,-5.276151551767416237e+00,-5.252036947032928005e+00,-5.223767165534185075e+00,-5.190682393729759703e+00,-5.152026015651951063e+00,-5.106912538156795023e+00,-5.054276471277435512e+00,-4.992794480294975301e+00,-4.920769108432661909e+00,-4.835954150601835089e+00,-4.735285783655416303e+00,-4.614452488626621829e+00,-4.467173831479582802e+00,-4.283922042044375544e+00,-4.049501513184517343e+00,-3.738078103059959467e+00,-3.301845010363786415e+00,-3.044932025196347869e+00,-3.170325370300212331e+00,-3.230678258059135555e+00,-3.266031350470486760e+00,-3.289211638293584095e+00,-3.305622504468851197e+00,-3.317965019294432327e+00,-3.327768785284388464e+00,-3.335990491968674476e+00,-3.343276772262226970e+00,-3.350086218223048196e+00,-3.356745360056548666e+00,-3.363469252389143183e+00,-3.370355634499719866e+00,-3.377359869107457779e+00,-3.384283561557124287e+00,-3.390822126122450264e+00,-3.396672453966880667e+00,-3.401648921303566109e+00,-3.405737707338117648e+00,-3.409056342417589480e+00,-3.411768333680111009e+00
-5.393117811786809490e+00,-5.389079518425745619e+00,-5.384400017946862071e+00,-5.378959216954820377e+00,-5.372612049218826513e+00,-5.365183510324325056e+00,-5.356463129314895433e+00,-5.346199097081237639e+00,-5.334092429578188188e+00,-5.319791681173134279e+00,-5.302888734679692462e+00,-5.282915922262686692e+00,-5.259344019496290379e+00,-5.231579467999260658e+00,-5.198957726299741289e+00,-5.160728344176309434e+00,-5.116026547858859352e+00,-5.063825656314240753e+00,-5.002863642487415774e+00,-4.931534139861910582e+00,-4.847725260163603167e+00,-4.748575852270333186e+00,-4.630092566487105543e+00,-4.486519187818812426e+00,-4.309240409802803207e+00,-4.084753447842026652e+00,-3.790620119979002389e+00,-3.386576270222193319e+00,-3.039499346664943591e+00,-3.170926995709511420e+00,-3.232420745731450662e+00,-3.267871602733826819e+00,-3.290846003550947252e+00,-3.306948191339519116e+00,-3.318948050579834330e+00,-3.328407485636275975e+00,-3.336307556076681724e+00,-3.343320471452147835e+00,-3.349933153524192075e+00,-3.356502541978799936e+00,-3.363276783494903555e+00,-3.370384849194266952e+00,-3.377785309572565176e+00,-3.385220155038365153e+00,-3.392267272912155907e+00,-3.398498314514378560e+00,-3.403659295018439668e+00,-3.407758800300313418e+00,-3.410988414012157577e+00,-3.413576225108297724e+00
-5.394586751941129243e+00,-5.390866532091739494e+00,-5.386542412502397070e+00,-5.381497219515847696e+00,-5.375588151466342168e+00,-5.368641294262902264e+00,-5.360445410679679945e+00,-5.350745253751242103e+00,-5.339234893543605587e+00,-5.325551805587545928e+00,-5.309272618592638437e+00,-5.289911227756897816e+00,-5.266919177010281672e+00,-5.239686678964861066e+00,-5.207540658679090662e+00,-5.169734505326971430e+00,-5.125423522120669872e+00,-5.073620349665900697e+00,-5.013124746904600748e+00,-4.942420197906407076e+00,-4.859523955530125505e+00,-4.761765106835881944e+00,-4.645442787987880351e+00,-4.505273706438762460e+00,-4.333450210242573597e+00,-4.117935616702381729e+00,-3.839153761159948886e+00,-3.462969532344011725e+00,-3.033861923892562817e+00,-3.171865184012276018e+00,-3.234502383383783819e+00,-3.270009102737680085e+00,-3.292734648552302357e+00,-3.308485397488382329e+00,-3.320096597126636517e+00,-3.329159868050276749e+00,-3.336680549295076847e+00,-3.343359361907518590e+00,-3.349716284338238204e+00,-3.356143160374979395e+00,-3.362929144347030164e+00,-3.370256661524333008e+00,-3.378113989633708236e+00,-3.386175216406042132e+00,-3.393854973702429501e+00,-3.400542973505161992e+00,-3.405883786632318166e+00,-3.409936655587500365e+00,-3.413017305094237841e+00,-3.415439896854381541e+00
-5.395982400142885105e+00,-5.392583722488250686e+00,-5.388621175530889928e+00,-5.383981312234764616e+00,-5.378524519538449233e+00,-5.372078952984101541e+00,-5.364433512323416586e+00,-5.355330111432814455e+00,-5.344455829650400780e+00,-5.331435956684041244e+00,-5.315829312410603968e+00,-5.297127209364731470e+00,-5.274756566844637895e+00,-5.248085669527341679e+00,-5.216428225202671243e+00,-5.179038932882632729e+00,-5.135093142870123195e+00,-5.083644582808803492e+00,-5.023556827272297021e+00,-4.953403555747114773e+00,-4.871327599006223252e+00,-4.774837852618467160e+00,-4.660503561595812805e+00,-4.523469692752175142e+00,-4.356646293086960497e+00,-4.149272423690491429e+00,-3.884198820074507896e+00,-3.532313951479692626e+00,-3.039856766849019731e+00,-3.173206741365306005e+00,-3.236982278134082236e+00,-3.272498618499729339e+00,-3.294931411894021167e+00,-3.310288246305419957e+00,-3.321464359719555670e+00,-3.330076818241996861e+00,-3.337154198460617227e+00,-3.343429361258738908e+00,-3.349461894232088177e+00,-3.355681572753128172e+00,-3.362419392090016945e+00,-3.369939263734152757e+00,-3.378315040039222783e+00,-3.387145906165054843e+00,-3.395618271676931421e+00,-3.402861652096746070e+00,-3.408355411280784786e+00,-3.412266472135804474e+00,-3.415121096970507253e+00,-3.417337055861132900e+00
-5.397287274965997916e+00,-5.394211447196999742e+00,-5.390614387167044441e+00,-5.386387282841404556e+00,-5.381394801513332382e+00,-5.375468398980120632e+00,-5.368398356099822522e+00,-5.359924752890350419e+00,-5.349728026159150218e+00,-5.337420396484943375e+00,-5.322540155106225690e+00,-5.304551135552156182e+00,-5.282848894387718985e+00,-5.256772480362611688e+00,-5.225616454739482997e+00,-5.188634019233090200e+00,-5.145021421061486855e+00,-5.093876944915378679e+00,-5.034131962705650665e+00,-4.964452467267427060e+00,-4.883104852007996932e+00,-4.787769092040565333e+00,-4.675264883692471507e+00,-4.541126285152842890e+00,-4.378903365929641467e+00,-4.178950105481428423e+00,-3.926186815317686207e+00,-3.595651752549826607e+00,-3.142784670887585285e+00,-3.175026598102065112e+00,-3.239925535858254158e+00,-3.275400924797743585e+00,-3.297497436403560300e+00,-3.312420297453023466e+00,-3.323117006597815948e+00,-3.331223371879687978e+00,-3.337788302049368827e+00,-3.343581322225222863e+00,-3.349213122642306750e+00,-3.355155589936113181e+00,-3.361763943157984436e+00,-3.369403319613687664e+00,-3.378354090953705757e+00,-3.388127886366584018e+00,-3.397587322759839878e+00,-3.405521877460237601e+00,-3.411098131555613922e+00,-3.414714992377744895e+00,-3.417257135747639119e+00,-3.419235293741292203e+00
-5.398483161208318393e+00,-5.395729002786884720e+00,-5.392498641181079577e+00,-5.388688895777919541e+00,-5.384169971683332889e+00,-5.378778129101692507e+00,-5.372306678994432261e+00,-5.364495402571325400e+00,-5.355019020699014476e+00,-5.343476236239858679e+00,-5.329382063386543855e+00,-5.312167121796595559e+00,-5.291187106629148040e+00,-5.265742263653443445e+00,-5.235100280316459020e+00,-5.198509681571655605e+00,-5.155189776891758058e+00,-5.104289266362937560e+00,-5.044813802500313749e+00,-4.975525787985381143e+00,-4.894814578456997189e+00,-4.800523818505232576e+00,-4.689706107780311939e+00,-4.558249891193397296e+00,-4.400277711487271759e+00,-4.207121735811156782e+00,-3.965476283254671497e+00,-3.653831984148267598e+00,-3.234981222120212330e+00,-3.177407693640418529e+00,-3.243402497272088958e+00,-3.278781959488854536e+00,-3.300500592768441877e+00,-3.314954656042647496e+00,-3.325133492344411135e+00,-3.332681586551359487e+00,-3.338661563860250592e+00,-3.343883960547356260e+00,-3.349032264445945373e+00,-3.354638218009809769e+00,-3.361034365725646289e+00,-3.368637712594926281e+00,-3.378211763713080185e+00,-3.389125347690844059e+00,-3.399758256395537526e+00,-3.408598833118088312e+00,-3.414095054319700839e+00,-3.417193143499881902e+00,-3.419357093540183357e+00,-3.421093948623718184e+00
-5.399551237617679966e+00,-5.397114744117999408e+00,-5.394249135593637945e+00,-5.390857921688576582e+00,-5.386818251025382587e+00,-5.381972972138698630e+00,-5.376120535084901952e+00,-5.369002623160932686e+00,-5.360289986171894228e+00,-5.349568113791779211e+00,-5.336326235629676340e+00,-5.319955163310618573e+00,-5.299759938629365230e+00,-5.274989216486503985e+00,-5.244873428641378510e+00,-5.208652750097321871e+00,-5.165573756613767387e+00,-5.114844853749275444e+00,-5.055555694821816992e+00,-4.986571341705153593e+00,-4.906404653011716910e+00,-4.813056338572586412e+00,-4.703795801242357300e+00,-4.574834678690075762e+00,-4.420808752526896868e+00,-4.233911379804540687e+00,-4.002364721201111308e+00,-3.707550188882293263e+00,-3.318190817568075435e+00,-3.180440514909798289e+00,-3.247487408077217363e+00,-3.282711256508125341e+00,-3.304014025091342344e+00,-3.317973141816484617e+00,-3.327606710735984130e+00,-3.334553698159171464e+00,-3.339877090173305696e+00,-3.344427781294104562e+00,-3.348998179720160895e+00,-3.354242087103001424e+00,-3.360420334081513971e+00,-3.367704374650068111e+00,-3.377962997418593183e+00,-3.390188530297482572e+00,-3.401999608500451355e+00,-3.412144637736516994e+00,-3.417168668116956187e+00,-3.419523927381985740e+00,-3.421332932618841305e+00,-3.422871199133100006e+00
-5.400472246238933849e+00,-5.398346257910083601e+00,-5.395839831287341681e+00,-5.392864246853354082e+00,-5.389305111698886819e+00,-5.385013905900410514e+00,-5.379796818292841287e+00,-5.373400434133854375e+00,-5.365494387343785476e+00,-5.355652472070118186e+00,-5.343336353870528299e+00,-5.327889725088583717e+00,-5.308553236303357181e+00,-5.284506496160731537e+00,-5.254928271906177173e+00,-5.219046066431727304e+00,-5.176141192024496185e+00,-5.125496087905585085e+00,-5.066298309523096677e+00,-4.997524016778086775e+00,-4.917810724979116088e+00,-4.825309704942509548e+00,-4.717491780245822497e+00,-4.590863217204981694e+00,-4.440520593701977603e+00,-4.259417679432082160e+00,-4.037098111418721658e+00,-3.757378175762132955e+00,-3.393804920421179094e+00,-3.184222252820358090e+00,-3.252256437861307248e+00,-3.287259494487136724e+00,-3.308113502222136848e+00,-3.321563939403864296e+00,-3.330642615080838365e+00,-3.336964895196451675e+00,-3.341570737882157527e+00,-3.345334075622636849e+00,-3.349198439105170788e+00,-3.354093715494962602e+00,-3.360288117160172838e+00,-3.367144005243059457e+00,-3.378172536244759883e+00,-3.391474887901757995e+00,-3.403934779872903160e+00,-3.415554922625603673e+00,-3.419597758947447108e+00,-3.421470242880753521e+00,-3.423105780290378597e+00,-3.424536650584153907e+00
-5.401226707054319398e+00,-5.399400598312480426e+00,-5.397243692916655178e+00,-5.394676086677792526e+00,-5.391593402751709618e+00,-5.387857995020672419e+00,-5.383286864962215645e+00,-5.377635398250329324e+00,-5.370576400578339182e+00,-5.361675329935890133e+00,-5.350366063159254004e+00,-5.335937635451864836e+00,-5.317548903332811605e+00,-5.294286099529511347e+00,-5.265255609287325278e+00,-5.229667097175574320e+00,-5.186849490378174998e+00,-5.136181117775239002e+00,-5.076966635356014557e+00,-5.008303612209188849e+00,-4.928955036977770376e+00,-4.837215381153215255e+00,-4.730741435123278826e+00,-4.606307370675260415e+00,-4.459423656450519857e+00,-4.283717095740460223e+00,-4.069878719627505248e+00,-3.803786785915833857e+00,-3.462942243210319404e+00,-3.188855591539559775e+00,-3.257785023495563426e+00,-3.292495072153061475e+00,-3.312873309097193797e+00,-3.325817059179523305e+00,-3.334356390836286099e+00,-3.340063625619600352e+00,-3.343922335259341683e+00,-3.346778239472472993e+00,-3.349729094551843644e+00,-3.354264989498480620e+00,-3.360995432578708364e+00,-3.369019848375094384e+00,-3.380202333617607025e+00,-3.393197091754867500e+00,-3.405316183843372535e+00,-3.415541411315892173e+00,-3.420593962341889949e+00,-3.422921247913322418e+00,-3.424651808326901747e+00,-3.426084483834696659e+00
-5.401795179801834657e+00,-5.400254590394006904e+00,-5.398433025293795318e+00,-5.396260328534402184e+00,-5.393643640745206191e+00,-5.390458517311415676e+00,-5.386536227014139477e+00,-5.381645768629901738e+00,-5.375469134017978767e+00,-5.367569436645653447e+00,-5.357355414755557099e+00,-5.344054861669603973e+00,-5.326723194589088273e+00,-5.304318671803551766e+00,-5.275844315593672285e+00,-5.240485710075005521e+00,-5.197641545124009888e+00,-5.146819283150100510e+00,-5.087466250566580861e+00,-5.018812529829761893e+00,-4.939745472419814654e+00,-4.848693307935648455e+00,-4.743482480301026705e+00,-4.621129542927985057e+00,-4.477516506483494751e+00,-4.306866984611468219e+00,-4.100871687285467360e+00,-3.847163687435035229e+00,-3.526507280809298539e+00,-3.194447223057211183e+00,-3.264144613127817340e+00,-3.298479766988908768e+00,-3.318360604854522222e+00,-3.330817092123059542e+00,-3.338863923588800908e+00,-3.344015045825785570e+00,-3.347164022606643030e+00,-3.349038952162792349e+00,-3.350746441830319888e+00,-3.354719546331817792e+00,-3.362574495199956548e+00,-3.372242886630166137e+00,-3.383440996656684963e+00,-3.395443643753101703e+00,-3.406577300329396429e+00,-3.415562033196528624e+00,-3.421047442658987858e+00,-3.424040274360231173e+00,-3.426024839490103613e+00,-3.427538382073656464e+00
-5.402158572243582313e+00,-5.400885204267442674e+00,-5.399379915148721842e+00,-5.397583027472029116e+00,-5.395414512427333165e+00,-5.392765362250064420e+00,-5.389484745277227873e+00,-5.385360859691173729e+00,-5.380092775448312103e+00,-5.373250745605719025e+00,-5.364225848102226912e+00,-5.352181457408568654e+00,-5.336043826974405491e+00,-5.314593174524484986e+00,-5.286680730670036077e+00,-5.251460449706697453e+00,-5.208439428906524782e+00,-5.157304795169380007e+00,-5.097678854470482079e+00,-5.028933550054205170e+00,-4.950075113539864624e+00,-4.859652596787588763e+00,-4.755644278711332440e+00,-4.635284369869483889e+00,-4.494787949850213238e+00,-4.328908635062985510e+00,-4.130210800301219010e+00,-3.887827648973317007e+00,-3.585234015979452238e+00,-3.201106284506961330e+00,-3.271399020816622372e+00,-3.305263749248774197e+00,-3.324628540763189033e+00,-3.336633334707125975e+00,-3.344267414710444086e+00,-3.348981685501183581e+00,-3.351567183365134817e+00,-3.352560062057169166e+00,-3.352696547333030352e+00,-3.355353865458414742e+00,-3.365147192500601125e+00,-3.376140888678796248e+00,-3.387233257951782761e+00,-3.398225240371936628e+00,-3.408215673029359571e+00,-3.416255565453025334e+00,-3.421718855488362632e+00,-3.425100931079097855e+00,-3.427327854130554297e+00,-3.428943838488058393e+00
-5.402298490714995793e+00,-5.401269997796848799e+00,-5.400056782120970844e+00,-5.398610072066714949e+00,-5.396863633806551874e+00,-5.394725795028019633e+00,-5.392067093154473412e+00,-5.388700901877686356e+00,-5.384352955981624334e+00,-5.378614290283525001e+00,-5.370873196328549426e+00,-5.360233477740997898e+00,-5.345464848030892391e+00,-5.325096259982739610e+00,-5.297747516757378428e+00,-5.262532008543698403e+00,-5.219134494538365310e+00,-5.167498162048640431e+00,-5.107457284345325199e+00,-5.038528166341656345e+00,-4.959822729965306820e+00,-4.869993126950225459e+00,-4.767149890864390116e+00,-4.648720929643897826e+00,-4.511219440290941129e+00,-4.349870349258007529e+00,-4.158003702952329128e+00,-3.926040321907946939e+00,-3.639719388614112816e+00,-3.276818055961872034e+00,-3.279600748912519403e+00,-3.312880470920605447e+00,-3.331708915800059234e+00,-3.343308408979594581e+00,-3.350636281551051976e+00,-3.355088923788095645e+00,-3.357380685772138662e+00,-3.357905836128925348e+00,-3.356935089232633285e+00,-3.356461098303278323e+00,-3.369582595097625699e+00,-3.381051803957427548e+00,-3.391649147126420960e+00,-3.401582154397575053e+00,-3.410429636242777729e+00,-3.417611022490860240e+00,-3.422809173377681535e+00,-3.426300400709407334e+00,-3.428664306928079775e+00,-3.430353104846233236e+00
-5.402197624648866103e+00,-5.401387619536699880e+00,-5.400437033688177735e+00,-5.399308025594158345e+00,-5.397948597296116979e+00,-5.396285675580879904e+00,-5.394213990305543938e+00,-5.391577753098047765e+00,-5.388139873858666107e+00,-5.383529900354495190e+00,-5.377158268297088206e+00,-5.368089849958566973e+00,-5.354917019866915595e+00,-5.335810990689704880e+00,-5.309021343934187342e+00,-5.273611203116563395e+00,-5.229571703611777700e+00,-5.177215062611582042e+00,-5.116620756487421318e+00,-5.047436308564944518e+00,-4.968854764703804605e+00,-4.879608344335664150e+00,-4.777918969675075900e+00,-4.661385499274238065e+00,-4.526787796063908687e+00,-4.369770590544595379e+00,-4.184336726389370931e+00,-3.962016245748290810e+00,-3.690449641472582698e+00,-3.350842864248616770e+00,-3.288787762000517922e+00,-3.321342154845012828e+00,-3.339605579982936945e+00,-3.350847622730116715e+00,-3.357987912567909738e+00,-3.362384330381136710e+00,-3.364724829237838222e+00,-3.365422307190626405e+00,-3.365043257357578810e+00,-3.367008070734384795e+00,-3.376837446698043532e+00,-3.387257656836790698e+00,-3.396816731312405580e+00,-3.405551853094561654e+00,-3.413248711129413859e+00,-3.419570658690234577e+00,-3.424345320865171960e+00,-3.427735230810183165e+00,-3.430109061291020556e+00,-3.431811788925353213e+00
-5.401840152241652149e+00,-5.401218356065618842e+00,-5.400495806636847362e+00,-5.399645129044554182e+00,-5.398628312580269650e+00,-5.397391194109044221e+00,-5.395854282063427654e+00,-5.393896935317540553e+00,-5.391329069596086043e+00,-5.387838912086053256e+00,-5.382895161508544746e+00,-5.375571057643124817e+00,-5.364288688137248684e+00,-5.346713949612426298e+00,-5.320467735517219410e+00,-5.284555641979775231e+00,-5.239525071586735194e+00,-5.186213315033111115e+00,-5.124952026892977131e+00,-5.055478728535262256e+00,-4.977029480971945752e+00,-4.888389518302460601e+00,-4.787871548350643103e+00,-4.673224819399889540e+00,-4.541468169520781473e+00,-4.388621171698997792e+00,-4.209279413572559747e+00,-3.995931546371669807e+00,-3.737821634352277655e+00,-3.418961174199544484e+00,-3.298981265429977494e+00,-3.330636689898909264e+00,-3.348289950807216808e+00,-3.359211780904365785e+00,-3.366274862062617501e+00,-3.370811032618352243e+00,-3.373517151978159490e+00,-3.374901156699334326e+00,-3.375874026636494829e+00,-3.379013358627743990e+00,-3.386241689581852121e+00,-3.394696512299788971e+00,-3.402750295261491864e+00,-3.410121219516801805e+00,-3.416629850029574200e+00,-3.422059360628879610e+00,-3.426297992536653236e+00,-3.429435099878014093e+00,-3.431703162600147738e+00,-3.433351746792566939e+00
-5.401212150005275880e+00,-5.400744699943435201e+00,-5.400210763583134899e+00,-5.399592427958547880e+00,-5.398864606033255242e+00,-5.397991123492357879e+00,-5.396918012362911021e+00,-5.395561471496301387e+00,-5.393785089336796901e+00,-5.391354222575406752e+00,-5.387839433676330891e+00,-5.382405750763902041e+00,-5.373385239029404126e+00,-5.357767828470005433e+00,-5.332028084798943190e+00,-5.295122117629129654e+00,-5.248661204445495443e+00,-5.194181205925262113e+00,-5.132199634026336277e+00,-5.062463694531900593e+00,-4.984203870162156491e+00,-4.896231559829603341e+00,-4.796932639032988277e+00,-4.684189738939223524e+00,-4.555237151744305102e+00,-4.406430404312372318e+00,-4.232888748325946082e+00,-4.027931604855729653e+00,-3.782160491455862417e+00,-3.481895278541825789e+00,-3.310185025788951574e+00,-3.340726644613339236e+00,-3.357699759053968336e+00,-3.368315475492371647e+00,-3.375383064665232968e+00,-3.380209646505863752e+00,-3.383500410773459866e+00,-3.385792157670633351e+00,-3.387902375300234858e+00,-3.391284169654896097e+00,-3.396706950982052220e+00,-3.403057529534106340e+00,-3.409340633227377459e+00,-3.415214683514783633e+00,-3.420490594634961301e+00,-3.424990658841250202e+00,-3.428613762044725011e+00,-3.431391174429634372e+00,-3.433459726650720967e+00,-3.434989677429075350e+00
-5.400301985270814065e+00,-5.399951907268357054e+00,-5.399562898836722802e+00,-5.399124957403143910e+00,-5.398623990593401700e+00,-5.398039491891561070e+00,-5.397340457953799131e+00,-5.396477809490548339e+00,-5.395369356861511534e+00,-5.393867499813108424e+00,-5.391682937925573960e+00,-5.388184769702558441e+00,-5.381838501366816629e+00,-5.368898630160476415e+00,-5.343580896203863340e+00,-5.304866533124998007e+00,-5.256493564758152992e+00,-5.200735958257381775e+00,-5.138089951756982465e+00,-5.068199572738706138e+00,-4.990243552602531274e+00,-4.903040209701943652e+00,-4.805037377575830604e+00,-4.694239008628711574e+00,-4.568075836037961857e+00,-4.423206088183369467e+00,-4.255213039355286497e+00,-4.058137830333892637e+00,-3.823734426357308092e+00,-3.540230334445432447e+00,-3.322386662477184061e+00,-3.351550857207012957e+00,-3.367741573328348448e+00,-3.378031378694662301e+00,-3.385140674163828134e+00,-3.390342599666462231e+00,-3.394329464955658349e+00,-3.397569300870413311e+00,-3.400536935761241164e+00,-3.403808134919132034e+00,-3.407699725401695634e+00,-3.411999044016030602e+00,-3.416401733916747396e+00,-3.420705551388000476e+00,-3.424722252473590522e+00,-3.428269450743667512e+00,-3.431226763210876385e+00,-3.433572895350228027e+00,-3.435371923173340392e+00,-3.436728949025411595e+00
-5.399100668492976318e+00,-5.398828508637019574e+00,-5.398537296279229736e+00,-5.398222893712687487e+00,-5.397879461644206067e+00,-5.397498456750053464e+00,-5.397066836364418307e+00,-5.396563638671446839e+00,-5.395952949324934522e+00,-5.395167951736984158e+00,-5.394069819381510200e+00,-5.392321877444183897e+00,-5.388906119469772271e+00,-5.379902894733412211e+00,-5.354793682937784460e+00,-5.312944755090705407e+00,-5.262353581731670005e+00,-5.205448990951928145e+00,-5.142353918752926134e+00,-5.072513799295772507e+00,-4.995035122705788311e+00,-4.908739982171107741e+00,-4.812136243142098202e+00,-4.703342896755081881e+00,-4.579972620054111765e+00,-4.438958193711173728e+00,-4.276295374935119575e+00,-4.086653572469850282e+00,-3.862767230619550407e+00,-3.594445279322894482e+00,-3.335561151670388025e+00,-3.363028709063462962e+00,-3.378297011104601566e+00,-3.388199713756305353e+00,-3.395333559864791351e+00,-3.400922778118015799e+00,-3.405631081891740575e+00,-3.409815641116370255e+00,-3.413539601508246868e+00,-3.416589499203994240e+00,-3.418976143127039791e+00,-3.421223253993467051e+00,-3.423711490457960416e+00,-3.426433711026118267e+00,-3.429199332858627436e+00,-3.431795167560611315e+00,-3.434064836222594508e+00,-3.435937806954553864e+00,-3.437419884802536796e+00,-3.438562642047616524e+00
-5.397602142086573629e+00,-5.397366735611616839e+00,-5.397123775969594028e+00,-5.396872564646373327e+00,-5.396612129307623462e+00,-5.396341044146910626e+00,-5.396057098820349118e+00,-5.395756649887299972e+00,-5.395433245638196595e+00,-5.395074385684090146e+00,-5.394652677318626743e+00,-5.394095811047563416e+00,-5.393140009401859558e+00,-5.389843356339947711e+00,-5.364322910564826685e+00,-5.317852110785619146e+00,-5.265458028951539582e+00,-5.207916899250546017e+00,-5.144769290468440559e+00,-5.075276284721693898e+00,-4.998499281742043721e+00,-4.913281796872763785e+00,-4.818199708095878719e+00,-4.711486240735005104e+00,-4.590925510197850556e+00,-4.453701086705445178e+00,-4.296176553311668478e+00,-4.113569156749781186e+00,-3.899448689057929851e+00,-3.644937637930682595e+00,-3.349676543498927739e+00,-3.375066813157545642e+00,-3.389232027501859257e+00,-3.398641546671329117e+00,-3.405723952847257152e+00,-3.411636285657896117e+00,-3.417014424680778095e+00,-3.422142429518092666e+00,-3.426735376941957067e+00,-3.429633288783564993e+00,-3.430348483360758927e+00,-3.430439074127752175e+00,-3.431026899908791172e+00,-3.432221447582270990e+00,-3.433788884922670537e+00,-3.435466151161683079e+00,-3.437054131336263918e+00,-3.438437881452706790e+00,-3.439576080255273283e+00,-3.440476721194092757e+00
-5.395803484914510229e+00,-5.395562827608088696e+00,-5.395317368508166567e+00,-5.395067208031158579e+00,-5.394812480820593947e+00,-5.394553349575496703e+00,-5.394289984561011941e+00,-5.394022510172009177e+00,-5.393750871432136051e+00,-5.393474486614984187e+00,-5.393191237811351790e+00,-5.392893876189998714e+00,-5.392551250132576968e+00,-5.391841915559284715e+00,-5.365872398400387766e+00,-5.317728107713288743e+00,-5.265176125269634078e+00,-5.207875528839279511e+00,-5.145209570024562140e+00,-5.076422012085875402e+00,-5.000602072848638002e+00,-4.916648935362072592e+00,-4.823221609434214407e+00,-4.718670553586407301e+00,-4.600943714105011573e+00,-4.467455166776141517e+00,-4.314897407326087730e+00,-4.138966014336277865e+00,-3.933943073289214887e+00,-3.692043195611017570e+00,-3.402340166429998369e+00,-3.387567496315457838e+00,-3.400408299064879181e+00,-3.409174583215686560e+00,-3.416071365110098235e+00,-3.422163442924879728e+00,-3.428063254876000165e+00,-3.434074355104497211e+00,-3.439836444268340454e+00,-3.442939576515581912e+00,-3.441517882143067197e+00,-3.439296083934916926e+00,-3.438088140239552892e+00,-3.437887982979275669e+00,-3.438360436798779229e+00,-3.439185025557349284e+00,-3.440123271865151100e+00,-3.441024064450043163e+00,-3.441809418030409962e+00,-3.442452885101444870e+00
-5.393705016468122615e+00,-5.393417191739811045e+00,-5.393118567998393509e+00,-5.392807386848548212e+00,-5.392481091514436997e+00,-5.392135820262873303e+00,-5.391765484542828446e+00,-5.391359985110095288e+00,-5.390901479151724018e+00,-5.390355726624129318e+00,-5.389649036012490235e+00,-5.388593358598447125e+00,-5.386557414956629763e+00,-5.380261268172524147e+00,-5.355419078476435502e+00,-5.312082470890105768e+00,-5.261404820573631014e+00,-5.205305037092786691e+00,-5.143680241366705985e+00,-5.075965500271232500e+00,-5.001361240706152067e+00,-4.918860022531927001e+00,-4.827220639191990514e+00,-4.724914891558505303e+00,-4.610048370300927623e+00,-4.480247835845476700e+00,-4.332500475174459353e+00,-4.162919898715044198e+00,-3.966395838218081504e+00,-3.736051228851202222e+00,-3.462364737887424493e+00,-3.400438156806378842e+00,-3.411695393532665044e+00,-3.419630011831607419e+00,-3.426156007452501484e+00,-3.432208337871933690e+00,-3.438355582690038492e+00,-3.444968994010720209e+00,-3.452072220105642852e+00,-3.456483215521877206e+00,-3.451793403893546497e+00,-3.447349386711449082e+00,-3.444636559254203867e+00,-3.443267043743689637e+00,-3.442796644803103767e+00,-3.442864468400512301e+00,-3.443207197970668876e+00,-3.443649764238034372e+00,-3.444088379956179224e+00,-3.444470951103389300e+00
-5.391310291809083388e+00,-5.390934399922144848e+00,-5.390533334827614986e+00,-5.390101005314984484e+00,-5.389628671126213355e+00,-5.389103370917357694e+00,-5.388505123088113358e+00,-5.387801644374311749e+00,-5.386937650027153524e+00,-5.385811165066749950e+00,-5.384214878997737763e+00,-5.381669408178682446e+00,-5.376874575429474667e+00,-5.365947319595401943e+00,-5.341419144575186628e+00,-5.302500903127853604e+00,-5.254664670749391142e+00,-5.200449060183236050e+00,-5.140322974264647904e+00,-5.074001265320518428e+00,-5.000845670498588191e+00,-4.919968248700282487e+00,-4.830239635714733915e+00,-4.730255351041554590e+00,-4.618272360612937000e+00,-4.492113775384889429e+00,-4.349031015093221875e+00,-4.185503221294273324e+00,-3.996938672261987069e+00,-3.777215895162040038e+00,-3.517949922121689443e+00,-3.413600387723139562e+00,-3.422982126266703062e+00,-3.429868245656587433e+00,-3.435802709144156530e+00,-3.441539944360303860e+00,-3.447544661667404142e+00,-3.454142952064622740e+00,-3.461537207839558317e+00,-3.467557321126975456e+00,-3.459834449149073787e+00,-3.454157300626010674e+00,-3.450462997412687915e+00,-3.448228495285478257e+00,-3.447003696452655142e+00,-3.446432506987290978e+00,-3.446250423162996679e+00,-3.446273508793217477e+00,-3.446383370816654690e+00,-3.446510750599718786e+00
